ID,Case Number,Date,Block,IUCR,Primary Type,Description,Location Description,Arrest,Domestic,Beat,District,Ward,Community Area,FBI Code,X Coordinate,Y Coordinate,Updated On,Latitude,Longitude
,HN616442,11/13/2001 02:00:00 PM,005XX N PINE AVE,0840,THEFT,FINANCIAL ID THEFT: OVER $300,APARTMENT,false,false,1523,,37,,06,1139469,1903270,,41.890681807,-87.76325783
,G684144,11/13/2001 08:05:00 PM,009XX W 53 PLACE,0110,HOMICIDE,FIRST DEGREE MURDER,AUTO,false,false,0934,,,,01A,1170893,1869316,,41.796878199,-87.648847457
,G684456,11/13/2001 10:45:00 PM,073XX S PHILLIPS AVE,0110,HOMICIDE,FIRST DEGREE MURDER,STREET,true,false,0334,,7,,01A,1193921,1856721,,41.761782474,-87.564815341
,G682484,11/13/2001 12:00:00 AM,054XX N EAST RIVER RD,2820,OTHER OFFENSE,TELEPHONE THREAT,RESIDENCE,false,true,1614,,,,26,1116672,1934814,,41.977628079,-87.846323529
,G682522,11/13/2001 02:38:00 AM,017XX W TAYLOR ST,4387,OTHER OFFENSE,VIOLATE ORDER OF PROTECTION,HOSPITAL BUILDING/GROUNDS,true,true,1224,,,,26,1164758,1895663,,41.869308972,-87.670599789
,G682515,11/13/2001 02:25:00 AM,092XX S HARPER AV,2825,OTHER OFFENSE,HARASSMENT BY TELEPHONE,RESIDENCE,false,false,0413,,,,26,1188019,1844085,,41.727250719,-87.58684821
,G682551,11/13/2001 02:10:00 AM,027XX S DEARBORN ST,2825,OTHER OFFENSE,HARASSMENT BY TELEPHONE,RESIDENCE,false,false,2113,,,,26,1176392,1886408,,41.8436582,-87.628167735
,G682574,11/13/2001 04:45:00 AM,112XX S HOMEWOOD AV,2825,OTHER OFFENSE,HARASSMENT BY TELEPHONE,RESIDENCE,false,false,2212,,,,26,1165382,1830159,,41.689544279,-87.670163528
,G682577,11/13/2001 05:00:00 AM,069XX S PEORIA ST,2820,OTHER OFFENSE,TELEPHONE THREAT,RESIDENCE,false,false,0733,,,,26,1171550,1858543,,41.767301464,-87.646753613
,G682618,11/13/2001 03:00:00 AM,077XX S EAST END AV,1320,CRIMINAL DAMAGE,TO VEHICLE,STREET,false,false,0414,,,,14,1188916,1854125,,41.754780059,-87.583241854
,G682489,11/13/2001 01:15:00 AM,008XX W BELMONT AV,3710,INTERFERENCE WITH PUBLIC OFFICER,RESIST/OBSTRUCT/DISARM OFFICER,SIDEWALK,true,false,2332,,,,24,1170218,1921497,,41.940081559,-87.649799067
,G682625,11/13/2001 12:00:00 AM,009XX W LAKESIDE PL,0820,THEFT,$500 AND UNDER,PARKING LOT/GARAGE(NON.RESID.),false,false,2312,,,,06,1169271,1931782,,41.968324643,-87.652979481
,G682573,11/13/2001 04:10:00 AM,047XX N SHERIDAN RD,0312,ROBBERY,ARMED:KNIFE/CUTTING INSTRUMENT,RESIDENCE PORCH/HALLWAY,false,false,2312,,,,03,1168816,1931572,,41.967758299,-87.654658597
,G682610,11/13/2001 06:00:00 AM,002XX N CLARK ST,0820,THEFT,$500 AND UNDER,COMMERCIAL / BUSINESS OFFICE,false,false,0113,,,,06,1175457,1901885,,41.886149136,-87.631134384
,G682508,11/13/2001 02:10:00 AM,032XX W 25 ST,0430,BATTERY,AGGRAVATED: OTHER DANG WEAPON,STREET,false,false,1024,,,,04B,1155160,1887171,,41.846203911,-87.706064432
,G682639,11/13/2001 05:00:00 AM,014XX E 69 ST,2825,OTHER OFFENSE,HARASSMENT BY TELEPHONE,RESIDENCE,false,false,0332,,,,26,1187382,1859578,,41.769780146,-87.588690444
,G682614,11/13/2001 12:30:00 AM,106XX S CALUMET AV,0910,MOTOR VEHICLE THEFT,AUTOMOBILE,STREET,true,false,0512,,,,07,1180503,1834494,,41.701107341,-87.61467336
,G682640,11/13/2001 12:05:00 AM,050XX W WEST END AV,1320,CRIMINAL DAMAGE,TO VEHICLE,STREET,false,false,1532,,,,14,1142431,1900545,,41.88314956,-87.75244752
,G682647,11/13/2001 02:15:00 AM,016XX N TALMAN AV,2820,OTHER OFFENSE,TELEPHONE THREAT,RESIDENCE,false,false,1421,,,,26,1158400,1911147,,41.911930779,-87.693517826
,G682652,11/13/2001 02:00:00 AM,074XX N PAULINA ST,0820,THEFT,$500 AND UNDER,STREET,false,false,2422,,,,06,1163793,1949113,,42.015999017,-87.672630059
,G682592,11/13/2001 05:35:00 AM,034XX N HALSTED ST,0820,THEFT,$500 AND UNDER,GROCERY FOOD STORE,true,false,2331,,,,06,1170360,1922872,,41.943851506,-87.649236845
,G682428,11/13/2001 12:18:47 AM,082XX S BRANDON AV,041A,BATTERY,AGGRAVATED: HANDGUN,SIDEWALK,false,false,0424,,,,04B,1198868,1851155,,41.746386285,-87.546870954
,G682520,11/13/2001 02:37:00 AM,083XX S BRANDON AV,1320,CRIMINAL DAMAGE,TO VEHICLE,VACANT LOT/LAND,false,false,0424,,,,14,1198979,1849944,,41.74306043,-87.546504809
,G682530,11/13/2001 02:40:00 AM,101XX S AVENUE N,1310,CRIMINAL DAMAGE,TO PROPERTY,RESIDENCE,false,false,0432,,,,14,1201200,1838316,,41.711096315,-87.538760454
,G682488,11/13/2001 12:45:00 AM,065XX S WESTERN AV,1235,DECEPTIVE PRACTICE,UNLAWFUL USE OF RECORDED SOUND,RESTAURANT,true,false,0832,,,,11,1161455,1861310,,41.775109673,-87.683679569
,G682675,11/13/2001 06:00:00 AM,001XX N DESPLAINES ST,0460,BATTERY,SIMPLE,OTHER,false,false,0111,,,,08B,1171869,1901012,,41.883833378,-87.644335961
,G682466,11/13/2001 12:43:31 AM,111XX S CORLISS AV,1310,CRIMINAL DAMAGE,TO PROPERTY,GAS STATION,false,false,0531,,,,14,1184333,1831520,,41.692857744,-87.600741978
,G682583,11/13/2001 04:51:45 AM,023XX W 59 ST,0420,BATTERY,AGGRAVATED:KNIFE/CUTTING INSTR,STREET,false,false,0825,,,,04B,1161475,1865425,,41.78640138,-87.683492249
,G682609,11/13/2001 12:09:00 AM,082XX S KEDZIE AV,0620,BURGLARY,UNLAWFUL ENTRY,GAS STATION,false,false,0834,,,,05,1156435,1850020,,41.744230733,-87.702385928
,G682473,11/13/2001 01:00:00 AM,052XX W NORTH AV,031A,ROBBERY,ARMED: HANDGUN,RESTAURANT,false,false,2532,,,,03,1140823,1910086,,41.909360921,-87.758117375
,G682523,11/13/2001 02:40:00 AM,017XX W AUGUSTA BL,1330,CRIMINAL TRESPASS,TO LAND,RESIDENCE-GARAGE,true,false,1322,,,,26,1164322,1906752,,41.899747307,-87.671886669
,G682707,11/13/2001 02:00:00 AM,019XX W PATTERSON AV,1320,CRIMINAL DAMAGE,TO VEHICLE,STREET,false,false,1923,,,,14,1162891,1924216,,41.947699804,-87.676651504
,G682622,11/13/2001 06:56:17 AM,083XX S MERRILL AV,0325,ROBBERY,VEHICULAR HIJACKING,STREET,false,false,0412,,,,03,1191922,1850328,,41.744288318,-87.572348999
,G682776,11/13/2001 12:05:00 AM,024XX S INDIANA AV,0810,THEFT,OVER $500,STREET,false,false,2112,,,,06,1178043,1888441,,41.849199536,-87.622047183
,G682762,11/13/2001 05:00:00 AM,099XX S MORGAN ST,0820,THEFT,$500 AND UNDER,RESIDENCE,false,false,2232,,,,06,1171437,1839097,,41.713941477,-87.647735662
,G682558,11/13/2001 03:30:00 AM,063XX S RICHMOND ST,0460,BATTERY,SIMPLE,RESIDENCE,false,true,0823,,,,08B,1157772,1862173,,41.777553425,-87.697157653
,G682560,11/13/2001 04:10:00 AM,063XX S KARLOV AV,0460,BATTERY,SIMPLE,RESIDENCE,false,true,0813,,,,08B,1150169,1862147,,41.777633042,-87.725031305
,G682498,11/13/2001 02:04:59 AM,0000X E 103 ST,0810,THEFT,OVER $500,RESIDENCE,false,false,0511,,,,06,1178270,1836726,,41.707283101,-87.622782353
,G682463,11/13/2001 12:30:00 AM,037XX W ROOSEVELT RD,0820,THEFT,$500 AND UNDER,GAS STATION,false,false,1011,,,,06,1151531,1894410,,41.866140555,-87.719192715
,G682553,11/13/2001 03:45:00 AM,0000X E HURON ST,0320,ROBBERY,STRONGARM - NO WEAPON,STREET,false,false,1834,,,,03,1176959,1905054,,41.894811174,-87.625522767
,G682594,11/13/2001 05:40:00 AM,008XX N ORLEANS ST,031A,ROBBERY,ARMED: HANDGUN,SIDEWALK,false,false,1823,,,,03,1173821,1905678,,41.896593924,-87.637029057
,G682613,11/13/2001 03:45:00 AM,029XX S LOWE AV,0610,BURGLARY,FORCIBLE ENTRY,RESIDENCE,false,false,0923,,,,05,1172477,1885333,,41.840795619,-87.642566587
,G682494,11/13/2001 01:38:07 AM,0000X E 103 ST,0460,BATTERY,SIMPLE,RESIDENCE,false,true,0511,,,,08B,1178270,1836726,,41.707283101,-87.622782353
,G682578,11/13/2001 04:50:00 AM,014XX S AVERS AV,1310,CRIMINAL DAMAGE,TO PROPERTY,RESIDENCE,false,false,1011,,,,14,1150903,1892861,,41.861902224,-87.721538696
,G682535,11/13/2001 03:00:16 AM,122XX S EGGLESTON AV,0460,BATTERY,SIMPLE,STREET,false,false,0523,,,,08B,1175462,1823870,,41.672067407,-87.633447726
,G682878,11/13/2001 06:45:00 AM,055XX S UNIVERSITY AV,0810,THEFT,OVER $500,STREET,false,false,2133,,,,06,1184693,1868221,,41.793560751,-87.59827619
,G682801,11/13/2001 09:00:00 AM,071XX S SOUTH SHORE DR,2820,OTHER OFFENSE,TELEPHONE THREAT,RESIDENCE,false,true,0334,,,,26,1194426,1858333,,41.766193524,-87.562911583
,G682457,11/13/2001 12:30:00 AM,025XX N WASHTENAW AV,0460,BATTERY,SIMPLE,APARTMENT,true,true,1431,,,,08B,1157986,1916538,,41.926732559,-87.6948913
,G682883,11/13/2001 01:00:00 AM,036XX W 55 ST,5001,OTHER OFFENSE,OTHER CRIME INVOLVING PROPERTY,APARTMENT,false,false,0822,,,,26,1153153,1867935,,41.793457742,-87.713938941
,G682480,11/13/2001 01:00:00 AM,066XX S TROY ST,2820,OTHER OFFENSE,TELEPHONE THREAT,RESIDENCE PORCH/HALLWAY,false,false,0831,,,,26,1156579,1860082,,41.771839545,-87.701587547
,G682929,11/13/2001 10:15:00 AM,017XX W GREENLEAF AV,0820,THEFT,$500 AND UNDER,RESIDENCE PORCH/HALLWAY,false,false,2424,,,,06,1163128,1947031,,42.010300025,-87.675135954
,G682503,11/13/2001 01:33:00 AM,054XX S WESTERN AV,0930,MOTOR VEHICLE THEFT,THEFT/RECOVERY: AUTOMOBILE,STREET,true,false,0911,,,,07,1161403,1868714,,41.795428323,-87.683665112
,G682575,11/13/2001 03:40:00 AM,057XX S STONY ISLAND AV,1220,DECEPTIVE PRACTICE,THEFT OF LOST/MISLAID PROP,STREET,true,false,2132,,,,11,1187812,1867479,,41.791450897,-87.586862863
,G682563,11/13/2001 03:59:14 AM,052XX S NATOMA AV,1330,CRIMINAL TRESPASS,TO LAND,RESIDENCE,true,true,0811,,,,26,1132977,1868988,,41.796722449,-87.787899618
,G682447,11/13/2001 12:25:00 AM,053XX S SHIELDS AV,1310,CRIMINAL DAMAGE,TO PROPERTY,APARTMENT,false,false,0934,,,,14,1174898,1869621,,41.797626701,-87.634151652
,G682994,11/13/2001 01:00:00 AM,043XX W 21 ST,0910,MOTOR VEHICLE THEFT,AUTOMOBILE,STREET,false,false,1012,,,,07,1147903,1889777,,41.853497477,-87.732630517
,G682536,11/13/2001 03:02:57 AM,001XX W BRAYTON ST,1310,CRIMINAL DAMAGE,TO PROPERTY,RESIDENCE,false,false,0523,,,,14,1177918,1821504,,41.665519641,-87.62453001
,G682516,11/13/2001 02:08:00 AM,010XX W 52 ST,0460,BATTERY,SIMPLE,VEHICLE NON-COMMERCIAL,true,false,0934,,,,08B,1170500,1870373,,41.799787301,-87.650257827
,G683074,11/13/2001 09:00:00 AM,003XX W GARFIELD BL,2825,OTHER OFFENSE,HARASSMENT BY TELEPHONE,RESIDENCE,false,true,0934,,,,26,1174956,1868523,,41.794612383,-87.633971717
,G683095,11/13/2001 11:00:00 AM,037XX W 66 ST,0810,THEFT,OVER $500,RESIDENCE,false,false,0833,,,,06,1152808,1860628,,41.773413036,-87.715396599
,G683088,11/13/2001 09:40:00 AM,038XX N ASHLAND AV,0810,THEFT,OVER $500,PARKING LOT/GARAGE(NON.RESID.),false,false,1923,,,,06,1165002,1925791,,41.951977035,-87.668847114
,G683103,11/13/2001 10:00:00 AM,028XX S MICHIGAN AV,0810,THEFT,OVER $500,COMMERCIAL / BUSINESS OFFICE,false,false,2113,,,,06,1177612,1885965,,41.842415001,-87.62370407
,G683094,11/13/2001 11:45:00 AM,112XX S ELLIS AV,2820,OTHER OFFENSE,TELEPHONE THREAT,GOVERNMENT BUILDING/PROPERTY,false,false,0531,,,,26,1183170,1830802,,41.69091452,-87.605022124
,G683134,11/13/2001 10:45:00 AM,091XX S SAGINAW AV,1310,CRIMINAL DAMAGE,TO PROPERTY,RESIDENCE,false,false,0423,,,,14,1195434,1844695,,41.728744946,-87.55966644
,G683137,11/13/2001 03:00:00 AM,072XX S CHAMPLAIN AV,0910,MOTOR VEHICLE THEFT,AUTOMOBILE,STREET,false,false,0323,,,,07,1181786,1856788,,41.762255224,-87.609288791
,G682467,11/13/2001 12:35:00 AM,0000X N CENTRAL AV,0460,BATTERY,SIMPLE,RESIDENCE,false,true,1513,,,,08B,1139005,1899879,,41.881384916,-87.765044362
,G683166,11/13/2001 12:00:00 AM,042XX W ROSCOE ST,1310,CRIMINAL DAMAGE,TO PROPERTY,RESIDENCE-GARAGE,false,false,1731,,,,14,1147493,1922224,,41.942543366,-87.733302455
,G683182,11/13/2001 12:30:00 PM,001XX N LA SALLE ST,0820,THEFT,$500 AND UNDER,SMALL RETAIL STORE,false,false,0113,,,,06,1175065,1901613,,41.885411545,-87.632582039
,G683226,11/13/2001 10:00:00 AM,050XX W JACKSON BL,0910,MOTOR VEHICLE THEFT,AUTOMOBILE,STREET,false,false,1533,,,,07,1143003,1898244,,41.876824688,-87.750404468
,G683277,11/13/2001 01:00:00 PM,013XX N LONG AV,2825,OTHER OFFENSE,HARASSMENT BY TELEPHONE,RESIDENCE,false,false,2532,,,,26,1140079,1908442,,41.904863253,-87.760890845
,G683343,11/13/2001 08:00:00 AM,051XX S WABASH AV,0820,THEFT,$500 AND UNDER,RESIDENCE,false,false,0232,,,,06,1177554,1870634,,41.800346774,-87.624381125
,G683366,11/13/2001 12:00:00 PM,043XX W BELMONT AV,0810,THEFT,OVER $500,OTHER,false,false,1731,,,,06,1146634,1920955,,41.939077576,-87.736492183
,G682422,11/13/2001 12:15:52 AM,012XX N CENTRAL AV,0330,ROBBERY,AGGRAVATED,GAS STATION,false,false,2532,,,,03,1138828,1907459,,41.9021886,-87.765510113
,G682459,11/13/2001 12:32:37 AM,017XX N MC VICKER AV,0610,BURGLARY,FORCIBLE ENTRY,APARTMENT,false,false,2513,,,,05,1135761,1911139,,41.912342127,-87.776688122
,G683410,11/13/2001 07:20:00 AM,014XX N LAKE SHORE DR,0810,THEFT,OVER $500,ALLEY,false,false,1824,,,,06,1176769,1910022,,41.908447894,-87.626070149
,G683452,11/13/2001 02:10:00 PM,021XX E 91 ST,0820,THEFT,$500 AND UNDER,STREET,false,false,0413,,,,06,1192256,1845097,,41.729925866,-87.571294921
,G683429,11/13/2001 02:30:00 PM,073XX S UNION AV,2820,OTHER OFFENSE,TELEPHONE THREAT,RESIDENCE,false,false,0732,,,,26,1172951,1855909,,41.760042646,-87.641696001
,G682471,11/13/2001 12:34:22 AM,047XX W NORTH AV,0820,THEFT,$500 AND UNDER,DRUG STORE,true,false,2533,,,,06,1144219,1910247,,41.90973955,-87.745637767
,G683488,11/13/2001 09:55:00 AM,047XX S ELLIS AV,2825,OTHER OFFENSE,HARASSMENT BY TELEPHONE,RESIDENCE,false,true,2124,,,,26,1183757,1873733,,41.808708027,-87.601536305
,G683493,11/13/2001 02:15:00 PM,053XX S DR MARTN LUTHR KING JR DR,0460,BATTERY,SIMPLE,"SCHOOL, PUBLIC, GROUNDS",false,false,0234,,,,08B,1179801,1869357,,41.79679142,-87.616179828
,G683484,11/13/2001 03:00:00 AM,016XX W CHICAGO AV,0810,THEFT,OVER $500,COMMERCIAL / BUSINESS OFFICE,false,false,1324,,,,06,1165418,1905377,,41.89595095,-87.667900237
,G683514,11/13/2001 02:50:00 PM,089XX S THROOP ST,0620,BURGLARY,UNLAWFUL ENTRY,RESIDENCE-GARAGE,false,false,2222,,,,05,1169184,1845584,,41.731791705,-87.655800036
,G683519,11/13/2001 12:00:00 PM,015XX N WELLS ST,1320,CRIMINAL DAMAGE,TO VEHICLE,STREET,false,false,1821,,,,14,1174387,1910396,,41.90952773,-87.634809158
,G682465,11/13/2001 12:53:31 AM,024XX N HARDING AV,0460,BATTERY,SIMPLE,RESIDENCE,false,false,2524,,,,08B,1149676,1916092,,41.925674424,-87.725438661
,G682429,11/13/2001 12:10:31 AM,028XX N MARMORA AV,0460,BATTERY,SIMPLE,RESIDENCE,false,true,2514,,,,08B,1136516,1918555,,41.932679,-87.77373662
,G683540,11/13/2001 09:00:00 AM,004XX E 71 ST,2820,OTHER OFFENSE,TELEPHONE THREAT,RESIDENCE,false,true,0322,,,,26,1180512,1858085,,41.76584366,-87.613918372
,G683557,11/13/2001 01:00:00 AM,072XX S BENNETT AV,0920,MOTOR VEHICLE THEFT,ATT: AUTOMOBILE,STREET,false,false,0324,,,,07,1189915,1857505,,41.764031109,-87.579472322
,G683597,11/13/2001 02:00:00 PM,038XX N WESTERN AV,0810,THEFT,OVER $500,SIDEWALK,false,false,1912,,,,06,1159656,1925229,,41.950546932,-87.688514571
,G683610,11/13/2001 02:40:00 PM,047XX S WINCHESTER AV,0560,ASSAULT,SIMPLE,STREET,false,false,0915,,,,08A,1164107,1873471,,41.808425602,-87.67361555
,G683625,11/13/2001 07:35:00 AM,055XX N WOLCOTT AV,0820,THEFT,$500 AND UNDER,STREET,false,false,2012,,,,06,1162839,1937113,,41.983090837,-87.676479214
,G683607,11/13/2001 12:00:00 PM,021XX E 87 ST,0810,THEFT,OVER $500,STREET,false,false,0412,,,,06,1191700,1847743,,41.737200229,-87.573246075
,G683591,11/13/2001 11:00:00 AM,0000X W WASHINGTON BV,0820,THEFT,$500 AND UNDER,COMMERCIAL / BUSINESS OFFICE,false,false,0113,,,,06,1175684,1900775,,41.883098133,-87.630334189
,G683651,11/13/2001 02:15:00 PM,013XX W THORNDALE AV,1310,CRIMINAL DAMAGE,TO PROPERTY,RESIDENCE,false,false,2013,,,,14,1166353,1939601,,41.9898433,-87.663483927
,G682443,11/13/2001 12:20:00 AM,072XX S ELLIS AV,1310,CRIMINAL DAMAGE,TO PROPERTY,RESIDENCE,false,false,0324,,,,14,1184183,1857264,,41.763505714,-87.6004887
,G683716,11/13/2001 06:00:00 AM,055XX S MOZART ST,0610,BURGLARY,FORCIBLE ENTRY,RESIDENCE-GARAGE,false,false,0824,,,,05,1158362,1867668,,41.792620481,-87.694845101
,G683731,11/13/2001 12:00:00 PM,015XX W PRATT BL,2825,OTHER OFFENSE,HARASSMENT BY TELEPHONE,APARTMENT,false,true,2432,,,,26,1164454,1945207,,42.005266852,-87.67030911
,G683724,11/13/2001 12:00:00 PM,097XX S SANGAMON ST,2825,OTHER OFFENSE,HARASSMENT BY TELEPHONE,RESIDENCE,false,true,2223,,,,26,1171664,1840012,,41.716447409,-87.646877583
,G683702,11/13/2001 12:30:00 PM,002XX S WELLS ST,0910,MOTOR VEHICLE THEFT,AUTOMOBILE,STREET,false,false,0112,,,,07,1174723,1899403,,41.87935483,-87.633904055
,G683653,11/13/2001 08:55:00 AM,020XX W 80 ST,0460,BATTERY,SIMPLE,STREET,false,false,0611,,,,08B,1164386,1851644,,41.748523555,-87.673206793
,G683780,11/13/2001 04:00:00 PM,024XX W 83 ST,2825,OTHER OFFENSE,HARASSMENT BY TELEPHONE,RESIDENCE,false,false,0835,,,,26,1161197,1849566,,41.742887746,-87.684949854
,G683773,11/13/2001 04:00:00 PM,089XX S PHILLIPS AV,1310,CRIMINAL DAMAGE,TO PROPERTY,RESIDENCE,false,false,0423,,,,14,1194088,1846301,,41.733185047,-87.564544499
,G683749,11/13/2001 12:30:00 PM,033XX S LEAVITT ST,1310,CRIMINAL DAMAGE,TO PROPERTY,RESIDENCE,false,false,0913,,,,14,1162273,1882362,,41.83286197,-87.680094337
,G683890,11/13/2001 11:00:00 AM,019XX S RACINE AV,0820,THEFT,$500 AND UNDER,STREET,false,false,1233,,,,06,1168720,1890566,,41.855237526,-87.656201898
,G683904,11/13/2001 11:30:00 AM,018XX E 76 ST,0915,MOTOR VEHICLE THEFT,"TRUCK, BUS, MOTOR HOME",STREET,false,false,0414,,,,07,1189871,1854988,,41.757125305,-87.57971441
,G683924,11/13/2001 12:00:00 AM,048XX W SCHOOL ST,1150,DECEPTIVE PRACTICE,CREDIT CARD FRAUD,RESIDENCE,false,false,1634,,,,11,1143236,1921535,,41.94073339,-87.74896634
,G683936,11/13/2001 05:00:00 PM,070XX S ARTESIAN AV,2820,OTHER OFFENSE,TELEPHONE THREAT,RESIDENCE,false,false,0832,,,,26,1161300,1857809,,41.765505643,-87.684344625
,G683978,11/13/2001 05:00:00 PM,011XX E 87 ST,0820,THEFT,$500 AND UNDER,STREET,false,false,0412,,,,06,1185192,1847484,,41.736644757,-87.597097278
,G683996,11/13/2001 06:30:00 PM,020XX W ESTES AV,0560,ASSAULT,SIMPLE,STREET,false,false,2424,,,,08A,1161707,1947427,,42.01141652,-87.680353205
,G683975,11/13/2001 03:30:00 PM,062XX S COTTAGE GROVE AV,0820,THEFT,$500 AND UNDER,RESIDENCE,false,false,0313,,,,06,1182596,1863773,,41.78140399,-87.606103589
,G684019,11/13/2001 03:00:00 PM,009XX W MONTANA ST,0820,THEFT,$500 AND UNDER,CTA TRAIN,false,false,1933,,,,06,1169715,1916537,,41.926482083,-87.651792656
,G683864,11/13/2001 08:00:00 AM,004XX W BELDEN AV,0820,THEFT,$500 AND UNDER,"SCHOOL, PRIVATE, BUILDING",false,false,1812,,,,06,1173130,1915616,,41.923879651,-87.6392716
,G684065,11/13/2001 02:00:00 PM,012XX S KEELER AV,0820,THEFT,$500 AND UNDER,RESIDENCE PORCH/HALLWAY,false,false,1011,,,,06,1148628,1893743,,41.864366722,-87.729867169
,G684056,11/13/2001 05:40:00 PM,044XX N CENTRAL AV,0910,MOTOR VEHICLE THEFT,AUTOMOBILE,ALLEY,false,false,1622,,,,07,1138163,1929114,,41.961624289,-87.767427774
,G684095,11/13/2001 07:45:00 AM,071XX S WABASH AV,1360,CRIMINAL TRESPASS,TO VEHICLE,VEHICLE NON-COMMERCIAL,false,false,0323,,,,26,1177915,1857920,,41.765450092,-87.623442178
,G684082,11/13/2001 05:00:00 PM,073XX S MORGAN ST,0810,THEFT,OVER $500,RESIDENCE,false,false,0733,,,,06,1170960,1855975,,41.760267454,-87.648991095
,G684058,11/13/2001 06:15:00 PM,117XX S LOWE AV,0820,THEFT,$500 AND UNDER,DRIVEWAY - RESIDENTIAL,false,false,0524,,,,06,1174095,1827148,,41.681093125,-87.638354178
,G684117,11/13/2001 06:45:00 PM,034XX W ADDISON ST,0910,MOTOR VEHICLE THEFT,AUTOMOBILE,PARKING LOT/GARAGE(NON.RESID.),false,false,1732,,,,07,1152615,1923676,,41.946427834,-87.714438076
,G684171,11/13/2001 02:45:00 PM,030XX W ADDISON ST,0460,BATTERY,SIMPLE,STREET,false,false,1733,,,,08B,1155729,1923821,,41.946763453,-87.702988023
,G684186,11/13/2001 07:15:00 AM,071XX W ADDISON ST,1310,CRIMINAL DAMAGE,TO PROPERTY,RESIDENCE PORCH/HALLWAY,false,false,1632,,,,14,1127733,1923052,,41.945172085,-87.805912213
,G684164,11/13/2001 06:45:00 PM,066XX S KOSTNER AV,0910,MOTOR VEHICLE THEFT,AUTOMOBILE,STREET,false,false,0833,,,,07,1148219,1860380,,41.772821733,-87.732225407
,G684286,11/13/2001 05:00:00 PM,057XX S NEVA AV,0620,BURGLARY,UNLAWFUL ENTRY,RESIDENCE,false,false,0811,,,,05,1129648,1865332,,41.786747008,-87.800190848
,G684293,11/13/2001 07:00:00 PM,013XX W 50 ST,0820,THEFT,$500 AND UNDER,RESIDENCE,false,false,0933,,,,06,1168232,1871647,,41.803332457,-87.658538522
,G684266,11/13/2001 01:00:00 PM,054XX N EAST RIVER RD,0810,THEFT,OVER $500,APARTMENT,false,false,1614,,,,06,1116672,1934946,,41.977990303,-87.846320769
,G684336,11/13/2001 08:00:00 PM,060XX S ARCHER AV,0910,MOTOR VEHICLE THEFT,AUTOMOBILE,PARKING LOT/GARAGE(NON.RESID.),false,false,0811,,,,07,1138603,1868342,,41.794849903,-87.767283669
,G684338,11/13/2001 09:00:00 PM,098XX S INGLESIDE AV,1320,CRIMINAL DAMAGE,TO VEHICLE,STREET,false,false,0511,,,,14,1184323,1840155,,41.716553498,-87.600509565
,G684316,11/13/2001 04:20:00 PM,003XX S RIVERSIDE PZ,2820,OTHER OFFENSE,TELEPHONE THREAT,COMMERCIAL / BUSINESS OFFICE,false,true,0111,,,,26,1173496,1898890,,41.877974476,-87.638424609
,G684330,11/13/2001 09:00:00 PM,013XX N CAMPBELL AV,2820,OTHER OFFENSE,TELEPHONE THREAT,RESIDENCE,false,true,1423,,,,26,1159533,1908928,,41.905818402,-87.689416709
,G684177,11/13/2001 06:45:00 PM,011XX W JACKSON BV,2820,OTHER OFFENSE,TELEPHONE THREAT,COMMERCIAL / BUSINESS OFFICE,false,false,1213,,,,26,1168839,1898755,,41.877706221,-87.655527795
,G684362,11/13/2001 12:30:00 PM,001XX W ELM ST,5001,OTHER OFFENSE,OTHER CRIME INVOLVING PROPERTY,STREET,false,false,1824,,,,26,1175114,1908109,,41.903235817,-87.632207172
,G684342,11/13/2001 08:00:00 PM,017XX W TOUHY AV,2830,OTHER OFFENSE,OBSCENE TELEPHONE CALLS,RESIDENCE,false,true,2423,,,,17,1163697,1947936,,42.01277134,-87.673016717
,G684363,11/13/2001 12:30:00 PM,019XX W OHIO ST,2825,OTHER OFFENSE,HARASSMENT BY TELEPHONE,APARTMENT,false,false,1324,,,,26,1163595,1904075,,41.892416765,-87.67463243
,G684379,11/13/2001 09:30:00 AM,015XX E 60 ST,0910,MOTOR VEHICLE THEFT,AUTOMOBILE,PARKING LOT/GARAGE(NON.RESID.),false,false,0314,,,,07,1187707,1865499,,41.786020127,-87.587310868
,G684393,11/13/2001 08:30:00 PM,039XX S STATE ST,0460,BATTERY,SIMPLE,COLLEGE/UNIVERSITY GROUNDS,false,false,0214,,,,08B,1176966,1879111,,41.823621706,-87.62628171
,G684399,11/13/2001 06:00:00 AM,054XX S MENARD AV,0910,MOTOR VEHICLE THEFT,AUTOMOBILE,STREET,false,false,0811,,,,07,1138655,1868216,,41.794503198,-87.767096025
,G684426,11/13/2001 09:00:00 PM,028XX N SHEFFIELD AV,0820,THEFT,$500 AND UNDER,STREET,false,false,1932,,,,06,1169174,1918793,,41.93268444,-87.653714861
,G684429,11/13/2001 07:30:00 PM,026XX W 40 ST,0910,MOTOR VEHICLE THEFT,AUTOMOBILE,STREET,false,false,0912,,,,07,1159248,1878023,,41.821017827,-87.691312592
,G684444,11/13/2001 07:30:00 PM,093XX S STEWART AV,0560,ASSAULT,SIMPLE,RESIDENCE,false,true,0634,,,,08A,1175614,1842759,,41.723898219,-87.632328723
,G684464,11/13/2001 06:30:00 PM,026XX S PEORIA ST,0810,THEFT,OVER $500,STREET,false,false,0923,,,,06,1170879,1886872,,41.845053887,-87.648385577
,G684499,11/13/2001 07:00:00 PM,045XX N DAMEN AV,0820,THEFT,$500 AND UNDER,STREET,false,false,1911,,,,06,1162149,1930266,,41.964316875,-87.679209168
,G684406,11/13/2001 01:00:00 PM,051XX S PULASKI RD,0810,THEFT,OVER $500,PARKING LOT/GARAGE(NON.RESID.),false,false,0815,,,,06,1150522,1870492,,41.800526146,-87.723520193
,G684480,11/13/2001 10:30:00 PM,033XX W ADAMS ST,2820,OTHER OFFENSE,TELEPHONE THREAT,RESIDENCE,false,false,1124,,,,26,1154020,1898913,,41.878448043,-87.709935282
,G684471,11/13/2001 06:30:00 PM,020XX N LARRABEE ST,0820,THEFT,$500 AND UNDER,STREET,false,false,1812,,,,06,1171974,1914042,,41.919586118,-87.64356568
,G684540,11/13/2001 10:15:00 PM,053XX S CICERO AV,0820,THEFT,$500 AND UNDER,STREET,false,false,0814,,,,06,1145219,1869026,,41.796604802,-87.743005194
,G684497,11/13/2001 11:00:00 PM,0000X W 24 ST,2820,OTHER OFFENSE,TELEPHONE THREAT,RESIDENCE,false,true,2113,,,,26,1176219,1888472,,41.849325865,-87.628740459
,G684505,11/13/2001 02:00:00 PM,017XX N MCVICKER AV,2820,OTHER OFFENSE,TELEPHONE THREAT,RESIDENCE,false,true,2513,,,,26,1135844,1911039,,41.912066236,-87.776385583
,G684601,11/13/2001 11:50:00 PM,005XX E 60 ST,2820,OTHER OFFENSE,TELEPHONE THREAT,RESIDENCE,false,true,0313,,,,26,1180801,1865304,,41.785646668,-87.612637353
,G684646,11/13/2001 11:08:00 PM,035XX S RHODES AV,2820,OTHER OFFENSE,TELEPHONE THREAT,RESIDENCE,false,false,0212,,,,26,1180131,1881336,,41.829655213,-87.614602295
,G684617,11/13/2001 08:00:00 AM,013XX W 78 ST,0910,MOTOR VEHICLE THEFT,AUTOMOBILE,STREET,false,false,0612,,,,07,1168708,1853081,,41.752374796,-87.657328066
,G684650,11/13/2001 01:00:00 PM,083XX S LAFAYETTE AV,1320,CRIMINAL DAMAGE,TO VEHICLE,STREET,false,false,0622,,,,14,1177349,1849787,,41.743144994,-87.625761901
,G684487,11/13/2001 07:00:00 AM,054XX S PAYNE DR,0920,MOTOR VEHICLE THEFT,ATT: AUTOMOBILE,STREET,false,false,0234,,,,07,1182180,1869346,,41.796706441,-87.60745622
,G684578,11/13/2001 11:00:00 PM,004XX N CANAL ST,0460,BATTERY,SIMPLE,RESIDENCE,false,true,1323,,,,08B,1172651,1903333,,41.890185082,-87.641395683
,G684734,11/13/2001 04:00:00 PM,084XX S KINGSTON AV,1320,CRIMINAL DAMAGE,TO VEHICLE,STREET,false,false,0423,,,,14,1194595,1849490,,41.741923493,-87.562582524
,G684740,11/13/2001 08:00:00 AM,030XX W WELLINGTON AV,0910,MOTOR VEHICLE THEFT,AUTOMOBILE,STREET,false,false,1411,,,,07,1155843,1919834,,41.935820545,-87.702676809
,G684744,11/13/2001 08:00:00 PM,062XX S KIMBARK AV,1310,CRIMINAL DAMAGE,TO PROPERTY,STREET,false,false,0314,,,,14,1185747,1864115,,41.782268758,-87.594540686
,G684755,11/13/2001 02:20:00 PM,048XX S DREXEL AV,0820,THEFT,$500 AND UNDER,STREET,false,false,2124,,,,06,1182965,1873010,,41.806742528,-87.604463644
,G684135,11/13/2001 09:30:00 AM,021XX W WASHINGTON BV,0610,BURGLARY,FORCIBLE ENTRY,APARTMENT,false,false,1332,,,,05,1162075,1900623,,41.882976073,-87.680311235
,G683433,11/13/2001 02:40:00 PM,009XX N ASHLAND AV,051A,ASSAULT,AGGRAVATED: HANDGUN,STREET,false,false,1322,,,,04A,1165512,1906490,,41.899003101,-87.667523273
,G684467,11/13/2001 09:00:00 AM,009XX N OAKLEY BL,0610,BURGLARY,FORCIBLE ENTRY,APARTMENT,true,false,1312,,,,05,1160866,1906035,,41.897852218,-87.684600488
,G684767,11/13/2001 07:00:00 PM,010XX W MARQUETTE RD,2820,OTHER OFFENSE,TELEPHONE THREAT,RESIDENCE,false,true,0724,,,,26,1170691,1860353,,41.7722871,-87.649849484
,G684390,11/13/2001 10:00:00 PM,015XX W FILLMORE ST,031A,ROBBERY,ARMED: HANDGUN,STREET,true,false,1231,,,,03,1166480,1895423,,41.868613737,-87.664284763
,G684020,11/13/2001 07:11:00 PM,015XX W CHESTNUT ST,041A,BATTERY,AGGRAVATED: HANDGUN,STREET,false,false,1323,,,,04B,1165882,1906133,,41.89801558,-87.666174478
,G684758,11/13/2001 10:30:00 PM,067XX S LOOMIS BL,0910,MOTOR VEHICLE THEFT,AUTOMOBILE,STREET,false,false,0725,,,,07,1168110,1860289,,41.772167373,-87.659312511
,G683300,11/13/2001 01:50:50 PM,029XX W WASHINGTON BV,031A,ROBBERY,ARMED: HANDGUN,OTHER,false,false,1331,,,,03,1157009,1900506,,41.882759289,-87.698917033
,G683502,11/13/2001 03:15:00 PM,023XX W JACKSON BV,0430,BATTERY,AGGRAVATED: OTHER DANG WEAPON,STREET,false,true,1211,,,,04B,1160563,1898676,,41.877664767,-87.685917302
,G683173,11/13/2001 12:36:36 PM,107XX S CALHOUN AV,0460,BATTERY,SIMPLE,"SCHOOL, PUBLIC, BUILDING",false,false,0434,,,,08B,1194858,1834119,,41.699737573,-87.562123429
,G684583,11/13/2001 11:20:00 PM,038XX N PINE GROVE AV,031A,ROBBERY,ARMED: HANDGUN,SIDEWALK,false,false,2323,,,,03,1170662,1925859,,41.952041325,-87.64803906
,G684778,11/13/2001 11:30:00 AM,011XX S CLARK ST,0910,MOTOR VEHICLE THEFT,AUTOMOBILE,ALLEY,false,false,0131,,,,07,1175658,1895256,,41.867954244,-87.630595589
,G684534,11/13/2001 03:15:00 PM,017XX N MAPLEWOOD AV,0610,BURGLARY,FORCIBLE ENTRY,RESIDENCE-GARAGE,false,false,1434,,,,05,1159059,1911361,,41.912504497,-87.691090963
,G684355,11/13/2001 06:15:00 PM,015XX W 18 ST,0520,ASSAULT,AGGRAVATED:KNIFE/CUTTING INSTR,STREET,false,true,1222,,,,04A,1166320,1891447,,41.857706668,-87.664985791
,G684237,11/13/2001 08:51:26 PM,106XX S AVENUE O,0460,BATTERY,SIMPLE,STREET,true,false,0432,,,,08B,1200823,1835239,,41.702662302,-87.540244859
,G682657,11/13/2001 07:40:00 AM,072XX S WESTERN AV,031A,ROBBERY,ARMED: HANDGUN,STREET,true,false,0832,,,,03,1161594,1856386,,41.761594633,-87.68330643
,G683263,11/13/2001 11:30:00 AM,072XX S CENTRAL PARK AV,0620,BURGLARY,UNLAWFUL ENTRY,RESIDENCE,false,false,0831,,,,05,1153521,1856407,,41.761815854,-87.712894491
,G682951,11/13/2001 11:28:24 AM,028XX E 83 ST,0820,THEFT,$500 AND UNDER,GROCERY FOOD STORE,true,false,0423,,,,06,1196917,1850533,,41.744728181,-87.554040346
,G684785,11/13/2001 08:30:00 PM,120XX S LOWE AV,0910,MOTOR VEHICLE THEFT,AUTOMOBILE,STREET,false,false,0523,,,,07,1174198,1824766,,41.674554255,-87.638047505
,G683389,11/13/2001 12:30:00 PM,013XX W MADISON ST,0810,THEFT,OVER $500,PARKING LOT/GARAGE(NON.RESID.),false,false,1212,,,,06,1167702,1900115,,41.881462729,-87.65966335
,G683711,11/13/2001 02:00:00 PM,030XX W 66 ST,0610,BURGLARY,FORCIBLE ENTRY,RESIDENCE,false,false,0831,,,,05,1157144,1860751,,41.773663973,-87.699498346
,G683090,11/13/2001 11:44:00 AM,042XX N SHERIDAN RD,2900,WEAPONS VIOLATION,UNLAWFUL USE/SALE AIR RIFLE,SIDEWALK,true,false,2322,,,,15,1168875,1928452,,41.959195634,-87.654532543
,G682784,11/13/2001 09:01:46 AM,013XX W 15 ST,0560,ASSAULT,SIMPLE,CHA HALLWAY/STAIRWELL/ELEVATOR,false,true,1231,,,,08A,1167478,1892894,,41.861652546,-87.660693644
,G684628,11/13/2001 07:30:00 PM,102XX S BENSLEY AV,0910,MOTOR VEHICLE THEFT,AUTOMOBILE,STREET,false,false,0431,,,,07,1194464,1837377,,41.708687529,-87.563459418
,G682532,11/13/2001 03:15:00 AM,008XX S WABASH AV,0610,BURGLARY,FORCIBLE ENTRY,GROCERY FOOD STORE,false,false,0132,,,,05,1176878,1896537,,41.871441893,-87.626078047
,G683706,11/13/2001 03:45:00 PM,031XX N LAKE SHORE DR,0460,BATTERY,SIMPLE,APARTMENT,false,true,2332,,,,08B,1173458,1920975,,41.938577663,-87.637906696
,G684364,11/13/2001 09:54:12 PM,011XX S HAMILTON AV,0560,ASSAULT,SIMPLE,GOVERNMENT BUILDING/PROPERTY,false,false,1224,,,,08A,1162078,1895097,,41.867812172,-87.680454569
,G684391,11/13/2001 10:00:00 PM,019XX S MAY ST,0560,ASSAULT,SIMPLE,APARTMENT,false,false,1233,,,,08A,1169141,1890858,,41.856029678,-87.654648172
,G683867,11/13/2001 06:00:00 PM,010XX W MONTROSE AV,1330,CRIMINAL TRESPASS,TO LAND,OTHER,true,false,2311,,,,26,1168391,1929421,,41.961865111,-87.656283772
,G683976,11/13/2001 05:00:00 PM,075XX S STONY ISLAND AV,1110,DECEPTIVE PRACTICE,BOGUS CHECK,CHURCH/SYNAGOGUE/PLACE OF WORSHIP,false,false,0411,,,,11,1188080,1855220,,41.7578048,-87.586270657
,G684801,11/13/2001 06:00:00 PM,092XX S EUCLID AV,0610,BURGLARY,FORCIBLE ENTRY,RESIDENCE-GARAGE,false,false,0413,,,,05,1190751,1844106,,41.727242895,-87.57683999
,G683882,11/13/2001 06:14:12 PM,023XX E 95 ST,0820,THEFT,$500 AND UNDER,GROCERY FOOD STORE,true,false,0431,,,,06,1193541,1842389,,41.722463546,-87.566676027
,G684736,11/13/2001 10:20:00 PM,022XX E 84 ST,2820,OTHER OFFENSE,TELEPHONE THREAT,RESIDENCE,false,true,0412,,,,26,1192722,1849760,,41.742710226,-87.56943624
,G684353,11/13/2001 08:15:00 PM,056XX W BELMONT AV,0910,MOTOR VEHICLE THEFT,AUTOMOBILE,PARKING LOT/GARAGE(NON.RESID.),false,false,1633,,,,07,1138123,1920748,,41.938667888,-87.767777805
,G683900,11/13/2001 10:00:00 AM,006XX W WAYMAN ST,0820,THEFT,$500 AND UNDER,STREET,false,false,1212,,,,06,1171889,1902303,,41.887375525,-87.644224451
,G683265,11/13/2001 10:00:00 AM,028XX W LAKE ST,1310,CRIMINAL DAMAGE,TO PROPERTY,WAREHOUSE,false,false,1331,,,,14,1157482,1901001,,41.884108008,-87.697166682
,G684009,11/13/2001 10:00:00 AM,014XX W NORTH SHORE AV,0610,BURGLARY,FORCIBLE ENTRY,APARTMENT,false,false,2432,,,,05,1165516,1944572,,42.003501765,-87.666420149
,G684809,11/13/2001 09:00:00 PM,081XX S BLACKSTONE AV,1310,CRIMINAL DAMAGE,TO PROPERTY,RESIDENCE-GARAGE,false,false,0411,,,,14,1187613,1851481,,41.747555747,-87.588100824
,G684100,11/13/2001 06:50:00 PM,0000X N MAY ST,0810,THEFT,OVER $500,STREET,false,false,1212,,,,06,1168778,1900525,,41.882564553,-87.655700456
,G684151,11/13/2001 07:55:00 PM,0000X W JACKSON BV,0820,THEFT,$500 AND UNDER,RESTAURANT,false,false,0112,,,,06,1175849,1898936,,41.878048099,-87.629783666
,G682781,11/13/2001 08:38:06 AM,080XX S JEFFERY BL,143B,WEAPONS VIOLATION,UNLAWFUL POSS OTHER FIREARM,"SCHOOL, PUBLIC, GROUNDS",true,false,0414,,,,15,1190882,1852289,,41.749694653,-87.576096376
,G684808,11/13/2001 04:00:00 PM,032XX N KEATING AV,1320,CRIMINAL DAMAGE,TO VEHICLE,STREET,false,false,1731,,,,14,1144298,1921075,,41.939451175,-87.745074666
,G684252,11/13/2001 08:30:00 PM,010XX W 19 ST,0460,BATTERY,SIMPLE,STREET,true,false,1233,,,,08B,1169575,1891045,,41.856533397,-87.653049745
,G682970,11/13/2001 11:27:41 AM,023XX W ADAMS ST,1310,CRIMINAL DAMAGE,TO PROPERTY,RESIDENCE,false,false,1211,,,,14,1161053,1899067,,41.87872755,-87.684107288
,G683009,11/13/2001 11:41:00 AM,083XX S KEDZIE AV,031A,ROBBERY,ARMED: HANDGUN,BANK,true,false,0834,,,,03,1156462,1848945,,41.741280212,-87.70231588
,G683803,11/13/2001 05:40:31 PM,014XX W JACKSON BV,1320,CRIMINAL DAMAGE,TO VEHICLE,PARKING LOT/GARAGE(NON.RESID.),false,false,1211,,,,14,1166725,1898690,,41.877573406,-87.66329169
,G683613,11/13/2001 03:00:00 PM,0000X E BALBO AV,0820,THEFT,$500 AND UNDER,OTHER,false,false,0132,,,,06,1176763,1897104,,41.873000375,-87.626483109
,G683915,11/13/2001 06:10:00 PM,011XX N SACRAMENTO AV,1320,CRIMINAL DAMAGE,TO VEHICLE,RESIDENCE-GARAGE,false,false,1311,,,,14,1156211,1907586,,41.902203617,-87.701655929
,G684563,11/13/2001 07:30:00 AM,014XX E 72 ST,1310,CRIMINAL DAMAGE,TO PROPERTY,RESIDENCE,false,false,0324,,,,14,1187128,1857504,,41.764094937,-87.589687212
,G684435,11/13/2001 06:00:00 PM,0000X E BALBO AV,0820,THEFT,$500 AND UNDER,STREET,false,false,0132,,,,06,1176756,1897184,,41.873220058,-87.62650639
,G684127,11/13/2001 06:30:00 PM,031XX S PULASKI RD,031A,ROBBERY,ARMED: HANDGUN,STREET,false,false,1031,,,,03,1150162,1883704,,41.836788726,-87.724497127
,G683531,11/13/2001 03:30:00 PM,027XX W AUGUSTA BL,0460,BATTERY,SIMPLE,"SCHOOL, PRIVATE, GROUNDS",false,false,1311,,,,08B,1158045,1906579,,41.899403068,-87.694946883
,G682863,11/13/2001 09:28:08 AM,083XX S LUELLA AV,1330,CRIMINAL TRESPASS,TO LAND,RESIDENCE,false,false,0412,,,,26,1192672,1849997,,41.743361792,-87.56961173
,G684051,11/13/2001 07:05:00 PM,014XX S MICHIGAN AV,1320,CRIMINAL DAMAGE,TO VEHICLE,STREET,false,false,0132,,,,14,1177404,1893829,,41.863999066,-87.624229047
,G684810,11/13/2001 09:00:00 PM,023XX N AUSTIN AV,1310,CRIMINAL DAMAGE,TO PROPERTY,RESIDENCE-GARAGE,false,false,2515,,,,14,1136056,1914758,,41.92226783,-87.775517877
,G684822,11/13/2001 08:00:00 PM,037XX N WILTON AV,0810,THEFT,OVER $500,STREET,false,false,2324,,,,06,1169219,1925280,,41.950484066,-87.653360391
,G684828,11/13/2001 09:00:00 PM,057XX S SACRAMENTO AV,0910,MOTOR VEHICLE THEFT,AUTOMOBILE,STREET,false,false,0824,,,,07,1157400,1866372,,41.789083627,-87.69840775
,G682937,11/13/2001 12:00:00 AM,012XX W GREENLEAF AV,0820,THEFT,$500 AND UNDER,PARK PROPERTY,true,false,2423,,,,06,1166775,1947057,,42.010293641,-87.661716627
,G900196,11/13/2001 10:30:00 AM,063XX S MOZART ST,031A,ROBBERY,ARMED: HANDGUN,ALLEY,false,false,0823,,,,03,1158423,1862706,,41.779002813,-87.694756554
,G683551,11/13/2001 02:38:47 PM,081XX S PHILLIPS AV,1360,CRIMINAL TRESPASS,TO VEHICLE,STREET,true,false,0422,,,,26,1193891,1851424,,41.747247824,-87.565098649
,G683466,11/13/2001 02:55:00 PM,034XX N HALSTED ST,0430,BATTERY,AGGRAVATED: OTHER DANG WEAPON,STREET,true,false,2331,,,,04B,1170349,1923201,,41.944754536,-87.649267625
,G684827,11/13/2001 09:00:00 PM,080XX S HARVARD AV,5002,OTHER OFFENSE,OTHER VEHICLE OFFENSE,STREET,false,true,0623,,,,26,1175401,1851291,,41.74731589,-87.632854568
,G683622,11/13/2001 02:00:00 AM,010XX W LOYOLA AV,0820,THEFT,$500 AND UNDER,APARTMENT,false,false,2432,,,,06,1167903,1943847,,42.001460997,-87.657659542
,G683632,11/13/2001 03:45:00 PM,087XX S COLFAX AV,1590,SEX OFFENSE,ATT AGG CRIMINAL SEXUAL ABUSE,RESIDENCE,false,true,0423,,,,17,1194976,1847181,,41.73557803,-87.561262475
,G683535,11/13/2001 03:34:00 PM,025XX W CERMAK RD,0820,THEFT,$500 AND UNDER,GROCERY FOOD STORE,true,false,1023,,,,06,1159780,1889354,,41.852100446,-87.689049156
,G684832,11/13/2001 06:00:00 PM,082XX S CLYDE AVE,0910,MOTOR VEHICLE THEFT,AUTOMOBILE,STREET,false,false,0414,,8,,07,1191579,1850796,,41.745580869,-87.573590627
,G683542,11/13/2001 03:25:00 PM,028XX N BROADWAY,0820,THEFT,$500 AND UNDER,SMALL RETAIL STORE,false,false,2333,,,,06,1171604,1919180,,41.933693179,-87.644773509
,G900134,11/13/2001 10:35:00 AM,046XX S KEDVALE AV,0610,BURGLARY,FORCIBLE ENTRY,RESIDENCE-GARAGE,false,false,0815,,,,05,1149433,1873465,,41.80870563,-87.727437094
,G684423,11/13/2001 04:00:00 PM,056XX W BELMONT AV,0910,MOTOR VEHICLE THEFT,AUTOMOBILE,PARKING LOT/GARAGE(NON.RESID.),false,false,1633,,,,07,1138123,1920748,,41.938667888,-87.767777805
,G683921,11/13/2001 06:24:48 PM,110XX S MICHIGAN AV,0530,ASSAULT,AGGRAVATED: OTHER DANG WEAPON,GROCERY FOOD STORE,true,false,0513,,,,04A,1178748,1831606,,41.693222269,-87.62118696
,G682602,11/13/2001 05:15:00 AM,015XX W 13 ST,0320,ROBBERY,STRONGARM - NO WEAPON,COMMERCIAL / BUSINESS OFFICE,false,false,1231,,,,03,1166093,1894176,,41.86520013,-87.665741123
,G684348,11/13/2001 09:54:19 PM,076XX S COLES AV,0420,BATTERY,AGGRAVATED:KNIFE/CUTTING INSTR,STREET,true,false,0421,,,,04B,1196195,1855241,,41.757665198,-87.556530047
,G684844,11/13/2001 09:30:00 PM,005XX W 42 ST,0610,BURGLARY,FORCIBLE ENTRY,RESIDENCE-GARAGE,false,false,0935,,,,05,1173398,1877108,,41.818205117,-87.639430679
,G684150,11/13/2001 07:39:31 PM,009XX W LAKESIDE PL,1350,CRIMINAL TRESPASS,TO STATE SUP LAND,CHA HALLWAY/STAIRWELL/ELEVATOR,true,false,2312,,,,26,1169154,1931778,,41.968316215,-87.653409798
,G682514,11/13/2001 02:26:00 AM,0000X E JACKSON BL,0610,BURGLARY,FORCIBLE ENTRY,SMALL RETAIL STORE,false,false,0123,,,,05,1177086,1899065,,41.878374167,-87.62523784
,G684115,11/13/2001 04:00:00 PM,019XX W CHASE AV,0810,THEFT,OVER $500,PARKING LOT/GARAGE(NON.RESID.),false,false,2424,,,,06,1161852,1948288,,42.013776088,-87.679795503
,G684133,11/13/2001 08:30:00 AM,015XX S ALBANY AV,0810,THEFT,OVER $500,STREET,false,false,1022,,,,06,1155912,1892624,,41.861152449,-87.703157755
,G682537,11/13/2001 03:03:57 AM,077XX S EUCLID AV,031A,ROBBERY,ARMED: HANDGUN,SIDEWALK,false,false,0414,,,,03,1190590,1853858,,41.754007174,-87.577115834
,G684861,11/13/2001 08:45:00 PM,088XX S COTTAGE GROVE,0810,THEFT,OVER $500,RESIDENCE,false,false,0632,,,,06,1183156,1846225,,41.733237471,-87.604595497
,G683768,11/13/2001 03:30:00 PM,086XX W FOSTER AV,1330,CRIMINAL TRESPASS,TO LAND,RESIDENCE,false,false,1614,,,,26,1117471,1933366,,41.973642091,-87.843415596
,G684026,11/13/2001 07:06:51 PM,035XX W 60 ST,0460,BATTERY,SIMPLE,RESIDENCE,false,false,0822,,,,08B,1153941,1864565,,41.784194349,-87.711138812
,G684864,11/13/2001 06:00:00 PM,028XX N NARRAGANSETT AV,0820,THEFT,$500 AND UNDER,PARKING LOT/GARAGE(NON.RESID.),false,false,2511,,,,06,1133226,1917954,,41.931088076,-87.785841349
,G684876,11/13/2001 07:00:00 PM,017XX N MONTICELLO AV,0610,BURGLARY,FORCIBLE ENTRY,RESIDENCE-GARAGE,false,false,2535,,,,05,1151818,1911248,,41.91234012,-87.717695618
,G684261,11/13/2001 08:32:00 PM,050XX W AINSLIE ST,1310,CRIMINAL DAMAGE,TO PROPERTY,OTHER RAILROAD PROP / TRAIN DEPOT,false,false,1623,,,,14,1142119,1932157,,41.969901921,-87.752807307
,G682509,11/13/2001 02:00:00 AM,053XX W DAKIN ST,0610,BURGLARY,FORCIBLE ENTRY,RESIDENCE-GARAGE,true,false,1634,,,,05,1140100,1925694,,41.952204172,-87.760390243
,G684873,11/13/2001 08:30:00 PM,017XX W CULLOM AV,0810,THEFT,OVER $500,STREET,false,false,1922,,,,06,1164297,1928574,,41.959628685,-87.671359665
,G684036,11/13/2001 07:15:00 AM,080XX S WOODLAWN AV,0610,BURGLARY,FORCIBLE ENTRY,RESIDENCE,false,false,0411,,,,05,1185577,1851623,,41.747993556,-87.595556774
,G684614,11/13/2001 08:30:00 PM,015XX S SAWYER AV,0610,BURGLARY,FORCIBLE ENTRY,RESIDENCE,false,false,1022,,,,05,1154992,1892058,,41.859617764,-87.706550071
,G683733,11/13/2001 04:31:25 PM,055XX S SPAULDING AV,0460,BATTERY,SIMPLE,APARTMENT,true,false,0822,,,,08B,1155290,1867452,,41.792089802,-87.706115591
,G684879,11/13/2001 09:00:00 AM,017XX W BEVERLY GLEN PW,0810,THEFT,OVER $500,RESIDENCE,false,true,2213,,,,06,1166683,1838631,,41.712765258,-87.665159918
,G682426,11/13/2001 12:05:00 AM,093XX S YATES BL,0460,BATTERY,SIMPLE,RESIDENCE,false,false,0413,,,,08B,1193761,1843528,,41.72558369,-87.565833015
,G684121,11/13/2001 07:50:00 PM,057XX W GROVER ST,0460,BATTERY,SIMPLE,STREET,false,false,1622,,,,08B,1137076,1932339,,41.970493617,-87.771346485
,G683149,11/13/2001 12:00:00 PM,016XX E 86 ST,0460,BATTERY,SIMPLE,STREET,false,true,0412,,,,08B,1188451,1848315,,41.738847979,-87.585131057
,G684883,11/13/2001 11:30:00 PM,062XX S WOOD ST,0910,MOTOR VEHICLE THEFT,AUTOMOBILE,STREET,false,false,0714,,,,07,1165465,1863078,,41.779877228,-87.668929318
,G683005,11/13/2001 01:00:00 AM,062XX N ARTESIAN AV,0910,MOTOR VEHICLE THEFT,AUTOMOBILE,DRIVEWAY - RESIDENTIAL,false,false,2412,,,,07,1158887,1941593,,41.995466384,-87.690890261
,G684891,11/13/2001 11:15:00 AM,001XX N PARKSIDE AV,2820,OTHER OFFENSE,TELEPHONE THREAT,RESIDENCE,false,true,1512,,,,26,1138610,1900645,,41.883494088,-87.766476227
,G684463,11/13/2001 04:00:00 PM,056XX N OSAGE AV,0810,THEFT,OVER $500,STREET,false,false,1614,,,,06,1122225,1936639,,41.982547632,-87.825862198
,G684126,11/13/2001 07:32:27 PM,004XX E 113 ST,0430,BATTERY,AGGRAVATED: OTHER DANG WEAPON,APARTMENT,false,false,0531,,,,04B,1181099,1830168,,41.689222537,-87.612623572
,G683599,11/13/2001 06:30:00 AM,069XX N ASHLAND BL,0460,BATTERY,SIMPLE,RESIDENCE,false,true,2431,,,,08B,1164492,1945847,,42.007022218,-87.670151066
,G684172,11/13/2001 08:00:00 PM,063XX N NAGLE AV,0820,THEFT,$500 AND UNDER,GROCERY FOOD STORE,true,false,1611,,,,06,1132586,1941599,,41.99598354,-87.787639887
,G683785,11/13/2001 05:30:00 PM,071XX W ARCHER AV,0460,BATTERY,SIMPLE,RESIDENCE,false,false,0811,,,,08B,1129399,1867265,,41.792055762,-87.80105996
,G684908,11/13/2001 08:30:00 PM,012XX W 31 ST,0910,MOTOR VEHICLE THEFT,AUTOMOBILE,STREET,false,false,0924,,,,07,1168436,1884203,,41.837783019,-87.657428116
,G684898,11/13/2001 03:00:00 PM,028XX N HARDING AV,0910,MOTOR VEHICLE THEFT,AUTOMOBILE,STREET,false,false,2523,,,,07,1149527,1918356,,41.931889936,-87.725927232
,G684899,11/13/2001 09:00:00 PM,054XX N NATOMA AV,0910,MOTOR VEHICLE THEFT,AUTOMOBILE,STREET,false,false,1613,,,,07,1131225,1935875,,41.98030005,-87.79277937
,G684465,11/13/2001 09:45:00 PM,014XX W RASCHER AV,0320,ROBBERY,STRONGARM - NO WEAPON,STREET,false,false,2013,,,,03,1165894,1936263,,41.980693572,-87.665267974
,G684896,11/13/2001 04:00:00 PM,077XX S JEFFERY BL,0810,THEFT,OVER $500,STREET,false,false,0414,,,,06,1190921,1853949,,41.754248895,-87.575899915
,G682600,11/13/2001 01:00:00 AM,055XX W LAWRENCE AV,0810,THEFT,OVER $500,STREET,false,false,1623,,,,06,1138525,1931407,,41.967909921,-87.766041022
,G684043,11/13/2001 06:30:00 PM,064XX W IRVING PARK RD,0810,THEFT,OVER $500,OTHER,false,false,1632,,,,06,1132667,1925939,,41.953009583,-87.787708826
,G684897,11/13/2001 04:30:00 PM,122XX S PEORIA ST,5002,OTHER OFFENSE,OTHER VEHICLE OFFENSE,RESIDENCE,false,true,0524,,,,26,1172501,1823698,,41.671660894,-87.644290029
,G684895,11/13/2001 10:30:00 PM,090XX S LAFLIN ST,2820,OTHER OFFENSE,TELEPHONE THREAT,RESIDENCE,false,false,2221,,,,26,1167873,1845020,,41.730272224,-87.660618908
,G683266,11/13/2001 12:00:00 PM,046XX N CLARK ST,0820,THEFT,$500 AND UNDER,PARKING LOT/GARAGE(NON.RESID.),false,false,1922,,,,06,1165494,1930666,,41.965343759,-87.666899157
,G683541,11/13/2001 02:30:00 PM,081XX S MUSKEGON AV,0560,ASSAULT,SIMPLE,STREET,false,false,0422,,,,08A,1196542,1851427,,41.747190696,-87.555384752
,G682524,11/13/2001 02:50:00 AM,039XX N LARAMIE AV,1320,CRIMINAL DAMAGE,TO VEHICLE,STREET,false,false,1634,,,,14,1141027,1925838,,41.952582265,-87.756978968
,G684380,11/13/2001 09:45:00 PM,077XX N ASHLAND AV,0560,ASSAULT,SIMPLE,APARTMENT,false,true,2422,,,,08A,1164257,1951246,,42.021842162,-87.670861939
,G683577,11/13/2001 01:39:00 PM,027XX E 89 ST,0460,BATTERY,SIMPLE,STREET,false,false,0423,,,,08B,1195939,1846527,,41.733759639,-87.557756078
,G683473,11/13/2001 03:04:43 PM,063XX S FAIRFIELD AV,0460,BATTERY,SIMPLE,STREET,true,false,0825,,,,08B,1159178,1862341,,41.777985783,-87.691998617
,G683518,11/13/2001 01:30:00 PM,047XX W IRVING PARK RD,0910,MOTOR VEHICLE THEFT,AUTOMOBILE,PARKING LOT/GARAGE(NON.RESID.),false,false,1722,,,,07,1143767,1926205,,41.953538339,-87.746897266
,G684904,11/13/2001 10:00:00 PM,082XX S LANGLEY AV,0810,THEFT,OVER $500,STREET,false,false,0631,,,,06,1182288,1850580,,41.745208206,-87.607640832
,G683952,11/13/2001 07:30:00 AM,028XX S HOMAN AV,0620,BURGLARY,UNLAWFUL ENTRY,APARTMENT,false,false,1032,,,,05,1154128,1884663,,41.839342278,-87.709918641
,G683140,11/13/2001 12:21:18 PM,130XX S DR MARTN LUTHR KING JR DR,0430,BATTERY,AGGRAVATED: OTHER DANG WEAPON,RESIDENCE PORCH/HALLWAY,true,false,0533,,,,04B,1180894,1818795,,41.658018048,-87.613721775
,G684417,11/13/2001 09:08:00 PM,012XX W EARLY AV,0320,ROBBERY,STRONGARM - NO WEAPON,SIDEWALK,false,false,2013,,,,03,1166897,1938146,,41.985839051,-87.661524985
,G683853,11/13/2001 05:40:00 PM,077XX S ESSEX AV,0460,BATTERY,SIMPLE,APARTMENT,false,true,0421,,,,08B,1194172,1853765,,41.753664827,-87.563992305
,G683111,11/13/2001 12:05:00 PM,064XX S WHIPPLE ST,0610,BURGLARY,FORCIBLE ENTRY,RESIDENCE,true,false,0823,,,,05,1157207,1861452,,41.775586346,-87.699248453
,G683573,11/13/2001 12:00:00 PM,052XX N RIVERS EDGE TER,0910,MOTOR VEHICLE THEFT,AUTOMOBILE,PARKING LOT/GARAGE(NON.RESID.),false,false,1712,,,,07,1146858,1934864,,41.977240684,-87.735312171
,G684784,11/13/2001 09:30:00 PM,063XX N FRANCISCO AV,2820,OTHER OFFENSE,TELEPHONE THREAT,RESIDENCE,false,false,2413,,,,26,1155904,1941702,,41.995826371,-87.701860318
,G684303,11/13/2001 09:18:45 PM,037XX W 78 ST,0460,BATTERY,SIMPLE,RESIDENCE,false,false,0833,,,,08B,1152166,1852568,,41.751307711,-87.71796142
,G683758,11/13/2001 04:43:50 PM,036XX N LINCOLN AV,5011,OTHER OFFENSE,LICENSE VIOLATION,SMALL RETAIL STORE,true,false,1923,,,,26,1163547,1924120,,41.947422558,-87.674242924
,G684424,11/13/2001 10:28:00 PM,025XX S LAWNDALE AV,0530,ASSAULT,AGGRAVATED: OTHER DANG WEAPON,SIDEWALK,true,false,1013,,,,04A,1152080,1886505,,41.844437501,-87.717385452
,G683419,11/13/2001 01:45:00 PM,028XX W FOSTER AV,0820,THEFT,$500 AND UNDER,OTHER,true,false,2011,,,,06,1156722,1934456,,41.975926417,-87.699048673
,G684510,11/13/2001 11:00:00 PM,016XX N KEDZIE AV,0340,ROBBERY,ATTEMPT: STRONGARM-NO WEAPON,STREET,false,false,1421,,,,03,1154728,1910507,,41.910248937,-87.707024891
,G683337,11/13/2001 01:34:17 PM,114XX S EDBROOKE AV,0460,BATTERY,SIMPLE,"SCHOOL, PUBLIC, BUILDING",false,false,0531,,,,08B,1179197,1829351,,41.687024027,-87.619611492
,G682875,11/13/2001 09:45:00 AM,073XX N DAMEN AV,0460,BATTERY,SIMPLE,RESIDENCE,false,true,2424,,,,08B,1161621,1948813,,42.015221536,-87.680630751
,G684936,11/13/2001 10:00:00 PM,038XX N LEAVITT ST,1310,CRIMINAL DAMAGE,TO PROPERTY,OTHER,false,false,1912,,,,14,1161047,1925586,,41.951497728,-87.683391411
,G684244,11/13/2001 08:20:00 PM,020XX N MILWAUKEE AV,031A,ROBBERY,ARMED: HANDGUN,SIDEWALK,false,false,1431,,,,03,1159338,1913568,,41.918554934,-87.69000517
,G684932,11/13/2001 10:30:00 PM,079XX S INDIANA AV,0910,MOTOR VEHICLE THEFT,AUTOMOBILE,STREET,false,false,0623,,,,07,1178930,1852351,,41.75014509,-87.61989119
,G683738,11/13/2001 03:30:00 PM,114XX S STATE ST,0460,BATTERY,SIMPLE,STREET,true,false,0522,,,,08B,1178247,1829353,,41.687051061,-87.623089225
,G684092,11/13/2001 07:30:00 PM,016XX W SHERWIN AV,141C,WEAPONS VIOLATION,UNLAWFUL USE OTHER DANG WEAPON,SIDEWALK,true,false,2423,,,,15,1164405,1948767,,42.015036603,-87.670387956
,G683574,11/13/2001 03:23:00 PM,057XX N BROADWAY,0820,THEFT,$500 AND UNDER,GAS STATION,false,false,2022,,,,06,1167318,1938018,,41.985478743,-87.659980276
,G683431,11/13/2001 02:10:00 PM,071XX N PAULINA ST,5001,OTHER OFFENSE,OTHER CRIME INVOLVING PROPERTY,SIDEWALK,false,false,2423,,,,26,1163927,1947480,,42.011515195,-87.672183393
,G682482,11/13/2001 12:30:00 AM,032XX W DIVERSEY AV,041A,BATTERY,AGGRAVATED: HANDGUN,VEHICLE NON-COMMERCIAL,false,false,1412,,,,04B,1154544,1918483,,41.932139421,-87.707486998
,G684325,11/13/2001 03:00:00 PM,120XX S MICHIGAN AV,0810,THEFT,OVER $500,APARTMENT,false,false,0532,,,,06,1179044,1825226,,41.675707893,-87.620296576
,G684271,11/13/2001 09:11:12 PM,001XX W 79 ST,0820,THEFT,$500 AND UNDER,GROCERY FOOD STORE,true,false,0623,,,,06,1176726,1852645,,41.751001727,-87.627958744
,G683910,11/13/2001 02:00:00 PM,026XX N CLYBOURN AV,2825,OTHER OFFENSE,HARASSMENT BY TELEPHONE,OTHER,false,false,1931,,,,26,1163672,1917348,,41.928837173,-87.673974913
,G900131,11/13/2001 09:50:00 AM,069XX S WASHTENAW AV,0460,BATTERY,SIMPLE,RESIDENCE,true,false,0831,,,,08B,1159615,1858422,,41.767222527,-87.690503938
,G683782,11/13/2001 05:29:41 PM,057XX N BROADWAY,0820,THEFT,$500 AND UNDER,GAS STATION,false,false,2022,,,,06,1167318,1938018,,41.985478743,-87.659980276
,G683881,11/13/2001 05:00:00 PM,075XX S DORCHESTER AV,0460,BATTERY,SIMPLE,STREET,false,true,0411,,,,08B,1186884,1855450,,41.758464358,-87.590646515
,G684274,11/13/2001 09:00:00 PM,011XX W WELLINGTON AV,0460,BATTERY,SIMPLE,RESIDENCE,true,true,1932,,,,08B,1168275,1920116,,41.936334323,-87.656980218
,G683369,11/13/2001 12:55:00 PM,003XX W WASHINGTON BV,0470,PUBLIC PEACE VIOLATION,RECKLESS CONDUCT,STREET,true,false,0113,,,,24,1174241,1900761,,41.88309203,-87.635633326
,G683267,11/13/2001 01:10:00 PM,033XX N WESTERN AV,033A,ROBBERY,ATTEMPT: ARMED-HANDGUN,GROCERY FOOD STORE,false,false,1913,,,,03,1159722,1922404,,41.942793601,-87.688350103
,G683185,11/13/2001 08:25:00 AM,056XX N FRANCISCO AV,0910,MOTOR VEHICLE THEFT,AUTOMOBILE,STREET,false,false,2011,,,,07,1155965,1937305,,41.983759565,-87.70175521
,G683994,11/13/2001 06:44:32 PM,031XX N SEMINARY AV,1330,CRIMINAL TRESPASS,TO LAND,RESIDENCE,true,false,1932,,,,26,1168352,1921186,,41.939268785,-87.656666198
,G683948,11/13/2001 06:15:00 PM,085XX S HOUSTON AV,0460,BATTERY,SIMPLE,RESIDENCE,false,true,0424,,,,08B,1198012,1848602,,41.739402089,-87.550092607
,G684425,11/13/2001 09:33:18 PM,083XX S MORGAN ST,0460,BATTERY,SIMPLE,RESIDENCE,false,false,0613,,,,08B,1171141,1849478,,41.742434881,-87.648517254
,G682604,11/13/2001 05:23:48 AM,009XX W BELMONT AV,1330,CRIMINAL TRESPASS,TO LAND,CTA PLATFORM,true,false,1932,,,,26,1169222,1921389,,41.939806937,-87.653462811
,G684006,11/13/2001 06:38:59 PM,021XX S LAWNDALE AV,0460,BATTERY,SIMPLE,APARTMENT,false,true,1014,,,,08B,1152077,1889506,,41.85267267,-87.71731746
,G683874,11/13/2001 04:00:00 PM,016XX N KEDZIE AV,0430,BATTERY,AGGRAVATED: OTHER DANG WEAPON,RESIDENCE,false,false,1421,,,,04B,1154749,1910963,,41.91149982,-87.706935511
,G684569,11/13/2001 11:55:00 PM,017XX W WILSON AV,0420,BATTERY,AGGRAVATED:KNIFE/CUTTING INSTR,RESTAURANT,true,false,1922,,,,04B,1163565,1930548,,41.965060914,-87.673994972
,G683824,11/13/2001 05:32:22 PM,036XX N SOUTHPORT AV,1330,CRIMINAL TRESPASS,TO LAND,GROCERY FOOD STORE,true,false,1923,,,,26,1166281,1924353,,41.948003791,-87.664186793
,G684381,11/13/2001 10:02:48 PM,007XX W 119 ST,0460,BATTERY,SIMPLE,APARTMENT,false,false,0524,,,,08B,1173569,1825995,,41.677940735,-87.640313556
,G682960,11/13/2001 11:26:41 AM,015XX S AVERS AV,0460,BATTERY,SIMPLE,STREET,true,true,1014,,,,08B,1150916,1892402,,41.860642419,-87.721502982
,G684055,11/13/2001 07:15:00 PM,085XX S EXCHANGE AV,0460,BATTERY,SIMPLE,RESIDENCE,false,true,0423,,,,08B,1197263,1848569,,41.739330208,-87.552837853
,G684469,11/13/2001 07:30:00 AM,014XX W WRIGHTWOOD AV,0810,THEFT,OVER $500,RESIDENCE PORCH/HALLWAY,false,false,1931,,,,06,1166485,1917332,,41.928733443,-87.663638548
,G683766,11/13/2001 04:35:02 PM,026XX W 24 ST,0460,BATTERY,SIMPLE,STREET,false,true,1034,,,,08B,1159379,1887939,,41.848225781,-87.690559814
,G684099,11/13/2001 06:50:00 PM,011XX E 79 PL,0560,ASSAULT,SIMPLE,APARTMENT,false,false,0411,,,,08A,1185372,1852490,,41.750377513,-87.596280736
,G684988,11/13/2001 03:00:00 PM,049XX N CLARK ST,0820,THEFT,$500 AND UNDER,SMALL RETAIL STORE,false,false,2032,,,,06,1165186,1932986,,41.971716495,-87.667965353
,G683774,11/13/2001 03:05:00 PM,044XX W OGDEN AV,0910,MOTOR VEHICLE THEFT,AUTOMOBILE,STREET,false,false,1013,,,,07,1147019,1887407,,41.847010811,-87.735935662
,G683159,11/13/2001 12:33:21 PM,039XX N LAVERGNE AV,0610,BURGLARY,FORCIBLE ENTRY,RESIDENCE,true,false,1634,,,,05,1142367,1925701,,41.952181491,-87.752056428
,G684398,11/13/2001 10:16:38 PM,014XX S SPRINGFIELD AV,0460,BATTERY,SIMPLE,SIDEWALK,false,true,1011,,,,08B,1150572,1892812,,41.861774228,-87.722755032
,G684831,11/13/2001 10:30:00 PM,073XX S OAKLEY AV,0910,MOTOR VEHICLE THEFT,AUTOMOBILE,STREET,false,false,0835,,,,07,1162309,1855696,,41.759686317,-87.680705058
,G682653,11/13/2001 07:47:34 AM,077XX S ADA ST,0610,BURGLARY,FORCIBLE ENTRY,RESIDENCE,true,false,0612,,,,05,1168832,1853118,,41.752473655,-87.656872593
,G683210,11/13/2001 01:22:17 PM,022XX N CLYBOURN AV,4651,OTHER OFFENSE,SEX OFFENDER: FAIL REG NEW ADD,RESIDENCE,false,false,1811,,,,26,1165759,1915191,,41.922873945,-87.666367543
,G683667,11/13/2001 04:00:00 PM,070XX S ANTHONY AV,0554,ASSAULT,AGG PO HANDS NO/MIN INJURY,STREET,true,false,0322,,,,08A,1181266,1858694,,41.767497479,-87.61113599
,G684507,11/13/2001 11:28:49 PM,089XX S EXCHANGE AV,0420,BATTERY,AGGRAVATED:KNIFE/CUTTING INSTR,SIDEWALK,false,false,0423,,,,04B,1197359,1846222,,41.732887464,-87.552564142
,G683208,11/13/2001 01:21:09 PM,022XX N CLYBOURN AV,4650,OTHER OFFENSE,SEX OFFENDER: FAIL TO REGISTER,RESIDENCE,false,false,1811,,,,26,1165759,1915191,,41.922873945,-87.666367543
,G683102,11/13/2001 08:00:00 AM,029XX W NORTH AV,0610,BURGLARY,FORCIBLE ENTRY,RESIDENCE-GARAGE,false,false,1421,,,,05,1156512,1910536,,41.910292582,-87.700470363
,G684454,11/13/2001 05:00:00 PM,115XX S UNION AV,0460,BATTERY,SIMPLE,SIDEWALK,false,false,0524,,,,08B,1173479,1828583,,41.685044607,-87.640566815
,G683722,11/13/2001 05:00:00 PM,046XX S DAMEN AV,0820,THEFT,$500 AND UNDER,DEPARTMENT STORE,true,false,0914,,,,06,1163687,1874126,,41.810231837,-87.675137618
,G685026,11/13/2001 08:00:00 PM,036XX S RHODES AV,0810,THEFT,OVER $500,STREET,false,false,0212,,,,06,1180140,1880966,,41.828639699,-87.614580632
,G685016,11/13/2001 10:00:00 PM,012XX W ALBION AV,1320,CRIMINAL DAMAGE,TO VEHICLE,STREET,false,false,2432,,,,14,1166571,1944186,,42.002419958,-87.662549979
,G684239,11/13/2001 07:00:00 AM,023XX W MC LEAN AV,0610,BURGLARY,FORCIBLE ENTRY,APARTMENT,false,false,1432,,,,05,1160194,1913536,,41.91844946,-87.686861037
,G682528,11/13/2001 02:25:00 AM,055XX W NORTH AV,0312,ROBBERY,ARMED:KNIFE/CUTTING INSTRUMENT,STREET,false,false,2532,,,,03,1138792,1910119,,41.909488609,-87.76557768
,G685028,11/13/2001 09:00:00 PM,041XX S ARCHER AV,1310,CRIMINAL DAMAGE,TO PROPERTY,COMMERCIAL / BUSINESS OFFICE,false,false,0912,,,,14,1157528,1877011,,41.818275867,-87.697649901
,G682876,11/13/2001 10:00:00 AM,002XX W ROOT ST,0820,THEFT,$500 AND UNDER,STREET,false,false,0925,,,,06,1175224,1877491,,41.819215443,-87.632720895
,G900151,11/13/2001 10:50:00 AM,072XX S YATES AV,4651,OTHER OFFENSE,SEX OFFENDER: FAIL REG NEW ADD,RESIDENCE,false,false,0334,,,,26,1193500,1857487,,41.763894747,-87.566333288
,G684570,11/13/2001 11:57:00 PM,004XX W 127 ST,1310,CRIMINAL DAMAGE,TO PROPERTY,RESIDENCE,false,false,0523,,,,14,1175414,1820707,,41.66338869,-87.633717386
,G684120,11/13/2001 07:50:00 PM,022XX N MONITOR AV,0340,ROBBERY,ATTEMPT: STRONGARM-NO WEAPON,STREET,false,false,2515,,,,03,1136976,1914589,,41.921787603,-87.772141531
,G683868,11/13/2001 05:00:00 PM,069XX N GLENWOOD AV,1320,CRIMINAL DAMAGE,TO VEHICLE,STREET,false,false,2431,,,,14,1165740,1945827,,42.006940718,-87.665560051
,G683660,11/13/2001 03:05:00 PM,100XX S WOODLAWN AV,0560,ASSAULT,SIMPLE,CTA BUS,false,false,0511,,,,08A,1186575,1838846,,41.712908555,-87.592302903
,G684030,11/13/2001 07:30:00 AM,035XX S LEAVITT ST,0820,THEFT,$500 AND UNDER,PARKING LOT/GARAGE(NON.RESID.),false,false,0913,,,,06,1162220,1881433,,41.830313797,-87.680314715
,G682961,11/13/2001 10:15:00 AM,051XX S LAKE PARK AV,0560,ASSAULT,SIMPLE,GAS STATION,false,false,2132,,,,08A,1187540,1871122,,41.801454032,-87.587744357
,G683925,11/13/2001 04:00:00 PM,122XX S HALSTED ST,0560,ASSAULT,SIMPLE,STREET,false,false,0524,,,,08A,1173180,1823326,,41.670625138,-87.641815828
,G684793,11/13/2001 03:30:00 PM,028XX W 21 ST,0910,MOTOR VEHICLE THEFT,AUTOMOBILE,STREET,false,false,1023,,,,07,1157618,1889972,,41.853840545,-87.696967508
,G684062,11/13/2001 06:30:00 PM,076XX S CICERO AV,0820,THEFT,$500 AND UNDER,SMALL RETAIL STORE,true,false,0833,,,,06,1145766,1853744,,41.754658085,-87.741385006
,G684267,11/13/2001 03:00:00 AM,062XX S DORCHESTER AV,0610,BURGLARY,FORCIBLE ENTRY,APARTMENT,false,false,0314,,,,05,1186568,1864019,,41.78198593,-87.591533753
,G682767,11/13/2001 08:10:00 AM,082XX S SOUTH SHORE DR,0820,THEFT,$500 AND UNDER,"SCHOOL, PRIVATE, BUILDING",false,false,0424,,,,06,1198619,1851026,,41.746038541,-87.547787641
,G683076,11/13/2001 11:30:00 AM,015XX E 55 ST,1130,DECEPTIVE PRACTICE,FRAUD OR CONFIDENCE GAME,GROCERY FOOD STORE,true,false,2132,,,,11,1187428,1868878,,41.795298999,-87.588226431
,G683710,11/13/2001 04:10:00 PM,013XX N PAULINA ST,0810,THEFT,OVER $500,SIDEWALK,false,false,1433,,,,06,1164772,1909191,,41.906430563,-87.670164566
,G684323,11/13/2001 09:30:00 PM,068XX S RIDGELAND AV,1310,CRIMINAL DAMAGE,TO PROPERTY,APARTMENT,false,false,0332,,,,14,1189005,1859998,,41.770893947,-87.582727892
,G684246,11/13/2001 08:39:54 PM,027XX S KEDZIE AV,0460,BATTERY,SIMPLE,SIDEWALK,false,false,1032,,,,08B,1155424,1885860,,41.842601077,-87.705130756
,G685061,11/13/2001 06:30:00 PM,066XX N GLENWOOD AV,1320,CRIMINAL DAMAGE,TO VEHICLE,STREET,false,false,2432,,,,14,1165691,1944144,,42.002323582,-87.665788608
,G683025,11/13/2001 11:40:00 AM,016XX N CALIFORNIA AV,0820,THEFT,$500 AND UNDER,APARTMENT,false,false,1421,,,,06,1157404,1911069,,41.911737071,-87.69717897
,G682601,11/13/2001 05:30:00 AM,001XX N PINE AV,0325,ROBBERY,VEHICULAR HIJACKING,STREET,false,false,1523,,,,03,1139448,1900238,,41.882361997,-87.763408907
,G683875,11/13/2001 07:30:00 AM,009XX E 61 ST,0620,BURGLARY,UNLAWFUL ENTRY,APARTMENT,false,false,0313,,,,05,1183645,1864724,,41.783989209,-87.602228118
,G684319,11/13/2001 08:30:00 PM,002XX W 47 ST,0320,ROBBERY,STRONGARM - NO WEAPON,CTA PLATFORM,true,false,0935,,,,03,1175467,1873855,,41.809232487,-87.631938351
,G684593,11/13/2001 11:35:17 PM,003XX W OAK ST,2900,WEAPONS VIOLATION,UNLAWFUL USE/SALE AIR RIFLE,CHA PARKING LOT/GROUNDS,false,false,1823,,,,15,1173422,1907052,,41.900373132,-87.638453627
,G683650,11/13/2001 04:00:00 PM,011XX E 81 PL,0820,THEFT,$500 AND UNDER,RESIDENCE,false,false,0411,,,,06,1185290,1851226,,41.746910896,-87.596620876
,G682998,11/13/2001 10:20:00 AM,010XX N PARKSIDE AV,0320,ROBBERY,STRONGARM - NO WEAPON,OTHER,false,false,1511,,,,03,1138446,1906610,,41.899865771,-87.766933866
,G682780,11/13/2001 09:00:00 AM,013XX N WOOD ST,0810,THEFT,OVER $500,STREET,false,false,1424,,,,06,1164227,1909008,,41.905939943,-87.67217174
,G683926,11/13/2001 06:00:00 PM,048XX S BISHOP ST,0430,BATTERY,AGGRAVATED: OTHER DANG WEAPON,RESIDENCE,true,false,0933,,,,04B,1167451,1872367,,41.805325009,-87.661382179
,G683352,11/13/2001 02:35:00 PM,068XX N WESTERN AV,1310,CRIMINAL DAMAGE,TO PROPERTY,RESTAURANT,true,false,2411,,,,14,1159117,1945323,,42.005696895,-87.689941101
,G685032,11/13/2001 07:00:00 AM,030XX N PARKSIDE AV,0910,MOTOR VEHICLE THEFT,AUTOMOBILE,STREET,false,false,2514,,,,07,1138213,1919702,,41.935795925,-87.767472403
,G682902,11/13/2001 08:00:00 PM,037XX S HONORE ST,0910,MOTOR VEHICLE THEFT,AUTOMOBILE,STREET,false,false,0922,,,,07,1164668,1880132,,41.826692299,-87.671369716
,G683876,11/13/2001 05:15:00 PM,029XX E 87 ST,0820,THEFT,$500 AND UNDER,GAS STATION,false,false,0423,,,,06,1197261,1847891,,41.737469772,-87.552867708
,G684520,11/13/2001 11:35:00 PM,007XX N LATROBE AV,0610,BURGLARY,FORCIBLE ENTRY,RESIDENCE,false,false,1524,,,,05,1141188,1904279,,41.893419112,-87.756919842
,G684349,11/13/2001 09:50:50 PM,015XX S CENTRAL PARK AV,0460,BATTERY,SIMPLE,STREET,false,false,1014,,,,08B,1152576,1892438,,41.860708584,-87.715408516
,G682559,11/13/2001 04:20:00 AM,021XX E 71 ST,0610,BURGLARY,FORCIBLE ENTRY,SMALL RETAIL STORE,false,false,0331,,,,05,1191455,1858372,,41.766373051,-87.573799898
,G682649,11/13/2001 07:00:00 AM,034XX S PAULINA ST,0920,MOTOR VEHICLE THEFT,ATT: AUTOMOBILE,STREET,false,false,0922,,,,07,1165621,1881800,,41.831249263,-87.667825927
,G685082,11/13/2001 10:00:00 PM,072XX S HARVARD AV,0910,MOTOR VEHICLE THEFT,AUTOMOBILE,STREET,false,false,0731,,,,07,1175246,1857112,,41.763292877,-87.633248959
,G682588,11/13/2001 05:00:00 AM,005XX S LARAMIE AV,0610,BURGLARY,FORCIBLE ENTRY,COMMERCIAL / BUSINESS OFFICE,false,false,1522,,,,05,1141765,1897167,,41.873892245,-87.754976731
,G684040,11/13/2001 06:57:18 PM,070XX S PULASKI RD,0820,THEFT,$500 AND UNDER,DEPARTMENT STORE,true,false,0833,,,,06,1150888,1857319,,41.764370242,-87.722521111
,G685095,11/13/2001 08:30:00 AM,092XX S LAFLIN ST,2825,OTHER OFFENSE,HARASSMENT BY TELEPHONE,RESIDENCE,false,false,2221,,,,26,1167915,1843484,,41.72605631,-87.660509031
,G684960,11/13/2001 11:30:00 PM,103XX S MUSKEGON AV,0915,MOTOR VEHICLE THEFT,"TRUCK, BUS, MOTOR HOME",STREET,false,false,0434,,,,07,1196735,1836937,,41.70742411,-87.555157553
,G683555,11/13/2001 03:45:00 PM,070XX W WABANSIA AV,031A,ROBBERY,ARMED: HANDGUN,SIDEWALK,false,false,2513,,,,03,1129280,1910484,,41.910657674,-87.800512983
,G683682,11/13/2001 04:39:22 PM,028XX W 19 ST,0460,BATTERY,SIMPLE,HOSPITAL BUILDING/GROUNDS,false,false,1022,,,,08B,1157139,1890537,,41.855400695,-87.698710298
,G682686,11/13/2001 02:48:00 AM,118XX S LAFAYETTE AV,2825,OTHER OFFENSE,HARASSMENT BY TELEPHONE,RESIDENCE,false,false,0522,,,,26,1178084,1826379,,41.678893647,-87.62377561
,G683743,11/13/2001 05:00:52 PM,075XX S COTTAGE GROVE,0273,CRIM SEXUAL ASSAULT,ATTEMPT AGG: KNIFE/CUT INSTR,VACANT LOT/LAND,false,false,0624,,,,02,1182905,1855301,,41.758148826,-87.605233678
,G683197,11/13/2001 10:00:00 AM,034XX S INDIANA AV,0460,BATTERY,SIMPLE,NURSING HOME/RETIREMENT HOME,false,false,2112,,,,08B,1178120,1882420,,41.832675724,-87.621947615
,G683902,11/13/2001 06:18:07 PM,028XX S CHRISTIANA AV,0460,BATTERY,SIMPLE,SIDEWALK,false,false,1032,,,,08B,1154446,1885168,,41.84072172,-87.708738243
,G684170,11/13/2001 07:50:00 PM,029XX E 87 ST,0820,THEFT,$500 AND UNDER,GAS STATION,false,false,0423,,,,06,1197261,1847891,,41.737469772,-87.552867708
,G685056,11/13/2001 08:00:00 PM,067XX N SHERIDAN RD,1310,CRIMINAL DAMAGE,TO PROPERTY,RESIDENCE,false,false,2432,,,,14,1166991,1944849,,42.004230202,-87.660985691
,G685112,11/13/2001 06:30:00 AM,035XX S ARCHER AV,1320,CRIMINAL DAMAGE,TO VEHICLE,PARKING LOT/GARAGE(NON.RESID.),false,false,0913,,,,14,1162884,1881472,,41.830406941,-87.677877387
,G683388,11/13/2001 02:08:23 PM,018XX S KEELER AV,0560,ASSAULT,SIMPLE,"SCHOOL, PUBLIC, BUILDING",false,false,1012,,,,08A,1148638,1890728,,41.856092999,-87.729908249
,G683544,11/13/2001 06:50:00 AM,031XX N NASHVILLE AV,0610,BURGLARY,FORCIBLE ENTRY,RESIDENCE,false,false,2511,,,,05,1131921,1920108,,41.93702167,-87.79058695
,G683214,11/13/2001 01:05:00 PM,039XX N ELSTON AV,031A,ROBBERY,ARMED: HANDGUN,TAVERN/LIQUOR STORE,false,false,1732,,,,03,1151350,1926249,,41.953513307,-87.719020059
,G683348,11/13/2001 02:09:08 PM,017XX W CERMAK RD,0560,ASSAULT,SIMPLE,SMALL RETAIL STORE,false,false,1034,,,,08A,1165271,1889420,,41.852166734,-87.668893813
,G683934,11/13/2001 06:08:52 PM,076XX S CICERO AV,0820,THEFT,$500 AND UNDER,DEPARTMENT STORE,true,false,0833,,,,06,1145766,1853744,,41.754658085,-87.741385006
,G682676,11/13/2001 08:12:09 AM,015XX S MICHIGAN AV,0810,THEFT,OVER $500,OTHER,false,false,0132,,,,06,1177427,1892960,,41.861613954,-87.624170967
,G683586,11/13/2001 03:57:30 PM,121XX S LOWE AV,0460,BATTERY,SIMPLE,SIDEWALK,false,false,0523,,,,08B,1174128,1824470,,41.673743533,-87.638312454
,G682493,11/13/2001 12:56:26 AM,077XX S FIELDING AV,0930,MOTOR VEHICLE THEFT,THEFT/RECOVERY: AUTOMOBILE,STREET,true,false,0621,,,,07,1173973,1853426,,41.75320638,-87.638023925
,G682739,11/13/2001 09:00:00 AM,041XX W 79 ST,1330,CRIMINAL TRESPASS,TO LAND,RESIDENCE,true,false,0834,,,,26,1150406,1851945,,41.749632454,-87.724427202
,G682477,11/13/2001 01:05:33 AM,076XX S SANGAMON ST,1320,CRIMINAL DAMAGE,TO VEHICLE,STREET,false,false,0621,,,,14,1171255,1854323,,41.75572771,-87.647958153
,G683041,11/13/2001 11:37:43 AM,070XX S PULASKI RD,0820,THEFT,$500 AND UNDER,DEPARTMENT STORE,true,false,0833,,,,06,1150888,1857319,,41.764370242,-87.722521111
,G683483,11/13/2001 03:07:00 PM,014XX W LUNT AV,1210,DECEPTIVE PRACTICE,THEFT OF LABOR/SERVICES,SIDEWALK,true,false,2423,,,,11,1165559,1946659,,42.009227613,-87.666202123
,G684256,11/13/2001 08:35:43 PM,051XX S KEDZIE AV,0820,THEFT,$500 AND UNDER,PARKING LOT/GARAGE(NON.RESID.),false,false,0822,,,,06,1155868,1870603,,41.800724996,-87.70391154
,G683549,11/13/2001 03:35:00 PM,020XX S MICHIGAN AV,1330,CRIMINAL TRESPASS,TO LAND,OTHER,true,false,2111,,,,26,1177566,1890708,,41.855431167,-87.62372905
,G683568,11/13/2001 01:30:00 PM,026XX N DRAKE AV,0460,BATTERY,SIMPLE,RESIDENCE,false,true,1412,,,,08B,1152228,1917253,,41.928810276,-87.716030577
,G685139,11/13/2001 09:50:00 PM,006XX W 103 ST,2825,OTHER OFFENSE,HARASSMENT BY TELEPHONE,RESIDENCE,false,false,2232,,,,26,1173730,1836611,,41.707069121,-87.639411202
,G683392,11/13/2001 10:15:00 AM,047XX W NORTH AV,0810,THEFT,OVER $500,STREET,false,false,2533,,,,06,1144388,1910251,,41.909747347,-87.745016824
,G683068,11/13/2001 12:00:00 PM,021XX E 71 ST,0820,THEFT,$500 AND UNDER,GROCERY FOOD STORE,true,false,0333,,,,06,1191459,1858232,,41.765988783,-87.573789768
,G683951,11/13/2001 06:20:00 PM,077XX S PHILLIPS AV,1320,CRIMINAL DAMAGE,TO VEHICLE,STREET,false,false,0421,,,,14,1193919,1853840,,41.753876837,-87.564916987
,G683615,11/13/2001 02:40:00 PM,028XX S CALUMET AV,0560,ASSAULT,SIMPLE,"SCHOOL, PUBLIC, BUILDING",false,false,2112,,,,08A,1178990,1886100,,41.842754096,-87.618643131
,G683507,11/13/2001 02:25:00 PM,034XX W MONTROSE AV,1150,DECEPTIVE PRACTICE,CREDIT CARD FRAUD,SMALL RETAIL STORE,true,false,1723,,,,11,1152889,1929075,,41.961237631,-87.713287352
,G684119,11/13/2001 07:00:00 PM,089XX S STONY ISLAND AV,1310,CRIMINAL DAMAGE,TO PROPERTY,BAR OR TAVERN,false,false,0413,,,,14,1188320,1845836,,41.732048476,-87.585689907
,G683117,11/13/2001 12:15:00 PM,016XX W GRANVILLE AV,5002,OTHER OFFENSE,OTHER VEHICLE OFFENSE,STREET,true,false,2433,,,,26,1164505,1941221,,41.994328088,-87.670235046
,G683479,11/13/2001 03:06:29 PM,062XX S ARTESIAN AV,1310,CRIMINAL DAMAGE,TO PROPERTY,APARTMENT,false,false,0825,,,,14,1161153,1863094,,41.780011471,-87.684737341
,G683712,11/13/2001 04:40:27 PM,047XX S WOODLAWN AV,0460,BATTERY,SIMPLE,APARTMENT,true,true,2124,,,,08B,1185004,1873733,,41.808678799,-87.596962639
,G683834,11/13/2001 02:00:00 AM,027XX S HOMAN AV,1320,CRIMINAL DAMAGE,TO VEHICLE,STREET,false,false,1032,,,,14,1154188,1885393,,41.841344292,-87.709679016
,G684139,11/13/2001 07:00:00 PM,095XX S CONSTANCE AV,1310,CRIMINAL DAMAGE,TO PROPERTY,APARTMENT,false,false,0431,,,,14,1190147,1841919,,41.721256088,-87.57912268
,G685167,11/13/2001 07:00:00 PM,023XX N STOCKTON DR,0820,THEFT,$500 AND UNDER,STREET,false,false,1814,,,,06,1174039,1915626,,41.923886853,-87.635931313
,G683655,11/13/2001 04:30:23 PM,121XX S LOWE AV,0460,BATTERY,SIMPLE,STREET,false,false,0523,,,,08B,1174128,1824470,,41.673743533,-87.638312454
,G682898,11/13/2001 09:30:00 AM,027XX N LARAMIE AV,0810,THEFT,OVER $500,STREET,false,false,2514,,,,06,1141191,1918102,,41.931350904,-87.756567434
,G684142,11/13/2001 07:55:28 PM,040XX W 58 PL,1310,CRIMINAL DAMAGE,TO PROPERTY,RESIDENCE,false,false,0813,,,,14,1150469,1865463,,41.786726839,-87.72384532
,G683831,11/13/2001 05:00:00 PM,019XX W ARMITAGE AV,0460,BATTERY,SIMPLE,APARTMENT,false,true,1434,,,,08B,1163174,1913278,,41.917679326,-87.675919559
,G682501,11/13/2001 01:45:34 AM,076XX S MAY ST,0460,BATTERY,SIMPLE,RESIDENCE,true,true,0612,,,,08B,1170023,1853836,,41.754418162,-87.652487261
,G683789,11/13/2001 04:00:00 PM,023XX S STATE ST,0810,THEFT,OVER $500,OTHER,false,false,2113,,,,06,1176642,1888869,,41.850405727,-87.627176034
,G683301,11/13/2001 01:46:21 PM,105XX S SANGAMON ST,051A,ASSAULT,AGGRAVATED: HANDGUN,VEHICLE NON-COMMERCIAL,false,true,2232,,,,04A,1171821,1834568,,41.701504818,-87.646461612
,G683199,11/13/2001 08:20:00 AM,003XX S CANAL ST,0820,THEFT,$500 AND UNDER,STREET,false,false,0111,,,,06,1173146,1898889,,41.877979501,-87.639709743
,G685175,11/13/2001 06:00:00 PM,040XX W FIFTH AV,0810,THEFT,OVER $500,RESIDENCE,false,false,1132,,,,06,1149351,1896760,,41.872631747,-87.727134816
,G684176,11/13/2001 07:50:00 PM,016XX E 87 ST,1310,CRIMINAL DAMAGE,TO PROPERTY,RESTAURANT,false,false,0412,,,,14,1188824,1847583,,41.736830391,-87.583787837
,G683995,11/13/2001 06:30:00 PM,095XX S KING DR,0460,BATTERY,SIMPLE,RESIDENCE,false,true,0512,,,,08B,1180557,1841562,,41.720501619,-87.614259505
,G684491,11/13/2001 07:00:00 PM,031XX N ODELL AV,0810,THEFT,OVER $500,PARKING LOT/GARAGE(NON.RESID.),false,false,2511,,,,06,1126571,1920260,,41.937530038,-87.810245994
,G684452,11/13/2001 10:30:00 PM,024XX N SAWYER AV,0460,BATTERY,SIMPLE,APARTMENT,false,true,1413,,,,08B,1154104,1916067,,41.925518528,-87.709168578
,G682947,11/13/2001 10:00:00 AM,069XX S SOUTH CHICAGO AV,0820,THEFT,$500 AND UNDER,STREET,false,false,0321,,,,06,1181779,1859115,,41.76864091,-87.609242651
,G685060,11/13/2001 08:00:00 PM,055XX N KENMORE AV,0820,THEFT,$500 AND UNDER,OTHER,false,false,2023,,,,06,1168205,1937088,,41.982907619,-87.656744989
,G684206,11/13/2001 08:15:00 PM,036XX W 63 PL,1320,CRIMINAL DAMAGE,TO VEHICLE,STREET,false,false,0823,,,,14,1153025,1862290,,41.777969541,-87.714557281
,G684536,11/13/2001 11:40:00 PM,026XX W DIVISION ST,0460,BATTERY,SIMPLE,SIDEWALK,false,true,1423,,,,08B,1158504,1907917,,41.903065268,-87.69322431
,G684490,11/13/2001 10:30:00 PM,120XX S PRAIRIE AV,0460,BATTERY,SIMPLE,RESIDENCE,false,true,0532,,,,08B,1180035,1825175,,41.67554538,-87.61667088
,G684257,11/13/2001 09:02:42 PM,012XX S CALIFORNIA BL,1310,CRIMINAL DAMAGE,TO PROPERTY,STREET,false,false,1022,,,,14,1157832,1894574,,41.866464563,-87.69605667
,G683817,11/13/2001 08:00:00 AM,024XX S KING DR,0810,THEFT,OVER $500,PARKING LOT/GARAGE(NON.RESID.),false,false,2122,,,,06,1179335,1888155,,41.84838527,-87.617314212
,G900206,11/13/2001 10:45:00 AM,068XX W GRAND AV,0820,THEFT,$500 AND UNDER,OTHER,true,false,2512,,,,06,1130497,1915245,,41.923701631,-87.795932483
,G684159,11/13/2001 08:00:00 PM,109XX S VERNON AV,0460,BATTERY,SIMPLE,RESIDENCE,false,true,0513,,,,08B,1181144,1832527,,41.695694925,-87.612386546
,G682519,11/13/2001 02:18:38 AM,003XX E 76 ST,0820,THEFT,$500 AND UNDER,STREET,false,false,0623,,,,06,1179514,1854645,,41.756426774,-87.617681247
,G684309,11/13/2001 09:15:00 PM,012XX N WESTERN AV,0460,BATTERY,SIMPLE,SIDEWALK,false,false,1423,,,,08B,1160147,1908038,,41.903363501,-87.687185893
,G684079,11/13/2001 06:35:00 PM,022XX N DRAKE AV,0460,BATTERY,SIMPLE,STREET,false,false,1413,,,,08B,1152404,1914765,,41.921979516,-87.715449711
,G684549,11/13/2001 11:45:00 PM,119XX S WALLACE ST,0460,BATTERY,SIMPLE,RESIDENCE,false,true,0524,,,,08B,1174505,1825428,,41.676364086,-87.636904259
,G683365,11/13/2001 02:21:00 PM,108XX S MICHIGAN AV,4650,OTHER OFFENSE,SEX OFFENDER: FAIL TO REGISTER,OTHER,false,false,0513,,,,26,1178801,1832744,,41.6963439,-87.620958458
,G683871,11/13/2001 06:00:00 PM,017XX N KOSTNER AV,0820,THEFT,$500 AND UNDER,DEPARTMENT STORE,true,false,2533,,,,06,1146739,1911368,,41.912767935,-87.736351587
,G685176,11/13/2001 08:00:00 PM,025XX W FITCH AV,0820,THEFT,$500 AND UNDER,STREET,false,false,2411,,,,06,1157916,1947391,,42.011396237,-87.69430291
,G683259,11/13/2001 01:00:00 PM,001XX N STATE ST,0810,THEFT,OVER $500,SMALL RETAIL STORE,false,false,0122,,,,06,1176299,1901298,,41.884519427,-87.628060119
,G682564,11/13/2001 03:58:04 AM,080XX S CHAMPLAIN AV,0820,THEFT,$500 AND UNDER,STREET,true,false,0631,,,,06,1181922,1851778,,41.748504112,-87.608944948
,G900186,11/13/2001 10:20:00 AM,013XX N PULASKI RD,0820,THEFT,$500 AND UNDER,DRUG STORE,false,false,2534,,,,06,1149427,1908785,,41.905628165,-87.726543582
,G683346,11/13/2001 08:45:00 AM,081XX S EUCLID AV,0610,BURGLARY,FORCIBLE ENTRY,RESIDENCE,false,false,0414,,,,05,1190659,1851024,,41.746228762,-87.576954276
,G682954,11/13/2001 05:00:00 AM,112XX S KING DR,0910,MOTOR VEHICLE THEFT,AUTOMOBILE,STREET,false,false,0531,,,,07,1180949,1830566,,41.690318147,-87.613160533
,G682710,11/13/2001 08:12:05 AM,093XX S FOREST AV,0460,BATTERY,SIMPLE,RESIDENCE,false,true,0633,,,,08B,1179939,1842934,,41.724280702,-87.616481226
,G684333,11/13/2001 09:40:00 PM,031XX S MICHIGAN AV,1330,CRIMINAL TRESPASS,TO LAND,RESIDENCE PORCH/HALLWAY,true,false,2112,,,,26,1177739,1884299,,41.837840493,-87.623288562
,G683699,11/13/2001 12:20:00 PM,030XX N MOBILE AV,0810,THEFT,OVER $500,"SCHOOL, PUBLIC, BUILDING",false,false,2511,,,,06,1133838,1919613,,41.935629815,-87.783553233
,G684191,11/13/2001 08:19:46 PM,010XX N RUSH ST,0460,BATTERY,SIMPLE,STREET,true,false,1824,,,,08B,1176247,1907518,,41.901588599,-87.628063323
,G682542,11/13/2001 02:45:00 AM,071XX S STATE ST,0460,BATTERY,SIMPLE,STREET,false,false,0323,,,,08B,1177565,1857517,,41.764352135,-87.624737198
,G682732,11/13/2001 08:30:00 AM,0000X W 79 ST,1210,DECEPTIVE PRACTICE,THEFT OF LABOR/SERVICES,CTA PLATFORM,true,false,0623,,,,11,1177484,1852588,,41.750828226,-87.625182794
,G684023,11/13/2001 06:18:01 PM,046XX N MANOR AV,0460,BATTERY,SIMPLE,RESIDENCE PORCH/HALLWAY,true,true,1724,,,,08B,1156397,1930714,,41.965664763,-87.700345497
,G682749,11/13/2001 08:55:00 AM,086XX S MORGAN ST,0820,THEFT,$500 AND UNDER,RESIDENCE,false,true,0613,,,,06,1171193,1847703,,41.737562903,-87.64837849
,G685249,11/13/2001 07:00:00 PM,006XX N MICHIGAN AV,0810,THEFT,OVER $500,MOVIE HOUSE/THEATER,false,false,1834,,,,06,1177289,1904248,,41.892591994,-87.624335244
,G685237,11/13/2001 06:00:00 PM,069XX S ABERDEEN ST,5001,OTHER OFFENSE,OTHER CRIME INVOLVING PROPERTY,STREET,true,false,0733,,,,26,1170142,1858730,,41.767845342,-87.651909091
,G682899,11/13/2001 10:14:40 AM,110XX S NORMAL AV,0460,BATTERY,SIMPLE,OTHER,false,true,2233,,,,08B,1174889,1831605,,41.693306209,-87.635315538
,G683022,11/13/2001 11:57:04 AM,101XX S WESTERN AV,0560,ASSAULT,SIMPLE,STREET,false,false,2213,,,,08A,1162218,1837193,,41.708913062,-87.681552119
,G683487,11/13/2001 02:56:55 PM,117XX S ARTESIAN AV,0460,BATTERY,SIMPLE,RESIDENCE,true,true,2212,,,,08B,1162208,1826748,,41.680250341,-87.68187804
,G684368,11/13/2001 09:50:00 PM,048XX S DREXEL BL,031A,ROBBERY,ARMED: HANDGUN,SIDEWALK,false,false,2124,,,,03,1182957,1873340,,41.80764826,-87.604482721
,G685151,11/13/2001 11:00:00 PM,061XX W LAWRENCE AV,0910,MOTOR VEHICLE THEFT,AUTOMOBILE,STREET,false,false,1622,,,,07,1134710,1931299,,41.967682017,-87.780071274
,G685201,11/13/2001 09:00:00 AM,021XX S HOMAN AV,5001,OTHER OFFENSE,OTHER CRIME INVOLVING PROPERTY,STREET,false,false,1024,,,,26,1153980,1889812,,41.853474695,-87.710324668
,G683649,11/13/2001 04:14:34 PM,013XX W 97 ST,0530,ASSAULT,AGGRAVATED: OTHER DANG WEAPON,SIDEWALK,false,false,2213,,,,04A,1169327,1840633,,41.718202339,-87.655419004
,G683314,11/13/2001 01:45:00 PM,027XX E 87 ST,5011,OTHER OFFENSE,LICENSE VIOLATION,RESTAURANT,true,false,0423,,,,26,1196201,1847785,,41.737205213,-87.556754674
,G683670,11/13/2001 04:30:00 PM,002XX S WABASH AV,0820,THEFT,$500 AND UNDER,SMALL RETAIL STORE,true,false,0123,,,,06,1176805,1899339,,41.879132396,-87.62626131
,G684049,11/13/2001 06:57:56 PM,105XX S HALE AV,0460,BATTERY,SIMPLE,APARTMENT,false,true,2212,,,,08B,1165643,1834490,,41.701423759,-87.669085725
,G682842,11/13/2001 09:06:20 AM,058XX S HOMAN AV,1792,KIDNAPPING,CHILD ABDUCTION/STRANGER,ALLEY,false,false,0822,,,,20,1154749,1865777,,41.787504172,-87.708144032
,G684107,11/13/2001 11:15:00 AM,074XX S PHILLIPS AV,0460,BATTERY,SIMPLE,SIDEWALK,false,false,0334,,,,08B,1193976,1856065,,41.759981012,-87.564635249
,G683897,11/13/2001 06:20:00 PM,004XX E 63 ST,0520,ASSAULT,AGGRAVATED:KNIFE/CUTTING INSTR,TAVERN/LIQUOR STORE,false,false,0312,,,,04A,1180295,1863296,,41.780148147,-87.614554112
,G684449,11/13/2001 10:37:51 PM,007XX W 102 ST,0460,BATTERY,SIMPLE,PARKING LOT/GARAGE(NON.RESID.),true,true,2232,,,,08B,1172884,1837254,,41.708852274,-87.642490353
,G684573,11/13/2001 11:55:00 PM,045XX S GREENWOOD AV,1330,CRIMINAL TRESPASS,TO LAND,RESIDENCE,true,false,2123,,,,26,1184307,1875134,,41.812539605,-87.59947517
,G682974,11/13/2001 11:36:26 AM,012XX N LARRABEE ST,1350,CRIMINAL TRESPASS,TO STATE SUP LAND,CHA HALLWAY/STAIRWELL/ELEVATOR,true,false,1822,,,,26,1172063,1908604,,41.904662004,-87.643399403
,G683778,11/13/2001 05:45:00 PM,0000X N STATE ST,0820,THEFT,$500 AND UNDER,DEPARTMENT STORE,true,false,0122,,,,06,1176405,1900498,,41.882321791,-87.627695033
,G683744,11/13/2001 04:15:00 PM,070XX S VERNON AV,0910,MOTOR VEHICLE THEFT,AUTOMOBILE,STREET,false,false,0322,,,,07,1180418,1858670,,41.767451117,-87.614244985
,G684289,11/13/2001 08:54:33 PM,030XX W 107 ST,031A,ROBBERY,ARMED: HANDGUN,STREET,false,false,2211,,,,03,1157769,1833559,,41.699031963,-87.697943128
,G682973,11/13/2001 02:00:00 AM,013XX N CAMPBELL AV,0910,MOTOR VEHICLE THEFT,AUTOMOBILE,STREET,true,false,1423,,,,07,1159542,1908598,,41.90491267,-87.689392749
,G683717,11/13/2001 04:20:00 PM,026XX W ARMITAGE AV,1310,CRIMINAL DAMAGE,TO PROPERTY,RESIDENCE,false,false,1431,,,,14,1158290,1913222,,41.917626992,-87.693865097
,G684137,11/13/2001 07:58:00 PM,064XX S KING DR,0460,BATTERY,SIMPLE,STREET,false,false,0312,,,,08B,1179980,1862630,,41.778327797,-87.615729316
,G684351,11/13/2001 09:49:12 PM,013XX W 95 ST,031A,ROBBERY,ARMED: HANDGUN,RESTAURANT,true,false,2222,,,,03,1169218,1841802,,41.721412606,-87.655784535
,G683981,11/13/2001 06:00:00 PM,0000X S STATE ST,0810,THEFT,OVER $500,DEPARTMENT STORE,true,false,0123,,,,06,1176418,1900379,,41.881994955,-87.62765089
,G683580,11/13/2001 04:00:00 PM,020XX N HUMBOLDT BL,0460,BATTERY,SIMPLE,OTHER,false,false,1414,,,,08B,1156011,1913156,,41.917492208,-87.702240027
,G684299,11/13/2001 02:00:00 PM,062XX S PARK SHORE EAST CT,0910,MOTOR VEHICLE THEFT,AUTOMOBILE,SIDEWALK,true,false,0314,,,,07,1187526,1864112,,41.782218397,-87.588018574
,G683174,11/13/2001 12:43:21 PM,107XX S PARNELL AV,0610,BURGLARY,FORCIBLE ENTRY,RESIDENCE,false,false,2233,,,,05,1174577,1833677,,41.698999021,-87.636396451
,G683177,11/13/2001 12:43:26 PM,104XX S GREEN ST,0610,BURGLARY,FORCIBLE ENTRY,RESIDENCE,false,false,2233,,,,05,1172534,1835569,,41.70423608,-87.643821493
,G684084,11/13/2001 07:00:00 PM,061XX S EBERHART AV,0460,BATTERY,SIMPLE,RESIDENCE,false,false,0313,,,,08B,1180591,1864581,,41.783667515,-87.613429499
,G684422,11/13/2001 10:20:17 PM,014XX N HALSTED ST,1330,CRIMINAL TRESPASS,TO LAND,CHA PARKING LOT/GROUNDS,true,false,1822,,,,26,1170711,1909552,,41.907293101,-87.648337844
,G684187,11/13/2001 08:15:44 PM,105XX S HALE AV,0610,BURGLARY,FORCIBLE ENTRY,APARTMENT,false,false,2212,,,,05,1165656,1834649,,41.701859806,-87.669033632
,G682843,11/13/2001 09:25:00 AM,068XX S HALSTED ST,0910,MOTOR VEHICLE THEFT,AUTOMOBILE,STREET,false,false,0723,,,,07,1172191,1859367,,41.769548555,-87.64437989
,G682860,11/13/2001 09:25:00 AM,001XX W 109 ST,1350,CRIMINAL TRESPASS,TO STATE SUP LAND,"SCHOOL, PUBLIC, BUILDING",false,false,0513,,,,26,1177114,1832710,,41.696288722,-87.627136204
,G683833,11/13/2001 05:45:00 PM,038XX S WENTWORTH AV,1310,CRIMINAL DAMAGE,TO PROPERTY,RESIDENCE,false,false,0925,,,,14,1175550,1879347,,41.824301169,-87.631469392
,G684285,11/13/2001 11:30:00 AM,018XX W 103 ST,0610,BURGLARY,FORCIBLE ENTRY,COMMERCIAL / BUSINESS OFFICE,false,false,2213,,,,05,1166039,1836422,,41.706717094,-87.667581007
,G683718,11/13/2001 04:30:00 PM,024XX W 45 PL,1320,CRIMINAL DAMAGE,TO VEHICLE,SIDEWALK,false,false,0914,,,,14,1160811,1874396,,41.811032709,-87.685679001
,G684078,11/13/2001 07:40:00 PM,075XX S STONY ISLAND AV,0460,BATTERY,SIMPLE,GAS STATION,false,false,0411,,,,08B,1188074,1855551,,41.758713237,-87.586282112
,G683250,11/13/2001 01:00:00 PM,002XX W 103 PL,0460,BATTERY,SIMPLE,RESIDENCE,false,true,0512,,,,08B,1176602,1836351,,41.706291654,-87.628901784
,G682717,11/13/2001 08:37:44 AM,014XX W 115 ST,0610,BURGLARY,FORCIBLE ENTRY,RESTAURANT,false,false,2234,,,,05,1168285,1828510,,41.684957325,-87.659582832
,G684493,11/13/2001 07:31:00 PM,017XX W 63 ST,0910,MOTOR VEHICLE THEFT,AUTOMOBILE,STREET,false,false,0714,,,,07,1165609,1862942,,41.779500972,-87.668405248
,G684640,11/13/2001 09:30:00 PM,070XX N RAVENSWOOD AV,1320,CRIMINAL DAMAGE,TO VEHICLE,STREET,false,false,2424,,,,14,1163109,1946946,,42.010067184,-87.675208266
,G684238,11/13/2001 08:30:00 PM,071XX S SOUTH CHICAGO AV,0460,BATTERY,SIMPLE,STREET,false,false,0323,,,,08B,1182786,1858057,,41.765714331,-87.605584345
,G684231,11/13/2001 08:32:23 PM,091XX S PROSPECT SQ,0820,THEFT,$500 AND UNDER,PARKING LOT/GARAGE(NON.RESID.),false,false,2221,,,,06,1165873,1844291,,41.728314397,-87.667966199
,G684292,11/13/2001 09:00:13 PM,107XX S PULASKI RD,0810,THEFT,OVER $500,PARKING LOT/GARAGE(NON.RESID.),false,false,2211,,,,06,1151631,1832877,,41.697282486,-87.720435707
,G682527,11/13/2001 02:16:06 AM,023XX N STOCKTON DR,0820,THEFT,$500 AND UNDER,STREET,true,false,1814,,,,06,1174009,1916110,,41.925215638,-87.636027081
,G684511,11/13/2001 11:15:00 PM,071XX S YATES BL,0460,BATTERY,SIMPLE,APARTMENT,false,false,0334,,,,08B,1193412,1857920,,41.765085084,-87.566641676
,G683998,11/13/2001 06:16:06 PM,022XX W 95 ST,0820,THEFT,$500 AND UNDER,SMALL RETAIL STORE,false,false,2221,,,,06,1163226,1841646,,41.721111832,-87.677736531
,G683841,11/13/2001 05:50:00 PM,007XX N LARAMIE AV,0560,ASSAULT,SIMPLE,ALLEY,false,false,1531,,,,08A,1141596,1904452,,41.893886313,-87.755417104
,G683462,11/13/2001 02:47:12 PM,018XX S INDIANA AV,0810,THEFT,OVER $500,RESIDENCE,false,false,0133,,,,06,1177907,1891289,,41.857017729,-87.62245978
,G684175,11/13/2001 08:00:00 PM,114XX S HALSTED ST,0820,THEFT,$500 AND UNDER,GROCERY FOOD STORE,true,false,2234,,,,06,1172990,1829078,,41.686413743,-87.642342382
,G683456,11/13/2001 02:26:56 PM,019XX N LINCOLN PARK WEST,0820,THEFT,$500 AND UNDER,VEHICLE NON-COMMERCIAL,true,false,1814,,,,06,1173907,1913155,,41.917109268,-87.636490106
,G683845,11/13/2001 05:00:00 PM,039XX S CAMPBELL AV,4387,OTHER OFFENSE,VIOLATE ORDER OF PROTECTION,APARTMENT,false,false,0914,,,,26,1160387,1878339,,41.821861538,-87.687125444
,G685405,11/13/2001 08:00:00 PM,064XX S DR MARTN LUTHR KING JR DR,1320,CRIMINAL DAMAGE,TO VEHICLE,STREET,false,false,0312,,,,14,1179985,1862486,,41.777932532,-87.615715391
,G684483,11/13/2001 10:45:00 PM,025XX W 46 ST,0460,BATTERY,SIMPLE,RESIDENCE,true,false,0914,,,,08B,1160102,1874046,,41.810086899,-87.688289204
,G684453,11/13/2001 10:35:00 PM,010XX N LECLAIRE AV,0530,ASSAULT,AGGRAVATED: OTHER DANG WEAPON,STREET,false,false,1531,,,,04A,1142133,1906312,,41.898980429,-87.753398678
,G683481,11/13/2001 03:01:35 PM,036XX S NORMAL AV,0460,BATTERY,SIMPLE,RESIDENCE,false,false,0925,,,,08B,1173604,1880524,,41.827574364,-87.638573678
,G684806,11/13/2001 04:00:00 PM,063XX N GLENWOOD AV,1320,CRIMINAL DAMAGE,TO VEHICLE,STREET,false,false,2433,,,,14,1165865,1942150,,41.996848279,-87.665205723
,G684328,11/13/2001 09:15:00 PM,009XX N LOCKWOOD AV,1310,CRIMINAL DAMAGE,TO PROPERTY,RESIDENCE,false,false,1524,,,,14,1140887,1905933,,41.897963429,-87.757984588
,G683040,11/13/2001 11:53:37 AM,089XX S ASHLAND AV,0820,THEFT,$500 AND UNDER,HOTEL/MOTEL,false,false,2221,,,,06,1167271,1845598,,41.731871232,-87.662807732
,G682841,11/13/2001 09:30:00 AM,015XX W HOWARD ST,4310,OTHER OFFENSE,POSSESSION OF BURGLARY TOOLS,GAS STATION,true,false,2422,,,,26,1164360,1950385,,42.019477377,-87.670507435
,G684045,11/13/2001 06:53:51 PM,001XX N STATE ST,0820,THEFT,$500 AND UNDER,DEPARTMENT STORE,true,false,0122,,,,06,1176391,1900935,,41.88352126,-87.627733247
,G683421,11/13/2001 09:00:00 AM,117XX S ARTESIAN AV,0810,THEFT,OVER $500,RESIDENCE,false,false,2212,,,,06,1162208,1826748,,41.680250341,-87.68187804
,G683963,11/13/2001 06:00:00 PM,056XX W MADISON ST,1320,CRIMINAL DAMAGE,TO VEHICLE,STREET,false,false,1513,,,,14,1138190,1899480,,41.880304778,-87.768046702
,G684263,11/13/2001 08:34:00 PM,074XX S YATES AV,0460,BATTERY,SIMPLE,SIDEWALK,false,false,0334,,,,08B,1193536,1856061,,41.759980814,-87.56624795
,G683884,11/13/2001 06:00:00 PM,019XX N MILWAUKEE AV,1320,CRIMINAL DAMAGE,TO VEHICLE,STREET,false,false,1434,,,,14,1160240,1912831,,41.916513937,-87.686711559
,G684125,11/13/2001 07:38:52 PM,013XX W 88 ST,0810,THEFT,OVER $500,RESIDENCE PORCH/HALLWAY,false,false,2222,,,,06,1168883,1846447,,41.734166398,-87.656877873
,G683746,11/13/2001 04:40:00 PM,049XX W ADAMS ST,1310,CRIMINAL DAMAGE,TO PROPERTY,RESIDENCE PORCH/HALLWAY,false,false,1533,,,,14,1143539,1898838,,41.878444691,-87.748421552
,G685449,11/13/2001 08:00:00 PM,020XX N LARAMIE AV,0820,THEFT,$500 AND UNDER,STREET,false,false,2522,,,,06,1141432,1913018,,41.917395423,-87.755807621
,G682799,11/13/2001 09:23:04 AM,088XX S UNION AV,1320,CRIMINAL DAMAGE,TO VEHICLE,STREET,false,false,2223,,,,14,1173234,1846013,,41.732880496,-87.640950647
,G682744,11/13/2001 08:50:00 AM,002XX W 43 ST,0460,BATTERY,SIMPLE,RESIDENCE,false,false,0935,,,,08B,1175463,1876509,,41.816515396,-87.631873564
,G684034,11/13/2001 07:14:15 PM,0000X E HURON ST,0810,THEFT,OVER $500,VEHICLE NON-COMMERCIAL,true,false,1834,,,,06,1176770,1905046,,41.894793498,-87.626217146
,G684140,11/13/2001 07:45:00 PM,035XX S WENTWORTH AV,0460,BATTERY,SIMPLE,VEHICLE NON-COMMERCIAL,false,false,0925,,,,08B,1175480,1881759,,41.830921471,-87.631653924
,G682818,11/13/2001 09:35:00 AM,030XX W 111 ST,1310,CRIMINAL DAMAGE,TO PROPERTY,SMALL RETAIL STORE,false,false,2211,,,,14,1158036,1830817,,41.691501998,-87.697039657
,G685121,11/13/2001 07:00:00 PM,108XX S TORRENCE AV,1320,CRIMINAL DAMAGE,TO VEHICLE,STREET,false,false,0434,,,,14,1195529,1833536,,41.698121247,-87.559685734
,G684141,11/13/2001 07:30:00 PM,009XX N PARKSIDE AV,2820,OTHER OFFENSE,TELEPHONE THREAT,RESIDENCE,false,true,1511,,,,26,1138467,1905967,,41.89810092,-87.766872326
,G683820,11/13/2001 05:15:00 PM,027XX S NORMAL AV,0460,BATTERY,SIMPLE,APARTMENT,true,false,0923,,,,08B,1173230,1886499,,41.843978568,-87.639768824
,G683077,11/13/2001 11:30:00 AM,114XX S LONGWOOD DR,2820,OTHER OFFENSE,TELEPHONE THREAT,RESIDENCE,false,false,2212,,,,26,1164667,1828820,,41.685884903,-87.672818741
,G684481,11/13/2001 07:30:00 PM,006XX S CENTRAL AV,2820,OTHER OFFENSE,TELEPHONE THREAT,HOSPITAL BUILDING/GROUNDS,false,true,1522,,,,26,1139193,1896571,,41.87230391,-87.764434537
,G684385,11/13/2001 10:10:00 PM,034XX W NORTH AV,5002,OTHER OFFENSE,OTHER VEHICLE OFFENSE,STREET,true,false,1422,,,,26,1152747,1910369,,41.909909715,-87.714306009
,G685483,11/13/2001 10:00:00 AM,078XX S STATE ST,0820,THEFT,$500 AND UNDER,OTHER,false,false,0623,,,,06,1177676,1853282,,41.752728304,-87.624458265
,G683491,11/13/2001 02:31:31 PM,089XX S CARPENTER ST,4387,OTHER OFFENSE,VIOLATE ORDER OF PROTECTION,RESIDENCE,false,true,2222,,,,26,1170849,1845301,,41.730978985,-87.649708711
,G683967,11/13/2001 12:01:00 AM,029XX W ARMITAGE AV,5002,OTHER OFFENSE,OTHER VEHICLE OFFENSE,STREET,true,false,1421,,,,26,1156800,1913113,,41.917358244,-87.69934238
,G682659,11/13/2001 07:30:00 AM,038XX S WELLS ST,0460,BATTERY,SIMPLE,RESIDENCE,false,false,0925,,,,08B,1175282,1879434,,41.824545908,-87.632449987
,G682486,11/13/2001 04:00:00 AM,048XX W SUPERIOR ST,0620,BURGLARY,UNLAWFUL ENTRY,APARTMENT,false,false,1531,,,,05,1143876,1904564,,41.894151207,-87.7470405
,G682959,11/13/2001 11:05:00 AM,053XX S HERMITAGE AV,0560,ASSAULT,SIMPLE,"SCHOOL, PUBLIC, BUILDING",false,false,0932,,,,08A,1165540,1869516,,41.797542312,-87.668471835
,G682492,11/13/2001 01:00:00 AM,066XX S HOYNE AV,0326,ROBBERY,AGGRAVATED VEHICULAR HIJACKING,STREET,false,false,0726,,,,03,1163477,1860242,,41.772136781,-87.676297064
,G682579,11/13/2001 05:04:53 AM,046XX W WASHINGTON BL,0610,BURGLARY,FORCIBLE ENTRY,OTHER COMMERCIAL TRANSPORTATION,false,false,1113,,,,05,1145190,1900130,,41.881959058,-87.742326695
,G683728,11/13/2001 04:58:21 PM,106XX S HALSTED ST,1310,CRIMINAL DAMAGE,TO PROPERTY,STREET,false,false,2233,,,,14,1172819,1834524,,41.701362175,-87.642808554
,G684221,11/13/2001 08:40:00 PM,020XX N CENTRAL PARK AV,0470,PUBLIC PEACE VIOLATION,RECKLESS CONDUCT,STREET,true,false,2525,,,,24,1152014,1913109,,41.917443008,-87.716926425
,G683051,11/13/2001 11:45:00 AM,022XX N HAMILTON AV,0460,BATTERY,SIMPLE,"SCHOOL, PUBLIC, BUILDING",false,false,1432,,,,08B,1161690,1914986,,41.922397282,-87.681324111
,G684193,11/13/2001 08:24:33 PM,008XX N ORLEANS ST,033A,ROBBERY,ATTEMPT: ARMED-HANDGUN,PARKING LOT/GARAGE(NON.RESID.),true,false,1823,,,,03,1173732,1905948,,41.8973368,-87.637347891
,G683856,11/13/2001 07:30:00 AM,049XX W JACKSON BL,0810,THEFT,OVER $500,RESIDENCE,false,false,1533,,,,06,1143353,1898253,,41.876842855,-87.749119134
,G683109,11/13/2001 12:21:19 PM,0000X E CHICAGO AV,0330,ROBBERY,AGGRAVATED,RESTAURANT,false,false,1833,,,,03,1176336,1905771,,41.896792739,-87.627789192
,G683163,11/13/2001 12:45:00 PM,016XX N WASHTENAW AV,1330,CRIMINAL TRESPASS,TO LAND,RESIDENCE,false,false,1421,,,,26,1158075,1910913,,41.911295311,-87.694718183
,G684476,11/13/2001 11:10:00 PM,004XX N CICERO AV,5002,OTHER OFFENSE,OTHER VEHICLE OFFENSE,STREET,true,false,1532,,,,26,1144240,1902752,,41.889172036,-87.745749199
,G683132,11/13/2001 12:30:00 PM,107XX S MICHIGAN AV,0810,THEFT,OVER $500,SIDEWALK,false,false,0513,,,,06,1178838,1834009,,41.699814398,-87.620784669
,G683901,11/13/2001 08:32:00 AM,095XX S CHARLES ST,2820,OTHER OFFENSE,TELEPHONE THREAT,RESIDENCE,false,false,2213,,,,26,1166986,1841320,,41.720137838,-87.663973669
,G684143,11/13/2001 07:45:00 PM,115XX S STEWART AV,1310,CRIMINAL DAMAGE,TO PROPERTY,STREET,false,false,2233,,,,14,1175648,1828624,,41.68510898,-87.632625464
,G684531,11/13/2001 11:33:39 PM,0000X E PEARSON ST,0820,THEFT,$500 AND UNDER,COLLEGE/UNIVERSITY GROUNDS,true,false,1833,,,,06,1176518,1906003,,41.897425249,-87.62711373
,G683907,11/13/2001 08:15:00 AM,095XX S CHARLES ST,1320,CRIMINAL DAMAGE,TO VEHICLE,STREET,false,false,2213,,,,14,1166986,1841320,,41.720137838,-87.663973669
,G685513,11/13/2001 07:30:00 PM,029XX W BERWYN AV,1320,CRIMINAL DAMAGE,TO VEHICLE,ALLEY,false,false,2011,,,,14,1155898,1935108,,41.977732242,-87.702061176
,G684509,11/13/2001 11:40:00 PM,049XX W ERIE ST,0460,BATTERY,SIMPLE,RESIDENCE,false,true,1532,,,,08B,1143458,1903905,,41.892350662,-87.748592196
,G684320,11/13/2001 09:36:44 PM,019XX S CALIFORNIA AV,1310,CRIMINAL DAMAGE,TO PROPERTY,STREET,false,false,1022,,,,14,1157954,1890591,,41.855532308,-87.695717387
,G682691,11/13/2001 08:05:00 AM,0000X W 69 ST,1350,CRIMINAL TRESPASS,TO STATE SUP LAND,CTA PLATFORM,true,false,0731,,,,26,1177309,1859236,,41.769075044,-87.625623657
,G684504,11/13/2001 11:17:21 PM,109XX S WASHTENAW AV,1330,CRIMINAL TRESPASS,TO LAND,RESIDENCE PORCH/HALLWAY,false,false,2212,,,,26,1160284,1831937,,41.694529619,-87.688778727
,G682830,11/13/2001 09:40:00 AM,071XX S ASHLAND AV,1320,CRIMINAL DAMAGE,TO VEHICLE,STREET,false,false,0735,,,,14,1166868,1857616,,41.764858929,-87.663941573
,G685546,11/13/2001 10:00:00 PM,053XX S KENNETH AV,0460,BATTERY,SIMPLE,RESIDENCE,false,true,0815,,,,08B,1147648,1868679,,41.795606461,-87.73410656
,G684220,11/13/2001 08:28:58 PM,105XX S ABERDEEN ST,1310,CRIMINAL DAMAGE,TO PROPERTY,RESIDENCE,false,false,2232,,,,14,1170967,1834998,,41.702703453,-87.649576184
,G683084,11/13/2001 11:30:00 AM,056XX S ASHLAND AV,3960,INTIMIDATION,INTIMIDATION,GROCERY FOOD STORE,false,false,0713,,,,26,1166684,1866972,,41.790536914,-87.664349213
,G683152,11/13/2001 11:00:00 AM,069XX S SANGAMON ST,0460,BATTERY,SIMPLE,"SCHOOL, PUBLIC, BUILDING",false,false,0733,,,,08B,1171140,1858532,,41.76728025,-87.648256755
,G685559,11/13/2001 04:00:00 PM,057XX S UNIVERSITY AV,0810,THEFT,OVER $500,STREET,false,false,2133,,,,06,1184807,1866939,,41.790040163,-87.597898381
,G684440,11/13/2001 09:07:50 PM,027XX S KILDARE AV,1720,OFFENSE INVOLVING CHILDREN,CONTRIBUTE DELINQUENCY OF A CHILD,STREET,true,false,1031,,,,20,1148200,1885670,,41.84222163,-87.731646026
,G683227,11/13/2001 08:44:00 AM,064XX S LOWE AV,0560,ASSAULT,SIMPLE,"SCHOOL, PUBLIC, BUILDING",false,false,0723,,,,08A,1173109,1862003,,41.776761817,-87.640937134
,G685573,11/13/2001 04:00:00 PM,055XX W AUGUSTA BL,1310,CRIMINAL DAMAGE,TO PROPERTY,RESIDENCE PORCH/HALLWAY,false,false,1524,,,,14,1139103,1906158,,41.8986135,-87.764531667
,G685577,11/13/2001 06:15:00 PM,0000X W WASHINGTON BV,0810,THEFT,OVER $500,COMMERCIAL / BUSINESS OFFICE,false,false,0113,,,,06,1175684,1900775,,41.883098133,-87.630334189
,G683364,11/13/2001 02:10:00 PM,065XX S DAMEN AV,0430,BATTERY,AGGRAVATED: OTHER DANG WEAPON,STREET,false,false,0726,,,,04B,1164106,1861513,,41.775611366,-87.67395561
,G683378,11/13/2001 02:00:00 PM,064XX S LOOMIS BL,1320,CRIMINAL DAMAGE,TO VEHICLE,RESIDENCE,false,false,0725,,,,14,1168064,1861949,,41.776723612,-87.65943345
,G683572,11/13/2001 03:30:00 PM,074XX S HARVARD AV,0460,BATTERY,SIMPLE,APARTMENT,true,true,0731,,,,08B,1175289,1855438,,41.758698263,-87.633141297
,G683045,11/13/2001 11:48:51 AM,007XX N SEDGWICK ST,0560,ASSAULT,SIMPLE,OTHER,false,false,1831,,,,08A,1173364,1905442,,41.895956492,-87.638714541
,G683908,11/13/2001 05:58:27 PM,023XX W 111 ST,1110,DECEPTIVE PRACTICE,BOGUS CHECK,GROCERY FOOD STORE,false,false,2212,,,,11,1162749,1830916,,41.691676842,-87.679781968
,G683534,11/13/2001 03:38:18 PM,001XX W 79 ST,0820,THEFT,$500 AND UNDER,GROCERY FOOD STORE,true,false,0623,,,,06,1176726,1852645,,41.751001727,-87.627958744
,G683147,11/13/2001 11:43:48 AM,011XX N STATE ST,0460,BATTERY,SIMPLE,STREET,true,false,1824,,,,08B,1176032,1908335,,41.903835333,-87.628828389
,G685575,11/13/2001 12:00:00 AM,077XX S MICHIGAN AV,0915,MOTOR VEHICLE THEFT,"TRUCK, BUS, MOTOR HOME",STREET,false,false,0623,,,,07,1178451,1853851,,41.754272148,-87.621600976
,G684052,11/13/2001 07:35:00 PM,107XX S MICHIGAN AV,4651,OTHER OFFENSE,SEX OFFENDER: FAIL REG NEW ADD,RESIDENCE,false,false,0513,,,,26,1178855,1833473,,41.698343153,-87.620738661
,G683637,11/13/2001 04:10:54 PM,011XX W 59 ST,1310,CRIMINAL DAMAGE,TO PROPERTY,RESIDENCE,true,false,0712,,,,14,1169802,1865634,,41.78679814,-87.652955125
,G683964,11/13/2001 06:30:00 PM,122XX S SANGAMON ST,0460,BATTERY,SIMPLE,RESIDENCE PORCH/HALLWAY,false,false,0524,,,,08B,1172174,1823505,,41.671138438,-87.645492482
,G683644,11/13/2001 04:00:00 PM,070XX S EMERALD AV,0460,BATTERY,SIMPLE,RESIDENCE PORCH/HALLWAY,false,false,0732,,,,08B,1172488,1858009,,41.765815506,-87.643331158
,G685652,11/13/2001 08:00:00 PM,020XX W CERMAK RD,1310,CRIMINAL DAMAGE,TO PROPERTY,SMALL RETAIL STORE,false,false,1034,,,,14,1162869,1889353,,41.852033543,-87.677711696
,G685661,11/13/2001 10:00:00 PM,023XX S HOYNE AV,1310,CRIMINAL DAMAGE,TO PROPERTY,RESIDENCE-GARAGE,false,false,1034,,,,14,1162779,1888343,,41.849263887,-87.678070308
,G683681,11/13/2001 04:25:00 PM,009XX E 63 ST,0560,ASSAULT,SIMPLE,GOVERNMENT BUILDING/PROPERTY,true,false,0314,,,,08A,1183621,1863395,,41.780342874,-87.602357532
,G683695,11/13/2001 04:20:00 PM,002XX W 63 ST,0820,THEFT,$500 AND UNDER,CTA PLATFORM,false,false,0711,,,,06,1175834,1863236,,41.780084661,-87.630910517
,G685648,11/13/2001 09:30:00 PM,081XX S THROOP ST,0910,MOTOR VEHICLE THEFT,AUTOMOBILE,STREET,false,false,0613,,,,07,1169029,1851025,,41.746725925,-87.656211032
,G683708,11/13/2001 04:30:00 PM,072XX S WOOD ST,0460,BATTERY,SIMPLE,RESIDENCE PORCH/HALLWAY,false,false,0735,,,,08B,1165652,1856354,,41.76142171,-87.668434322
,G684369,11/13/2001 10:08:50 PM,003XX W SCHILLER ST,1320,CRIMINAL DAMAGE,TO VEHICLE,STREET,false,false,1821,,,,14,1173522,1909729,,41.907716735,-87.638006626
,G685645,11/13/2001 07:00:00 PM,051XX W OAKDALE AV,0820,THEFT,$500 AND UNDER,STREET,false,false,2521,,,,06,1141334,1919082,,41.934037482,-87.756017678
,G684183,11/13/2001 08:00:00 PM,014XX E 66 PL,0460,BATTERY,SIMPLE,STREET,false,false,0321,,,,08B,1187122,1861154,,41.774110999,-87.58959352
,G683917,11/13/2001 06:13:36 PM,001XX E CHICAGO AV,0820,THEFT,$500 AND UNDER,DEPARTMENT STORE,false,false,1833,,,,06,1176967,1905707,,41.896602857,-87.625473599
,G682888,11/13/2001 10:14:59 AM,080XX S ELLIS AV,031A,ROBBERY,ARMED: HANDGUN,SIDEWALK,false,false,0631,,,,03,1184243,1852130,,41.749416101,-87.600429097
,G684001,11/13/2001 06:30:00 PM,012XX S WABASH AV,0820,THEFT,$500 AND UNDER,GROCERY FOOD STORE,true,false,0132,,,,06,1176924,1894818,,41.866723811,-87.625961171
,G684050,11/13/2001 06:59:41 PM,023XX N CLARK ST,0820,THEFT,$500 AND UNDER,SMALL RETAIL STORE,true,false,1814,,,,06,1173125,1915625,,41.923904458,-87.639289704
,G683956,11/13/2001 06:15:00 PM,073XX S KINGSTON AV,0560,ASSAULT,SIMPLE,RESIDENCE PORCH/HALLWAY,false,false,0334,,,,08A,1194278,1856688,,41.76168316,-87.563508007
,G682763,11/13/2001 09:10:54 AM,002XX W 87 ST,0820,THEFT,$500 AND UNDER,DEPARTMENT STORE,true,false,0622,,,,06,1176385,1847251,,41.736207589,-87.629370032
,G682782,11/13/2001 09:26:11 AM,078XX S LOOMIS BL,1310,CRIMINAL DAMAGE,TO PROPERTY,RESIDENCE,false,true,0612,,,,14,1168315,1852874,,41.751815224,-87.658774192
,G684173,11/13/2001 08:11:53 PM,007XX E 62 ST,0560,ASSAULT,SIMPLE,APARTMENT,true,false,0313,,,,08A,1182540,1864112,,41.782335536,-87.606298387
,G682777,11/13/2001 09:02:09 AM,078XX S EGGLESTON AV,0820,THEFT,$500 AND UNDER,RESIDENCE,false,false,0621,,,,06,1174697,1852782,,41.751423078,-87.635389896
,G685761,11/13/2001 07:05:00 AM,091XX S BEVERLY AV,1320,CRIMINAL DAMAGE,TO VEHICLE,PARKING LOT/GARAGE(NON.RESID.),false,false,2221,,,,14,1166111,1844299,,41.728331299,-87.667094127
,G682808,11/13/2001 09:44:34 AM,084XX S KING DR,4650,OTHER OFFENSE,SEX OFFENDER: FAIL TO REGISTER,RESIDENCE,false,false,0632,,,,26,1180431,1848922,,41.740701237,-87.614495872
,G684439,11/13/2001 10:35:00 PM,061XX S EBERHART AV,0560,ASSAULT,SIMPLE,APARTMENT,false,false,0313,,,,08A,1180591,1864581,,41.783667515,-87.613429499
,G685776,11/13/2001 09:00:00 PM,027XX E 81 ST,0910,MOTOR VEHICLE THEFT,AUTOMOBILE,STREET,false,false,0422,,,,07,1196087,1851837,,41.748327044,-87.557038407
,G683913,11/13/2001 06:05:00 PM,0000X E 61 ST,0560,ASSAULT,SIMPLE,APARTMENT,false,false,0311,,,,08A,1177587,1864538,,41.783618008,-87.624444445
,G685727,11/13/2001 05:30:00 PM,016XX E 87 ST,1310,CRIMINAL DAMAGE,TO PROPERTY,RESTAURANT,false,false,0412,,,,14,1189053,1847589,,41.73684138,-87.582948674
,G682859,11/13/2001 10:11:00 AM,083XX S MARYLAND AV,4650,OTHER OFFENSE,SEX OFFENDER: FAIL TO REGISTER,RESIDENCE,false,false,0632,,,,26,1183310,1849605,,41.742508988,-87.603926379
,G682866,11/13/2001 09:58:29 AM,001XX W 79 ST,0820,THEFT,$500 AND UNDER,GROCERY FOOD STORE,true,false,0623,,,,06,1176726,1852645,,41.751001727,-87.627958744
,G685786,11/13/2001 10:30:00 PM,023XX N LEAVITT ST,0820,THEFT,$500 AND UNDER,STREET,false,false,1432,,,,06,1161357,1915101,,41.922719792,-87.682544448
,G683562,11/13/2001 03:55:00 PM,069XX S SOUTH CHICAGO AV,0560,ASSAULT,SIMPLE,OTHER,false,false,0321,,,,08A,1181842,1859056,,41.768477552,-87.609013548
,G684506,11/13/2001 11:43:48 PM,003XX W HUBBARD ST,0810,THEFT,OVER $500,RESTAURANT,false,false,1831,,,,06,1174229,1903304,,41.89007044,-87.635601464
,G682955,11/13/2001 10:57:11 AM,076XX S GREEN ST,0810,THEFT,OVER $500,"SCHOOL, PUBLIC, GROUNDS",false,false,0621,,,,06,1171926,1853950,,41.754689455,-87.64551003
,G683000,11/13/2001 11:16:48 AM,001XX W 87 ST,0820,THEFT,$500 AND UNDER,DEPARTMENT STORE,true,false,0634,,,,06,1176826,1847237,,41.736159261,-87.62775479
,G685809,11/13/2001 11:30:00 AM,048XX S ST LAWRENCE AV,0820,THEFT,$500 AND UNDER,APARTMENT,false,false,0223,,,,06,1181118,1872919,,41.806535599,-87.611240566
,G683020,11/13/2001 11:19:55 AM,081XX S LOOMIS ST,1330,CRIMINAL TRESPASS,TO LAND,RESIDENCE-GARAGE,false,false,0614,,,,26,1168378,1850596,,41.745562722,-87.658608786
,G682511,11/13/2001 02:20:17 AM,002XX W WASHINGTON ST,0630,BURGLARY,ATTEMPT FORCIBLE ENTRY,SMALL RETAIL STORE,false,false,0113,,,,05,1174536,1900846,,41.883318689,-87.63454754
,G684327,11/13/2001 09:20:20 PM,011XX S STATE ST,0460,BATTERY,SIMPLE,RESIDENCE,false,false,0132,,,,08B,1176558,1895295,,41.868040997,-87.627290382
,G682513,11/13/2001 02:15:00 AM,040XX W GLADYS AV,0820,THEFT,$500 AND UNDER,SIDEWALK,false,false,1132,,,,06,1149750,1898014,,41.876065125,-87.725637297
,G683953,11/13/2001 05:00:00 PM,0000X W WASHINGTON BV,0560,ASSAULT,SIMPLE,SIDEWALK,false,false,0113,,,,08A,1175835,1900857,,41.88331975,-87.629777247
,G683165,11/13/2001 12:40:19 PM,081XX S LA SALLE ST,0460,BATTERY,SIMPLE,"SCHOOL, PUBLIC, BUILDING",false,false,0622,,,,08B,1176725,1851241,,41.747149004,-87.628004584
,G683627,11/13/2001 03:55:00 PM,001XX W LAKE ST,1210,DECEPTIVE PRACTICE,THEFT OF LABOR/SERVICES,CTA TRAIN,true,false,0113,,,,11,1175480,1901776,,41.885849517,-87.631053199
,G685853,11/13/2001 09:25:00 PM,024XX W BERTEAU AV,0610,BURGLARY,FORCIBLE ENTRY,RESIDENCE-GARAGE,false,false,1912,,,,05,1159266,1927858,,41.9577691,-87.689875622
,G683340,11/13/2001 02:09:32 PM,0000X E LAKE ST,1330,CRIMINAL TRESPASS,TO LAND,RESTAURANT,true,false,0122,,,,26,1176388,1901786,,41.885856518,-87.627718568
,G685860,11/13/2001 08:00:00 AM,074XX S VERNON AV,1310,CRIMINAL DAMAGE,TO PROPERTY,RESIDENCE PORCH/HALLWAY,false,false,0323,,,,14,1180491,1855869,,41.759763204,-87.61406326
,G683257,11/13/2001 01:13:24 PM,091XX S STEWART AV,0560,ASSAULT,SIMPLE,OTHER,true,false,0634,,,,08A,1175552,1844336,,41.728227104,-87.632508796
,G685866,11/13/2001 08:05:00 PM,079XX S MAY ST,2820,OTHER OFFENSE,TELEPHONE THREAT,RESIDENCE,false,true,0612,,,,26,1170070,1852134,,41.749746627,-87.652364387
,G683293,11/13/2001 01:13:12 PM,076XX S INDIANA AV,0810,THEFT,OVER $500,RESIDENCE,false,false,0623,,,,06,1178957,1854427,,41.755841255,-87.619729153
,G685884,11/13/2001 07:30:00 PM,080XX S ST LAWRENCE AV,0820,THEFT,$500 AND UNDER,STREET,false,false,0631,,,,06,1181675,1851646,,41.748147592,-87.609854101
,G685909,11/13/2001 04:30:00 PM,008XX N KEELER AV,0460,BATTERY,SIMPLE,STREET,false,false,1111,,,,08B,1148268,1905275,,41.896018779,-87.730891568
,G685845,11/13/2001 08:00:00 PM,046XX S KEATING AV,0910,MOTOR VEHICLE THEFT,AUTOMOBILE,STREET,false,false,0815,,,,07,1145439,1873224,,41.808120624,-87.742092526
,G685950,11/13/2001 09:00:00 AM,015XX S FAIRFIELD AV,0820,THEFT,$500 AND UNDER,HOSPITAL BUILDING/GROUNDS,false,false,1023,,,,06,1158256,1892714,,41.861351884,-87.694550926
,G685963,11/13/2001 05:00:00 PM,093XX S BURNSIDE AV,1310,CRIMINAL DAMAGE,TO PROPERTY,RESIDENCE,false,false,0633,,,,14,1182172,1842880,,41.724081202,-87.608303547
,G686005,11/13/2001 06:00:00 AM,026XX N DAYTON ST,1310,CRIMINAL DAMAGE,TO PROPERTY,RESIDENCE,false,false,1933,,,,14,1170113,1917944,,41.930334268,-87.650289013
,G686002,11/13/2001 09:00:00 PM,060XX S SACRAMENTO AV,0610,BURGLARY,FORCIBLE ENTRY,RESIDENCE-GARAGE,false,false,0823,,,,05,1157374,1864545,,41.784070607,-87.698552542
,G686041,11/13/2001 05:00:00 AM,039XX S MICHIGAN AV,0430,BATTERY,AGGRAVATED: OTHER DANG WEAPON,HOTEL/MOTEL,false,true,0214,,,,04B,1177775,1879142,,41.823688465,-87.623312866
,G686095,11/13/2001 04:30:00 PM,089XX S PHILLIPS AV,1310,CRIMINAL DAMAGE,TO PROPERTY,RESIDENCE-GARAGE,false,false,0423,,,,14,1194089,1846261,,41.733075259,-87.564542144
,G686313,11/13/2001 06:00:00 PM,114XX S EMERALD AV,0610,BURGLARY,FORCIBLE ENTRY,RESIDENCE-GARAGE,false,false,2233,,,,05,1173324,1829003,,41.686200573,-87.641121876
,G686378,11/13/2001 10:30:00 PM,006XX W BITTERSWEET PL,0820,THEFT,$500 AND UNDER,STREET,false,false,2323,,,,06,,,,,
,G686495,11/13/2001 02:45:00 PM,089XX S CRANDON AV,0820,THEFT,$500 AND UNDER,"SCHOOL, PUBLIC, BUILDING",false,false,0413,,,,06,1193092,1846336,,41.733305445,-87.568192115
,G686741,11/13/2001 11:00:00 AM,037XX W 64 ST,0620,BURGLARY,UNLAWFUL ENTRY,RESIDENCE-GARAGE,false,false,0823,,,,05,1152404,1861861,,41.776804537,-87.716845187
,G684053,11/13/2001 05:30:00 PM,010XX N DAMEN AV,0820,THEFT,$500 AND UNDER,STREET,false,false,1312,,,,06,1162842,1906869,,41.900099548,-87.677319425
,G683692,11/13/2001 07:00:00 AM,026XX W AUGUSTA BL,0810,THEFT,OVER $500,STREET,false,false,1311,,,,06,1158767,1906596,,41.899434944,-87.692294515
,G684199,11/13/2001 08:30:00 PM,019XX W WASHINGTON BV,1350,CRIMINAL TRESPASS,TO STATE SUP LAND,CHA HALLWAY/STAIRWELL/ELEVATOR,true,false,1333,,,,26,1163486,1900744,,41.883278528,-87.675126577
,G686891,11/13/2001 12:00:00 PM,028XX S UNION AV,0610,BURGLARY,FORCIBLE ENTRY,RESIDENCE-GARAGE,false,false,0923,,,,05,1172058,1885759,,41.841973836,-87.644091606
,G684884,11/13/2001 07:00:00 PM,026XX W TOUHY AV,0620,BURGLARY,UNLAWFUL ENTRY,CLEANING STORE,false,false,2411,,,,05,1157240,1947695,,42.012244243,-87.696781888
,G684528,11/13/2001 11:30:00 PM,013XX W 18 PL,1330,CRIMINAL TRESPASS,TO LAND,RESIDENCE PORCH/HALLWAY,true,false,1222,,,,26,1167608,1891233,,41.857091824,-87.660264237
,G683275,11/13/2001 09:00:00 AM,065XX N SACRAMENTO AV,0820,THEFT,$500 AND UNDER,STREET,false,false,2412,,,,06,1155188,1943242,,42.000066657,-87.704452547
,G683138,11/13/2001 12:35:00 PM,058XX S NASHVILLE AV,0326,ROBBERY,AGGRAVATED VEHICULAR HIJACKING,ALLEY,false,false,0811,,,,03,1133349,1865243,,41.786438998,-87.786622759
,G684302,11/13/2001 09:10:00 PM,046XX N CLARK ST,0320,ROBBERY,STRONGARM - NO WEAPON,STREET,true,false,2311,,,,03,1165545,1930842,,41.965825621,-87.666706607
,G683825,11/13/2001 07:00:00 AM,042XX N BROADWAY,0810,THEFT,OVER $500,APARTMENT,false,false,2322,,,,06,1169097,1928478,,41.95926215,-87.653715625
,G682632,11/13/2001 07:00:00 AM,100XX W OHARE ST,1330,CRIMINAL TRESPASS,TO LAND,AIRPORT/AIRCRAFT,false,false,1651,,,,26,1100635,1934208,,41.976200173,-87.905312411
,G685408,11/13/2001 04:01:00 AM,009XX W HURON ST,1310,CRIMINAL DAMAGE,TO PROPERTY,OTHER,false,false,1323,,,,14,1169861,1905035,,41.894916761,-87.651592107
,G685002,11/13/2001 06:00:00 PM,007XX S WELLS ST,0610,BURGLARY,FORCIBLE ENTRY,OTHER,false,false,0131,,,,05,1174863,1897181,,41.873254391,-87.633456531
,G683759,11/13/2001 12:00:00 PM,029XX N LAKE SHORE DR,0820,THEFT,$500 AND UNDER,HOSPITAL BUILDING/GROUNDS,false,false,2333,,,,06,1173769,1919456,,41.934402545,-87.636809067
,G684800,11/13/2001 07:30:00 PM,078XX S SOUTH CHICAGO,0810,THEFT,OVER $500,OTHER,false,false,0411,,,,06,1187809,1853431,,41.752902072,-87.587320679
,G684991,11/13/2001 03:00:00 PM,029XX W BIRCHWOOD AV,0810,THEFT,OVER $500,STREET,false,false,2411,,,,06,1155544,1949535,,42.017327704,-87.702972437
,G684529,11/13/2001 11:43:40 PM,080XX S CONSTANCE AV,031A,ROBBERY,ARMED: HANDGUN,SIDEWALK,false,false,0414,,,,03,1189774,1852260,,41.749641761,-87.580157415
,G683330,11/13/2001 02:00:00 PM,049XX W MELROSE ST,031A,ROBBERY,ARMED: HANDGUN,RESIDENCE,false,false,1634,,,,03,1143033,1921197,,41.939809681,-87.749720905
,G686147,11/13/2001 04:00:00 PM,026XX W 23 ST,0820,THEFT,$500 AND UNDER,STREET,false,false,1034,,,,06,1159150,1888673,,41.850244657,-87.691380121
,G685055,11/13/2001 07:30:00 PM,060XX N WESTERN AV,0810,THEFT,OVER $500,PARKING LOT/GARAGE(NON.RESID.),false,false,2413,,,,06,1159182,1940173,,41.991563771,-87.689844352
,G683231,11/13/2001 12:17:00 PM,100XX W OHARE ST,141C,WEAPONS VIOLATION,UNLAWFUL USE OTHER DANG WEAPON,AIRPORT/AIRCRAFT,true,false,1651,,,,15,1100635,1934208,,41.976200173,-87.905312411
,G685663,11/13/2001 02:00:00 AM,064XX N MAGNOLIA AV,0820,THEFT,$500 AND UNDER,STREET,false,false,2432,,,,06,1166720,1943049,,41.999296804,-87.662034619
,G684012,11/13/2001 07:00:00 PM,002XX E WACKER DR,1150,DECEPTIVE PRACTICE,CREDIT CARD FRAUD,RESIDENCE,false,false,0124,,,,11,1178130,1902506,,41.887792751,-87.621299718
,G683463,11/13/2001 02:50:00 PM,011XX W LELAND AV,0460,BATTERY,SIMPLE,STREET,false,false,2312,,,,08B,1168017,1931411,,41.967333839,-87.657601102
,G685285,11/13/2001 04:30:00 PM,071XX W ARCHER AV,0460,BATTERY,SIMPLE,PARKING LOT/GARAGE(NON.RESID.),false,false,0811,,,,08B,1129399,1867265,,41.792055762,-87.80105996
,G683261,11/13/2001 12:20:00 PM,032XX N CICERO AV,0820,THEFT,$500 AND UNDER,TAVERN/LIQUOR STORE,true,false,1634,,,,06,1143768,1920966,,41.939162033,-87.74702533
,G684130,11/13/2001 06:20:00 PM,011XX W LAWRENCE AV,0460,BATTERY,SIMPLE,ALLEY,false,false,2312,,,,08B,1167813,1931992,,41.968932535,-87.658334352
,G685254,11/13/2001 09:00:00 PM,033XX W ROOSEVELT RD,0610,BURGLARY,FORCIBLE ENTRY,RESIDENCE,false,false,1021,,,,05,1154335,1894473,,41.866257927,-87.708897262
,G683509,11/13/2001 03:23:52 PM,0000X E 119 PL,0610,BURGLARY,FORCIBLE ENTRY,RESIDENCE,false,false,0532,,,,05,1178854,1825706,,41.677029398,-87.620977488
,G684124,11/13/2001 06:25:00 PM,0000X S STATE ST,0810,THEFT,OVER $500,DEPARTMENT STORE,true,false,0123,,,,06,1176438,1900036,,41.881053293,-87.627587809
,G684028,11/13/2001 05:00:00 PM,056XX N CUMBERLAND AV,1570,SEX OFFENSE,PUBLIC INDECENCY,PARKING LOT/GARAGE(NON.RESID.),false,false,1614,,,,17,1119273,1936132,,41.981203846,-87.836730047
,G683944,11/13/2001 05:30:00 PM,087XX S BURLEY AV,0460,BATTERY,SIMPLE,APARTMENT,false,false,0424,,,,08B,1199143,1847736,,41.7369974,-87.545977938
,G684373,11/13/2001 08:00:00 AM,087XX W BRYN MAWR AV,5001,OTHER OFFENSE,OTHER CRIME INVOLVING PROPERTY,PARKING LOT/GARAGE(NON.RESID.),false,false,1614,,,,26,1117276,1936080,,41.981092688,-87.844075678
,G683209,11/13/2001 11:00:00 AM,101XX S MICHIGAN AV,0820,THEFT,$500 AND UNDER,STREET,false,false,0511,,,,06,1179008,1838018,,41.71081178,-87.620040617
,G682963,11/13/2001 10:30:00 AM,0000X S STATE ST,0810,THEFT,OVER $500,DEPARTMENT STORE,true,false,0123,,,,06,1176418,1900379,,41.881994955,-87.62765089
,G900166,11/13/2001 10:00:00 AM,001XX N STATE ST,0820,THEFT,$500 AND UNDER,SMALL RETAIL STORE,true,false,0122,,,,06,1176299,1901298,,41.884519427,-87.628060119
,G684155,11/13/2001 07:30:00 PM,045XX N CLARK ST,1320,CRIMINAL DAMAGE,TO VEHICLE,PARKING LOT/GARAGE(NON.RESID.),false,false,1922,,,,14,1165604,1930003,,41.963522112,-87.666513685
,G686241,11/13/2001 09:00:00 PM,067XX N LAKEWOOD AV,0460,BATTERY,SIMPLE,SIDEWALK,false,false,2432,,,,08B,1166324,1944736,,42.003934475,-87.663442833
,G686125,11/13/2001 10:00:00 PM,030XX N HOYNE AV,1340,CRIMINAL DAMAGE,TO STATE SUP PROP,PARK PROPERTY,false,false,1913,,,,14,1161858,1920293,,41.936956521,-87.680558371
,G686066,11/13/2001 10:20:00 PM,027XX N RACINE AV,0460,BATTERY,SIMPLE,SIDEWALK,false,true,1933,,,,08B,1167875,1918148,,41.930942684,-87.658507182
,G683800,11/13/2001 05:20:00 PM,0000X S STATE ST,0820,THEFT,$500 AND UNDER,DEPARTMENT STORE,true,false,0123,,,,06,1176418,1900379,,41.881994955,-87.62765089
,G684494,11/13/2001 10:05:00 PM,058XX S COTTAGE GROVE AV,0930,MOTOR VEHICLE THEFT,THEFT/RECOVERY: AUTOMOBILE,STREET,true,false,2133,,,,07,1182617,1866305,,41.788351538,-87.605948069
,G687067,11/13/2001 12:05:00 AM,008XX N RACINE AV,1310,CRIMINAL DAMAGE,TO PROPERTY,RESIDENCE,false,false,1323,,,,14,1168281,1905620,,41.896556344,-87.65737806
,G684147,11/13/2001 05:30:00 PM,057XX S CICERO AV,0910,MOTOR VEHICLE THEFT,AUTOMOBILE,OTHER,true,false,0813,,,,07,1145643,1865823,,41.787807253,-87.741531177
,G684468,11/13/2001 10:50:00 PM,014XX N WICKER PARK AV,0610,BURGLARY,FORCIBLE ENTRY,APARTMENT,false,false,1424,,,,05,1163272,1909743,,41.907976981,-87.675659094
,G684148,11/13/2001 05:30:00 PM,057XX S CICERO AV,0910,MOTOR VEHICLE THEFT,AUTOMOBILE,AIRPORT/AIRCRAFT,true,false,0813,,,,07,1145643,1865823,,41.787807253,-87.741531177
,G684796,11/13/2001 08:30:00 PM,054XX N LAMON AV,0910,MOTOR VEHICLE THEFT,AUTOMOBILE,STREET,false,false,1621,,,,07,1142592,1936088,,41.980680085,-87.750969784
,G685111,11/13/2001 08:00:00 PM,042XX W KAMERLING AV,0910,MOTOR VEHICLE THEFT,AUTOMOBILE,STREET,false,false,2534,,,,07,1148017,1908614,,41.905186177,-87.731727448
,G685223,11/13/2001 08:00:00 PM,026XX W CORTLAND ST,0610,BURGLARY,FORCIBLE ENTRY,RESIDENCE-GARAGE,false,false,1421,,,,05,1158255,1912559,,41.915808385,-87.694011847
,G684455,11/13/2001 08:00:00 PM,017XX W HIGHLAND AV,0460,BATTERY,SIMPLE,APARTMENT,false,true,2433,,,,08B,1163252,1942067,,41.996676068,-87.674820191
,G683164,11/13/2001 12:30:00 PM,064XX S KING DR,1330,CRIMINAL TRESPASS,TO LAND,STREET,true,false,0312,,,,26,1179995,1862096,,41.776862104,-87.615690663
,G683726,11/13/2001 03:00:00 PM,016XX W HOWARD ST,0460,BATTERY,SIMPLE,STREET,false,false,2422,,,,08B,1164042,1950305,,42.019264607,-87.671679913
,G683830,11/13/2001 04:30:00 PM,068XX N CLARK ST,0460,BATTERY,SIMPLE,STREET,false,false,2431,,,,08B,1163658,1945634,,42.006455428,-87.67322553
,G683006,11/13/2001 11:40:00 AM,062XX S STEWART AV,1330,CRIMINAL TRESPASS,TO LAND,"SCHOOL, PUBLIC, BUILDING",false,false,0711,,,,26,1174730,1863740,,41.781492368,-87.63494292
,G684250,11/13/2001 08:57:11 PM,079XX S EUCLID AV,143A,WEAPONS VIOLATION,UNLAWFUL POSS OF HANDGUN,ALLEY,true,false,0414,,,,15,1190548,1852347,,41.74986187,-87.577318404
,G683008,11/13/2001 11:50:00 AM,068XX S ASHLAND AV,0460,BATTERY,SIMPLE,SIDEWALK,false,false,0725,,,,08B,1166827,1858992,,41.768635731,-87.664052606
,G683459,11/13/2001 02:50:50 PM,028XX N LEAVITT ST,0820,THEFT,$500 AND UNDER,CHA APARTMENT,false,false,1913,,,,06,1161772,1918732,,41.932674838,-87.68091809
,G683583,11/13/2001 03:50:00 PM,026XX W 56 ST,0460,BATTERY,SIMPLE,STREET,false,false,0824,,,,08B,1159435,1867461,,41.792030509,-87.690916199
,G682965,11/13/2001 09:45:42 AM,002XX E WALTON ST,1110,DECEPTIVE PRACTICE,BOGUS CHECK,HOTEL/MOTEL,true,false,1833,,,,11,1177956,1906930,,41.899936376,-87.621803966
,G682533,11/13/2001 03:09:32 AM,106XX S AVENUE O,1310,CRIMINAL DAMAGE,TO PROPERTY,RESIDENCE,false,false,0432,,,,14,1200908,1834810,,41.70148294,-87.53994809
,G683319,11/13/2001 01:35:00 PM,061XX S WOOD ST,1310,CRIMINAL DAMAGE,TO PROPERTY,RESIDENCE,false,true,0714,,,,14,1165443,1863892,,41.782111415,-87.668986917
,G685131,11/13/2001 09:00:00 AM,019XX E 71 ST,1130,DECEPTIVE PRACTICE,FRAUD OR CONFIDENCE GAME,CURRENCY EXCHANGE,false,false,0333,,,,11,1190674,1858213,,41.765955632,-87.576667628
,G683327,11/13/2001 01:40:00 PM,031XX N CLARK ST,0820,THEFT,$500 AND UNDER,DEPARTMENT STORE,true,false,1932,,,,06,1170234,1920958,,41.938602171,-87.649756059
,G683322,11/13/2001 01:45:00 PM,062XX S WOLCOTT AV,0320,ROBBERY,STRONGARM - NO WEAPON,SIDEWALK,false,false,0714,,,,03,1164725,1862996,,41.779667867,-87.671644582
,G683310,11/13/2001 01:45:00 PM,064XX S KIMBARK AV,0430,BATTERY,AGGRAVATED: OTHER DANG WEAPON,STREET,true,false,0314,,,,04B,1185699,1862790,,41.778633977,-87.594758389
,G686200,11/13/2001 07:00:00 AM,036XX W SHAKESPEARE AV,0610,BURGLARY,FORCIBLE ENTRY,RESIDENCE,false,false,2525,,,,05,1151847,1914087,,41.920130019,-87.717514189
,G683405,11/13/2001 10:00:00 PM,080XX S CHAMPLAIN AV,0620,BURGLARY,UNLAWFUL ENTRY,RESIDENCE,false,false,0631,,,,05,1181927,1851592,,41.747993592,-87.608932365
,G683725,11/13/2001 02:35:00 PM,067XX S GREEN ST,0430,BATTERY,AGGRAVATED: OTHER DANG WEAPON,SIDEWALK,false,false,0723,,,,04B,1171766,1859894,,41.771004038,-87.645922306
,G683082,11/13/2001 08:45:00 AM,042XX W CRYSTAL ST,0610,BURGLARY,FORCIBLE ENTRY,RESIDENCE,false,false,2534,,,,05,1147786,1907949,,41.903365791,-87.732593099
,G685472,11/13/2001 03:00:00 PM,070XX S EBERHART AV,0460,BATTERY,SIMPLE,STREET,false,false,0322,,,,08B,1180749,1858640,,41.767361194,-87.613032659
,G684265,11/13/2001 04:31:00 PM,020XX S MICHIGAN AV,4230,KIDNAPPING,UNLAWFUL RESTRAINT,APARTMENT,true,false,2111,,,,26,1177566,1890708,,41.855431167,-87.62372905
,G685567,11/13/2001 07:30:00 PM,106XX S STATE ST,0820,THEFT,$500 AND UNDER,RESIDENCE,false,false,0512,,,,06,1178185,1834084,,41.700035009,-87.623173404
,G683851,11/13/2001 03:30:00 PM,070XX S EMERALD AV,0320,ROBBERY,STRONGARM - NO WEAPON,"SCHOOL, PUBLIC, GROUNDS",false,false,0732,,,,03,1172476,1858418,,41.766938115,-87.643363116
,G684533,11/13/2001 09:30:00 PM,013XX W 73 ST,0930,MOTOR VEHICLE THEFT,THEFT/RECOVERY: AUTOMOBILE,STREET,true,false,0734,,,,07,1168480,1856392,,41.761465536,-87.658068351
,G685756,11/13/2001 07:00:00 AM,049XX W ST PAUL AV,0820,THEFT,$500 AND UNDER,STREET,false,false,2533,,,,06,1142739,1911132,,41.912195784,-87.751052661
,G683795,11/13/2001 06:20:00 PM,123XX S HALSTED ST,1320,CRIMINAL DAMAGE,TO VEHICLE,STREET,false,false,0523,,,,14,1173262,1823263,,41.67045045,-87.641517565
,G683843,11/13/2001 12:30:00 AM,032XX N SHEFFIELD AV,0910,MOTOR VEHICLE THEFT,AUTOMOBILE,PARKING LOT/GARAGE(NON.RESID.),false,false,1924,,,,07,1169080,1921605,,41.94040274,-87.65397841
,G686343,11/13/2001 09:30:00 PM,054XX N CUMBERLAND AV,0810,THEFT,OVER $500,PARKING LOT/GARAGE(NON.RESID.),false,false,1614,,,,06,1119276,1935258,,41.978805442,-87.836737649
,G683872,11/13/2001 06:00:00 PM,072XX S WOOD ST,1310,CRIMINAL DAMAGE,TO PROPERTY,OTHER,false,false,0735,,,,14,1165649,1856457,,41.76170442,-87.668442399
,G684565,11/13/2001 10:00:00 PM,043XX N KENMORE AV,0460,BATTERY,SIMPLE,RESIDENCE,false,false,2322,,,,08B,1168417,1929328,,41.961609352,-87.656190883
,G687196,11/13/2001 01:00:00 PM,034XX S MARSHFIELD AV,1310,CRIMINAL DAMAGE,TO PROPERTY,RESIDENCE-GARAGE,false,false,0922,,,,14,1165949,1881994,,41.83177464,-87.666616946
,G684240,11/13/2001 08:12:04 PM,008XX N STATE ST,1121,DECEPTIVE PRACTICE,COUNTERFEITING DOCUMENT,RESTAURANT,false,false,1832,,,,10,1176176,1906018,,41.897474128,-87.628369385
,G900150,11/13/2001 08:40:00 AM,014XX E 70 ST,0520,ASSAULT,AGGRAVATED:KNIFE/CUTTING INSTR,"SCHOOL, PUBLIC, BUILDING",true,false,0332,,,,04A,1186900,1858905,,41.767944813,-87.590478527
,G683960,11/13/2001 06:45:00 PM,008XX W 55 ST,1330,CRIMINAL TRESPASS,TO LAND,GAS STATION,true,false,0934,,,,26,1171894,1868214,,41.793832261,-87.645209039
,G685961,11/13/2001 11:55:00 PM,064XX N NATOMA AV,0810,THEFT,OVER $500,STREET,false,false,1611,,,,06,1131350,1942257,,41.997810673,-87.792171347
,G685602,11/13/2001 04:00:00 PM,028XX W 19 ST,0460,BATTERY,SIMPLE,HOSPITAL BUILDING/GROUNDS,false,false,1022,,,,08B,1157139,1890537,,41.855400695,-87.698710298
,G684029,11/13/2001 07:00:00 PM,057XX S WINCHESTER AV,0460,BATTERY,SIMPLE,RESIDENCE,false,false,0715,,,,08B,1164292,1866767,,41.79002511,-87.673125866
,G682819,11/13/2001 09:15:00 AM,023XX S CHRISTIANA AV,0460,BATTERY,SIMPLE,"SCHOOL, PUBLIC, BUILDING",false,false,1024,,,,08B,1154443,1888031,,41.848578193,-87.708672836
,G684091,11/13/2001 09:45:00 AM,064XX S LOWE AV,0610,BURGLARY,FORCIBLE ENTRY,CHA APARTMENT,false,false,0723,,,,05,1173185,1862171,,41.777221149,-87.640653561
,G900198,11/13/2001 10:35:00 AM,058XX S CICERO AV,0560,ASSAULT,SIMPLE,AIRPORT/AIRCRAFT,false,false,0813,,,,08A,1145545,1865787,,41.787710314,-87.741891416
,G684123,11/13/2001 07:38:00 PM,063XX S CARPENTER ST,0460,BATTERY,SIMPLE,STREET,false,true,0724,,,,08B,1170355,1863003,,41.779566341,-87.651004085
,G686408,11/13/2001 05:15:00 AM,016XX S KILBOURN AV,1563,SEX OFFENSE,CRIMINAL SEXUAL ABUSE,FACTORY/MANUFACTURING BUILDING,false,false,1012,,,,17,1146612,1891630,,41.858607032,-87.737321788
,G686631,11/13/2001 08:30:00 PM,041XX N MARINE DR,2820,OTHER OFFENSE,TELEPHONE THREAT,RESIDENCE,false,false,2323,,,,26,1171282,1927236,,41.955806231,-87.645719339
,G684201,11/13/2001 04:30:00 AM,069XX S LAFAYETTE AV,0810,THEFT,OVER $500,PARKING LOT/GARAGE(NON.RESID.),false,false,0731,,,,06,1177064,1859260,,41.769146431,-87.626520981
,G685889,11/13/2001 10:00:00 PM,040XX W KAMERLING AV,1320,CRIMINAL DAMAGE,TO VEHICLE,STREET,false,true,2534,,,,14,1149187,1908725,,41.905468175,-87.727426748
,G683993,11/13/2001 06:00:00 PM,015XX N ASHLAND AV,1320,CRIMINAL DAMAGE,TO VEHICLE,STREET,false,false,1433,,,,14,1165409,1910157,,41.909067794,-87.667797092
,G685266,11/13/2001 06:00:00 PM,059XX W ERIE ST,0610,BURGLARY,FORCIBLE ENTRY,RESIDENCE-GARAGE,false,false,1511,,,,05,1136297,1903726,,41.891990369,-87.774896251
,G685572,11/13/2001 07:30:00 PM,052XX N SHERIDAN RD,0810,THEFT,OVER $500,COMMERCIAL / BUSINESS OFFICE,false,false,2023,,,,06,1168658,1934833,,41.97671001,-87.655144626
,G685050,11/13/2001 11:30:00 PM,015XX W DIVISION ST,1320,CRIMINAL DAMAGE,TO VEHICLE,VEHICLE NON-COMMERCIAL,false,false,1424,,,,14,1165668,1908116,,41.903461635,-87.666903898
,G683585,11/13/2001 02:45:00 PM,026XX S CALIFORNIA AV,2820,OTHER OFFENSE,TELEPHONE THREAT,POLICE FACILITY/VEH PARKING LOT,false,true,1033,,,,26,1158232,1886611,,41.844605083,-87.694805617
,G684866,11/13/2001 11:00:00 PM,011XX N CICERO AV,0610,BURGLARY,FORCIBLE ENTRY,GAS STATION,false,false,1531,,,,05,1144107,1907436,,41.902027965,-87.746119903
,G682846,11/13/2001 09:36:57 AM,086XX S SUMMIT AV,0820,THEFT,$500 AND UNDER,STREET,false,false,0613,,,,06,1172204,1847796,,41.737795967,-87.64467174
,G684205,11/13/2001 08:15:00 PM,065XX S LOWE AV,0460,BATTERY,SIMPLE,RESIDENCE,false,false,0723,,,,08B,1173210,1861240,,41.774665825,-87.640589405
,G685198,11/13/2001 06:00:00 PM,018XX S CALIFORNIA AV,2820,OTHER OFFENSE,TELEPHONE THREAT,RESIDENCE,false,true,1023,,,,26,1158026,1890840,,41.856214123,-87.695446322
,G683438,11/13/2001 10:20:00 AM,010XX N CENTRAL AV,0610,BURGLARY,FORCIBLE ENTRY,RESIDENCE,true,false,1511,,,,05,1138777,1906569,,41.899747259,-87.765719077
,G683685,11/13/2001 09:45:00 AM,042XX W NORTH AV,1320,CRIMINAL DAMAGE,TO VEHICLE,PARKING LOT/GARAGE(NON.RESID.),false,false,2534,,,,14,1147809,1910335,,41.909912776,-87.73244722
,G684245,11/13/2001 06:00:00 PM,071XX S NORMAL AV,0460,BATTERY,SIMPLE,APARTMENT,false,false,0732,,,,08B,1174240,1857396,,41.764094615,-87.636927701
,G683192,11/13/2001 12:58:19 PM,001XX W 87 ST,0560,ASSAULT,SIMPLE,SMALL RETAIL STORE,false,false,0634,,,,08A,1176826,1847237,,41.736159261,-87.62775479
,G683814,11/13/2001 09:00:00 AM,020XX W PETERSON AV,5001,OTHER OFFENSE,OTHER CRIME INVOLVING PROPERTY,DEPARTMENT STORE,true,false,2413,,,,26,1161364,1939893,,41.99075017,-87.681826178
,G684258,11/13/2001 09:00:00 AM,066XX S JUSTINE ST,0610,BURGLARY,FORCIBLE ENTRY,RESIDENCE-GARAGE,false,false,0725,,,,05,1167119,1860351,,41.772358764,-87.662943451
,G682828,11/13/2001 08:45:00 AM,031XX W DOUGLAS BV,0460,BATTERY,SIMPLE,VEHICLE NON-COMMERCIAL,true,false,1022,,,,08B,1155917,1893336,,41.863106154,-87.703120216
,G683381,11/13/2001 10:50:00 AM,078XX S COTTAGE GROVE,0810,THEFT,OVER $500,STREET,false,false,0624,,,,06,1182877,1853429,,41.753012515,-87.605394344
,G684356,11/13/2001 09:30:00 PM,072XX S WOOD ST,0320,ROBBERY,STRONGARM - NO WEAPON,SIDEWALK,false,false,0735,,,,03,1165649,1856457,,41.76170442,-87.668442399
,G682485,11/13/2001 12:55:32 AM,057XX S RUSSELL DR,1506,PROSTITUTION,SOLICIT ON PUBLIC WAY,PARK PROPERTY,true,false,0234,,,,16,1180198,1867301,,41.791140471,-87.61478702
,G684371,11/13/2001 09:40:55 PM,073XX S CARPENTER ST,0560,ASSAULT,SIMPLE,RESIDENCE,false,true,0733,,,,08A,1170620,1856275,,41.761098107,-87.65022847
,G687287,11/13/2001 10:00:00 AM,049XX W GEORGE ST,1310,CRIMINAL DAMAGE,TO PROPERTY,RESIDENCE,false,false,2521,,,,14,1142991,1918869,,41.93342221,-87.749933495
,G685945,11/13/2001 09:00:00 PM,042XX W LAWRENCE AV,1121,DECEPTIVE PRACTICE,COUNTERFEITING DOCUMENT,GAS STATION,false,false,1722,,,,10,1146952,1931517,,41.968054475,-87.735052445
,G684394,11/13/2001 10:05:00 PM,070XX S SANGAMON ST,0460,BATTERY,SIMPLE,APARTMENT,false,true,0733,,,,08B,1171145,1858322,,41.766703875,-87.648244559
,G683849,11/13/2001 05:50:00 PM,035XX W FULLERTON AV,0470,PUBLIC PEACE VIOLATION,RECKLESS CONDUCT,SIDEWALK,true,false,1413,,,,24,1152852,1915699,,41.924533621,-87.713778829
,G684405,11/13/2001 08:30:00 PM,064XX S HONORE ST,1310,CRIMINAL DAMAGE,TO PROPERTY,RESIDENCE,false,false,0726,,,,14,1165076,1862098,,41.777196219,-87.670383148
,G683781,11/13/2001 05:00:00 PM,075XX S JEFFERY BL,0430,BATTERY,AGGRAVATED: OTHER DANG WEAPON,SIDEWALK,true,false,0414,,,,04B,1190800,1855600,,41.758782302,-87.576290092
,G683810,11/13/2001 05:15:00 PM,031XX W LYNDALE ST,0470,PUBLIC PEACE VIOLATION,RECKLESS CONDUCT,STREET,true,false,1414,,,,24,1155306,1914884,,41.922248188,-87.704783691
,G684458,11/13/2001 07:00:00 PM,064XX S DAMEN AV,0430,BATTERY,AGGRAVATED: OTHER DANG WEAPON,RESIDENCE PORCH/HALLWAY,false,false,0726,,,,04B,1164098,1861826,,41.776470448,-87.67397614
,G683665,11/13/2001 04:34:40 PM,009XX W 87 ST,0460,BATTERY,SIMPLE,SIDEWALK,false,false,0613,,,,08B,1171433,1847181,,41.736125218,-87.647514436
,G683757,11/13/2001 05:09:36 PM,081XX S LOOMIS BL,0460,BATTERY,SIMPLE,RESIDENCE PORCH/HALLWAY,false,false,0614,,,,08B,1168371,1850863,,41.746295558,-87.658626765
,G684516,11/13/2001 11:22:13 PM,073XX S WABASH AV,0460,BATTERY,SIMPLE,RESIDENCE,false,false,0323,,,,08B,1177955,1856265,,41.760907683,-87.623345635
,G685762,11/13/2001 09:00:00 PM,013XX N LA SALLE DR,0910,MOTOR VEHICLE THEFT,AUTOMOBILE,STREET,false,false,1821,,,,07,1174927,1909261,,41.906401152,-87.632859501
,G685459,11/13/2001 06:30:00 PM,048XX S BISHOP ST,0620,BURGLARY,UNLAWFUL ENTRY,APARTMENT,false,false,0933,,,,05,1167451,1872367,,41.805325009,-87.661382179
,G683806,11/13/2001 05:41:29 PM,005XX W 79 ST,1220,DECEPTIVE PRACTICE,THEFT OF LOST/MISLAID PROP,CTA BUS,false,false,0621,,,,11,1174316,1852571,,41.75085254,-87.636792331
,G683432,11/13/2001 02:45:00 PM,131XX S CARVER DR,0460,BATTERY,SIMPLE,"SCHOOL, PUBLIC, BUILDING",true,false,0533,,,,08B,1186819,1818582,,41.65729576,-87.592047878
,G682977,11/13/2001 11:36:57 AM,081XX S MAY ST,0460,BATTERY,SIMPLE,"SCHOOL, PUBLIC, BUILDING",true,false,0613,,,,08B,1170102,1851055,,41.746785011,-87.652278422
,G900129,11/13/2001 10:25:00 AM,005XX W ROOSEVELT RD,0820,THEFT,$500 AND UNDER,OTHER,true,false,0131,,,,06,1173291,1894941,,41.867142705,-87.639294553
,G683809,11/13/2001 05:30:48 PM,001XX W 87 ST,0820,THEFT,$500 AND UNDER,DEPARTMENT STORE,false,false,0622,,,,06,1176895,1847317,,41.736377238,-87.627499596
,G683933,11/13/2001 05:15:00 PM,054XX S PRINCETON AV,031A,ROBBERY,ARMED: HANDGUN,STREET,false,false,0934,,,,03,1175165,1869086,,41.796152643,-87.633188507
,G684535,11/13/2001 11:55:00 PM,069XX S BISHOP ST,0460,BATTERY,SIMPLE,STREET,false,true,0734,,,,08B,1167834,1858356,,41.766868902,-87.660379686
,G683701,11/13/2001 03:40:00 PM,024XX S ARCHER AV,051A,ASSAULT,AGGRAVATED: HANDGUN,PARK PROPERTY,false,false,0923,,,,04A,1172505,1888321,,41.848994321,-87.642375621
,G684537,11/13/2001 03:20:00 PM,066XX S WOLCOTT AV,0820,THEFT,$500 AND UNDER,STREET,false,false,0726,,,,06,1164878,1860295,,41.772252734,-87.671159909
,G684545,11/13/2001 11:55:00 PM,068XX S HONORE ST,1310,CRIMINAL DAMAGE,TO PROPERTY,RESIDENCE PORCH/HALLWAY,true,false,0726,,,,14,1165159,1859264,,41.769417591,-87.670158985
,G684567,11/13/2001 04:30:00 PM,067XX S CHAMPLAIN AV,1310,CRIMINAL DAMAGE,TO PROPERTY,APARTMENT,false,false,0321,,,,14,1181686,1860533,,41.77253419,-87.609539797
,G684447,11/13/2001 10:39:20 PM,003XX W OAK ST,141B,WEAPONS VIOLATION,UNLAWFUL USE OTHER FIREARM,CHA PARKING LOT/GROUNDS,true,false,1823,,,,15,1173432,1907132,,41.900592434,-87.638414517
,G683220,11/13/2001 01:00:00 AM,009XX S WESTERN AV,0910,MOTOR VEHICLE THEFT,AUTOMOBILE,STREET,false,false,1135,,,,07,1160487,1895794,,41.869757862,-87.686276127
,G684013,11/13/2001 07:00:00 PM,044XX S WASHTENAW AV,5002,OTHER OFFENSE,OTHER VEHICLE OFFENSE,STREET,true,false,0912,,,,26,1159152,1875020,,41.812779192,-87.691747024
,G684409,11/13/2001 09:00:00 PM,053XX S KEDZIE AV,5002,OTHER OFFENSE,OTHER VEHICLE OFFENSE,GAS STATION,true,false,0911,,,,26,1155986,1869291,,41.797122314,-87.703514046
,G682458,11/13/2001 12:45:00 AM,052XX N CALIFORNIA AV,0560,ASSAULT,SIMPLE,STREET,false,false,2011,,,,08A,1156776,1935066,,41.977599191,-87.698833479
,G684038,11/13/2001 06:53:32 PM,015XX W 91 ST,0460,BATTERY,SIMPLE,RESIDENCE,false,true,2221,,,,08B,1167334,1844337,,41.728409513,-87.662612935
,G683735,11/13/2001 04:00:00 PM,050XX S LOOMIS ST,1792,KIDNAPPING,CHILD ABDUCTION/STRANGER,STREET,false,false,0933,,,,20,1167898,1871070,,41.801756293,-87.659780043
,G684548,11/13/2001 10:00:00 PM,106XX S MAY ST,0460,BATTERY,SIMPLE,VEHICLE NON-COMMERCIAL,false,false,2232,,,,08B,1170606,1834476,,41.701278861,-87.650913221
,G684689,11/13/2001 11:50:00 PM,068XX S STATE ST,0320,ROBBERY,STRONGARM - NO WEAPON,SIDEWALK,false,false,0322,,,,03,1177520,1859325,,41.769314503,-87.624847549
,G900127,11/13/2001 10:30:00 AM,053XX S PAULINA ST,1310,CRIMINAL DAMAGE,TO PROPERTY,RESIDENCE,false,false,0932,,,,14,1165884,1869028,,41.796195873,-87.667224202
,G687360,11/13/2001 10:00:00 AM,099XX S PERRY AV,0910,MOTOR VEHICLE THEFT,AUTOMOBILE,STREET,false,false,0511,,,,07,1177395,1839058,,41.713702197,-87.625916433
,G684066,11/13/2001 06:41:00 PM,044XX S CALIFORNIA AV,0460,BATTERY,SIMPLE,APARTMENT,true,false,0912,,,,08B,1158402,1875102,,41.813019543,-87.694495819
,G684215,11/13/2001 08:00:00 PM,051XX S HERMITAGE AV,0460,BATTERY,SIMPLE,STREET,false,false,0932,,,,08B,1165507,1870639,,41.800624658,-87.668561003
,G684317,11/13/2001 09:10:00 PM,009XX E 47 ST,1320,CRIMINAL DAMAGE,TO VEHICLE,STREET,false,false,2123,,,,14,1183520,1874088,,41.809687709,-87.602394485
,G669883,11/13/2001 08:47:00 PM,038XX N ELSTON AV,2210,LIQUOR LAW VIOLATION,SELL/GIVE/DEL LIQUOR TO MINOR,TAVERN/LIQUOR STORE,true,false,1732,,,,22,1152420,1925258,,41.950772818,-87.715112895
,G684473,11/13/2001 11:08:15 PM,111XX S EGGLESTON AV,0326,ROBBERY,AGGRAVATED VEHICULAR HIJACKING,STREET,false,false,2233,,,,03,1175245,1830771,,41.691009663,-87.634036939
,G683351,11/13/2001 02:02:20 PM,023XX N CLARK ST,0820,THEFT,$500 AND UNDER,SMALL RETAIL STORE,true,false,1814,,,,06,1173125,1915625,,41.923904458,-87.639289704
,G683412,11/13/2001 12:00:00 PM,043XX S DREXEL BL,0810,THEFT,OVER $500,"SCHOOL, PUBLIC, GROUNDS",false,false,2123,,,,06,1183093,1876371,,41.815962388,-87.603889556
,G687577,11/13/2001 09:00:00 PM,010XX N CALIFORNIA AV,0820,THEFT,$500 AND UNDER,HOSPITAL BUILDING/GROUNDS,false,false,1311,,,,06,1157579,1906674,,41.899673259,-87.69665591
,G683143,11/13/2001 12:36:20 PM,010XX N ORLEANS ST,0560,ASSAULT,SIMPLE,RESTAURANT,false,false,1823,,,,08A,1173754,1907501,,41.901597826,-87.637220807
,G682438,11/13/2001 12:16:11 AM,009XX S CICERO AV,0910,MOTOR VEHICLE THEFT,AUTOMOBILE,PARKING LOT/GARAGE(NON.RESID.),false,false,1533,,,,07,1144570,1895567,,41.869449319,-87.744718259
,G684561,11/13/2001 09:30:00 PM,057XX W MADISON ST,0420,BATTERY,AGGRAVATED:KNIFE/CUTTING INSTR,BARBERSHOP,false,false,1513,,,,04B,1138146,1899479,,41.880302829,-87.768208292
,G682472,11/13/2001 01:03:00 AM,030XX W LEXINGTON ST,0460,BATTERY,SIMPLE,RESIDENCE,true,true,1134,,,,08B,1156014,1896581,,41.872008821,-87.702676624
,G685704,11/13/2001 07:00:00 PM,014XX W 95 ST,0810,THEFT,OVER $500,STREET,false,false,2222,,,,06,1168056,1841772,,41.721355298,-87.660041585
,G684610,11/13/2001 11:30:00 PM,092XX S ABERDEEN ST,1220,DECEPTIVE PRACTICE,THEFT OF LOST/MISLAID PROP,STREET,true,false,2222,,,,11,1170569,1843519,,41.726095019,-87.650786214
,G685189,11/13/2001 10:00:00 PM,064XX S BISHOP ST,1320,CRIMINAL DAMAGE,TO VEHICLE,STREET,false,false,0725,,,,14,1167739,1861755,,41.776198234,-87.660630451
,G685208,11/13/2001 08:00:00 PM,018XX W 69 ST,1310,CRIMINAL DAMAGE,TO PROPERTY,OTHER,true,false,0726,,,,14,1165191,1858964,,41.768593673,-87.670050168
,G684865,11/13/2001 10:30:00 PM,011XX N LAWLER AV,0460,BATTERY,SIMPLE,RESIDENCE,false,true,1531,,,,08B,1142446,1907215,,41.901452553,-87.75222656
,G687728,11/13/2001 05:30:00 PM,080XX S YALE AV,0820,THEFT,$500 AND UNDER,STREET,false,false,0623,,,,06,1175978,1851451,,41.747742041,-87.6307355
,G684156,11/13/2001 07:40:00 PM,007XX W 94 ST,1320,CRIMINAL DAMAGE,TO VEHICLE,STREET,false,false,2223,,,,14,1172721,1842553,,41.723397085,-87.642931665
,G684613,11/13/2001 12:00:00 AM,114XX S NORMAL AV,1320,CRIMINAL DAMAGE,TO VEHICLE,STREET,false,false,2233,,,,14,1174966,1829270,,41.686896899,-87.63510292
,G682525,11/13/2001 02:35:00 AM,011XX S TROY ST,1320,CRIMINAL DAMAGE,TO VEHICLE,STREET,false,true,1134,,,,14,1155572,1895001,,41.867682035,-87.704341902
,G683522,11/13/2001 03:00:00 PM,032XX W ROOSEVELT RD,1330,CRIMINAL TRESPASS,TO LAND,GROCERY FOOD STORE,false,false,1134,,,,26,1154759,1894563,,41.866496423,-87.707338303
,G684310,11/13/2001 09:24:31 PM,003XX W SCHILLER ST,1320,CRIMINAL DAMAGE,TO VEHICLE,STREET,false,false,1821,,,,14,1173522,1909729,,41.907716735,-87.638006626
,G684518,11/13/2001 11:00:00 PM,025XX W ARGYLE ST,2825,OTHER OFFENSE,HARASSMENT BY TELEPHONE,APARTMENT,false,false,2031,,,,26,1158532,1932953,,41.971765144,-87.69243395
,G683039,11/13/2001 10:00:00 AM,014XX W 73 ST,0460,BATTERY,SIMPLE,STREET,false,false,0734,,,,08B,1167797,1856373,,41.761428083,-87.660572154
,G684194,11/13/2001 08:14:00 PM,071XX S CONSTANCE AV,0560,ASSAULT,SIMPLE,RESIDENCE PORCH/HALLWAY,true,false,0324,,,,08A,1189648,1857965,,41.765299805,-87.580436166
,G684942,11/13/2001 12:36:00 PM,006XX N LAKE SHORE DR,2820,OTHER OFFENSE,TELEPHONE THREAT,COMMERCIAL / BUSINESS OFFICE,false,false,1834,,,,26,1179588,1905071,,41.894797903,-87.615866785
,G682916,11/13/2001 10:00:00 AM,052XX N WINTHROP AV,2820,OTHER OFFENSE,TELEPHONE THREAT,APARTMENT,false,false,2023,,,,26,1167963,1935040,,41.977293094,-87.657694419
,G682461,11/13/2001 12:09:04 AM,022XX N AUSTIN AV,2027,NARCOTICS,POSS: CRACK,STREET,true,false,2515,,,,18,1136060,1914637,,41.921935721,-87.775506072
,G682589,11/13/2001 04:03:28 AM,054XX W WABANSIA AV,2093,NARCOTICS,FOUND SUSPECT NARCOTICS,STREET,true,false,2532,,,,26,1139790,1910727,,41.911138845,-87.761896527
,G686197,11/13/2001 04:50:00 PM,021XX W 95 ST,1350,CRIMINAL TRESPASS,TO STATE SUP LAND,LIBRARY,false,false,2221,,,,26,1163760,1841580,,41.720919541,-87.675782437
,G683031,11/13/2001 11:50:00 AM,041XX W MADISON ST,0460,BATTERY,SIMPLE,STREET,false,true,1115,,,,08B,1149027,1899735,,41.88080176,-87.728247373
,G683999,11/13/2001 06:30:00 PM,016XX S KEELER AV,0460,BATTERY,SIMPLE,STREET,false,true,1012,,,,08B,1148610,1891680,,41.858705945,-87.729986469
,G683943,11/13/2001 05:26:00 PM,047XX W WASHINGTON BL,5001,OTHER OFFENSE,OTHER CRIME INVOLVING PROPERTY,APARTMENT,false,false,1113,,,,26,1144819,1900122,,41.881944108,-87.74368922
,G682474,11/13/2001 12:23:00 AM,003XX S WESTERN AV,0460,BATTERY,SIMPLE,APARTMENT,false,true,1125,,,,08B,1160428,1898167,,41.876270818,-87.686427074
,G687860,11/13/2001 06:00:00 PM,020XX W HOMER ST,1320,CRIMINAL DAMAGE,TO VEHICLE,STREET,false,false,1434,,,,14,1162415,1912973,,41.916858317,-87.678716701
,G682545,11/13/2001 03:49:01 AM,057XX S ARCHER AV,2022,NARCOTICS,POSS: COCAINE,STREET,true,false,0811,,,,18,1141892,1869042,,41.796710757,-87.755205436
,G682595,11/13/2001 05:31:19 AM,041XX W WASHINGTON BL,4240,KIDNAPPING,FORCIBLE DETENTION,STREET,false,false,1114,,,,26,1148494,1900204,,41.882099044,-87.730192422
,G683633,11/13/2001 02:30:00 PM,015XX N MONTICELLO AV,0820,THEFT,$500 AND UNDER,STREET,false,false,2535,,,,06,1151794,1909782,,41.908317753,-87.717822436
,G684400,11/13/2001 09:55:12 PM,036XX W GARFIELD SQUARE DR,0460,BATTERY,SIMPLE,APARTMENT,false,false,1122,,,,08B,1152195,1903296,,41.890511633,-87.716520659
,G684098,11/13/2001 07:43:48 PM,038XX W FILLMORE ST,0460,BATTERY,SIMPLE,SIDEWALK,false,false,1133,,,,08B,1150850,1895055,,41.867923851,-87.721675869
,G684060,11/13/2001 07:24:11 PM,032XX W MADISON ST,0460,BATTERY,SIMPLE,CHA PARKING LOT/GROUNDS,false,true,1123,,,,08B,1154957,1899878,,41.881077373,-87.706468921
,G687768,11/13/2001 09:00:00 AM,014XX N LINDER AV,0840,THEFT,FINANCIAL ID THEFT: OVER $300,RESIDENCE,false,false,2532,,,,06,1139449,1909135,,41.90677644,-87.763188138
,G684626,11/13/2001 04:30:00 PM,012XX E 71 ST,0460,BATTERY,SIMPLE,STREET,false,false,0321,,,,08B,1185443,1858188,,41.766011706,-87.595841563
,G683958,11/13/2001 06:43:44 PM,041XX W MAYPOLE AV,0460,BATTERY,SIMPLE,RESIDENCE,false,true,1114,,,,08B,1148446,1901164,,41.884734317,-87.73034391
,G684035,11/13/2001 07:19:01 PM,010XX N RIDGEWAY AV,0460,BATTERY,SIMPLE,RESIDENCE,false,true,1112,,,,08B,1151153,1906606,,41.899615098,-87.720260546
,G683157,11/13/2001 12:46:00 PM,008XX S KILBOURN AV,1310,CRIMINAL DAMAGE,TO PROPERTY,RESIDENCE,false,false,1131,,,,14,1146417,1895900,,41.870328158,-87.737928868
,G683575,11/13/2001 03:00:00 PM,040XX W GRENSHAW ST,1310,CRIMINAL DAMAGE,TO PROPERTY,APARTMENT,false,false,1132,,,,14,1149771,1894778,,41.86718476,-87.725644307
,G684541,11/13/2001 11:40:54 PM,081XX S COTTAGE GROVE,0810,THEFT,OVER $500,PARKING LOT/GARAGE(NON.RESID.),false,false,0631,,,,06,1182936,1851039,,41.746452731,-87.605252248
,G686212,11/13/2001 06:30:00 PM,085XX S ASHLAND AV,0810,THEFT,OVER $500,STREET,false,false,0614,,,,06,1167129,1847742,,41.737757719,-87.663266787
,G687972,11/13/2001 04:00:00 AM,038XX W ALTGELD ST,1310,CRIMINAL DAMAGE,TO PROPERTY,RESIDENCE PORCH/HALLWAY,false,false,2524,,,,14,1150170,1916385,,41.926468817,-87.723615792
,G684313,11/13/2001 09:21:18 PM,062XX W WABANSIA AV,0470,PUBLIC PEACE VIOLATION,RECKLESS CONDUCT,APARTMENT,false,false,2513,,,,24,1134657,1910607,,41.910901843,-87.780756582
,G684018,11/13/2001 07:12:45 PM,017XX N MOODY AV,1330,CRIMINAL TRESPASS,TO LAND,RESIDENCE,false,false,2513,,,,26,1135175,1911291,,41.91276965,-87.778837355
,G683816,11/13/2001 05:40:13 PM,071XX W GRAND AV,1330,CRIMINAL TRESPASS,TO LAND,RESIDENCE,false,false,2512,,,,26,1127759,1915364,,41.924074827,-87.805990463
,G682487,11/13/2001 01:26:23 AM,022XX N KILPATRICK AV,1310,CRIMINAL DAMAGE,TO PROPERTY,RESIDENCE,false,false,2522,,,,14,1144724,1914785,,41.92218278,-87.743667968
,G682582,11/13/2001 05:01:23 AM,023XX N LATROBE AV,0460,BATTERY,SIMPLE,RESIDENCE,false,true,2515,,,,08B,1141043,1914968,,41.922753612,-87.757188701
,G683086,11/13/2001 12:01:47 PM,025XX N NORMANDY AV,1330,CRIMINAL TRESPASS,TO LAND,DEPARTMENT STORE,true,false,2512,,,,26,1131355,1916424,,41.926922152,-87.79275249
,G683206,11/13/2001 01:17:55 PM,057XX W BLOOMINGDALE AV,1310,CRIMINAL DAMAGE,TO PROPERTY,PARK PROPERTY,false,false,2531,,,,14,1137912,1911217,,41.912517589,-87.768783918
,G684301,11/13/2001 09:20:26 PM,028XX N LINDER AV,0460,BATTERY,SIMPLE,RESIDENCE,false,false,2514,,,,08B,1139258,1918293,,41.931910491,-87.7636663
,G688610,11/13/2001 08:00:00 PM,0000X W 24 ST,4387,OTHER OFFENSE,VIOLATE ORDER OF PROTECTION,RESIDENCE,false,true,2113,,,,26,1176219,1888472,,41.849325865,-87.628740459
,G685731,11/13/2001 04:00:00 PM,026XX W CHICAGO AV,0910,MOTOR VEHICLE THEFT,AUTOMOBILE,STREET,true,false,1313,,,,07,1158345,1905181,,41.895560705,-87.693883256
,G685707,11/13/2001 05:00:00 PM,060XX S CAMPBELL AV,1563,SEX OFFENSE,CRIMINAL SEXUAL ABUSE,RESIDENCE,false,true,0825,,,,17,1160784,1864313,,41.783364205,-87.686056516
,G682453,11/13/2001 12:48:18 AM,008XX N NOBLE ST,1330,CRIMINAL TRESPASS,TO LAND,RESIDENCE PORCH/HALLWAY,true,false,1323,,,,26,1166867,1905719,,41.89685846,-87.662568567
,G684270,11/13/2001 08:55:00 PM,064XX S MAPLEWOOD AV,143A,WEAPONS VIOLATION,UNLAWFUL POSS OF HANDGUN,STREET,true,false,0825,,,,15,1160523,1861790,,41.77644613,-87.687082954
,G685357,11/13/2001 06:00:00 PM,055XX N SPAULDING AV,0910,MOTOR VEHICLE THEFT,AUTOMOBILE,STREET,false,false,1712,,,,07,1153335,1936927,,41.982775122,-87.711438048
,G685795,11/13/2001 05:00:00 PM,035XX N LOWELL AV,0910,MOTOR VEHICLE THEFT,AUTOMOBILE,STREET,false,false,1731,,,,07,1146786,1923542,,41.946173622,-87.735867266
,G685136,11/13/2001 09:36:00 PM,039XX N PIONEER AV,0915,MOTOR VEHICLE THEFT,"TRUCK, BUS, MOTOR HOME",STREET,false,false,1631,,,,07,1120637,1925481,,41.951954424,-87.831942783
,G688152,11/13/2001 07:30:00 AM,039XX W 55 PL,0610,BURGLARY,FORCIBLE ENTRY,RESIDENCE-GARAGE,false,false,0822,,,,05,1150745,1867451,,41.792176842,-87.722781581
,G684466,11/13/2001 09:45:00 PM,048XX N HERMITAGE AV,051A,ASSAULT,AGGRAVATED: HANDGUN,STREET,true,false,2032,,,,04A,1163971,1932043,,41.969154673,-87.672459814
,G687464,11/13/2001 11:00:00 PM,082XX S WOODLAWN AV,0610,BURGLARY,FORCIBLE ENTRY,OTHER,false,false,0411,,,,05,1185693,1850280,,41.744305497,-87.595173934
,G686310,11/13/2001 06:45:00 PM,063XX N MC CORMICK RD,0910,MOTOR VEHICLE THEFT,AUTOMOBILE,PARKING LOT/GARAGE(NON.RESID.),false,false,1711,,,,07,1153227,1941995,,41.996684125,-87.711699956
,G687893,11/13/2001 04:30:00 PM,040XX W EASTWOOD AV,0917,MOTOR VEHICLE THEFT,"CYCLE, SCOOTER, BIKE W-VIN",STREET,false,false,1722,,,,07,1148541,1930689,,41.965751787,-87.72923122
,G684268,11/13/2001 07:35:00 AM,066XX S CLAREMONT AV,0930,MOTOR VEHICLE THEFT,THEFT/RECOVERY: AUTOMOBILE,STREET,true,false,0832,,,,07,1161840,1860776,,41.773636313,-87.682283022
,G683338,11/13/2001 01:19:00 PM,019XX W 69 ST,0460,BATTERY,SIMPLE,GROCERY FOOD STORE,true,false,0726,,,,08B,1164791,1858955,,41.768577431,-87.671516624
,G686689,11/13/2001 02:00:00 PM,044XX N CLARK ST,0810,THEFT,OVER $500,RESTAURANT,false,false,1922,,,,06,1165715,1929340,,41.961700443,-87.666124557
,G682425,11/13/2001 12:10:00 AM,074XX S STONY ISLAND AV,1330,CRIMINAL TRESPASS,TO LAND,GAS STATION,true,false,0324,,,,26,1188072,1855585,,41.758806583,-87.58628836
,G683450,11/13/2001 02:50:00 PM,063XX S STEWART AV,5001,OTHER OFFENSE,OTHER CRIME INVOLVING PROPERTY,"SCHOOL, PUBLIC, BUILDING",false,false,0722,,,,26,1174681,1862611,,41.77839536,-87.635156171
,G683490,11/13/2001 02:45:00 PM,076XX S KINGSTON AV,2022,NARCOTICS,POSS: COCAINE,SIDEWALK,true,false,0421,,,,18,1194559,1854785,,41.75645428,-87.562540627
,G685395,11/13/2001 11:45:00 AM,020XX W 63 ST,0610,BURGLARY,FORCIBLE ENTRY,ABANDONED BUILDING,false,false,0726,,,,05,1163555,1862808,,41.779176595,-87.675939235
,G683299,11/13/2001 02:00:00 PM,004XX S FRANKLIN ST,1811,NARCOTICS,POSS: CANNABIS 30GMS OR LESS,ALLEY,true,false,0131,,,,18,1174428,1898328,,41.876411554,-87.635019352
,G683752,11/13/2001 05:07:47 PM,083XX S ASHLAND AV,0460,BATTERY,SIMPLE,SIDEWALK,false,false,0614,,,,08B,1167158,1849647,,41.742984695,-87.663106182
,G685962,11/13/2001 03:33:00 PM,074XX S PEORIA ST,0820,THEFT,$500 AND UNDER,STREET,false,false,0733,,,,06,1171638,1855344,,41.758521082,-87.646524679
,G683253,11/13/2001 01:30:00 PM,023XX N CICERO AV,1506,PROSTITUTION,SOLICIT ON PUBLIC WAY,STREET,true,false,2522,,,,16,1143979,1914880,,41.922457494,-87.746402959
,G683148,11/13/2001 12:00:00 PM,010XX W TAYLOR ST,2022,NARCOTICS,POSS: COCAINE,STREET,true,false,1232,,,,18,1170028,1895734,,41.869390524,-87.651250264
,G683835,11/13/2001 05:30:00 PM,003XX N LOCKWOOD AV,2027,NARCOTICS,POSS: CRACK,STREET,true,false,1523,,,,18,1141012,1902066,,41.887349612,-87.757620769
,G683793,11/13/2001 03:30:00 PM,048XX N SHERIDAN RD,1121,DECEPTIVE PRACTICE,COUNTERFEITING DOCUMENT,GROCERY FOOD STORE,false,false,2024,,,,10,1168727,1932073,,41.969134992,-87.654971255
,G683852,11/13/2001 06:10:58 PM,0000X W 95 ST,1210,DECEPTIVE PRACTICE,THEFT OF LABOR/SERVICES,CTA PLATFORM,true,false,0634,,,,11,1177738,1841988,,41.721734768,-87.624571908
,G683970,11/13/2001 06:46:58 PM,001XX W 79 ST,0820,THEFT,$500 AND UNDER,GROCERY FOOD STORE,false,false,0623,,,,06,1176726,1852645,,41.751001727,-87.627958744
,G684089,11/13/2001 07:33:26 PM,004XX W 79 ST,1330,CRIMINAL TRESPASS,TO LAND,SMALL RETAIL STORE,true,false,0621,,,,26,1174996,1852589,,41.750886801,-87.634299956
,G686444,11/13/2001 06:03:00 PM,085XX S STONY ISLAND AV,0820,THEFT,$500 AND UNDER,STREET,false,false,0412,,,,06,1188242,1848917,,41.74050491,-87.585877624
,G684166,11/13/2001 07:27:57 PM,079XX S LAFAYETTE AV,0820,THEFT,$500 AND UNDER,GAS STATION,false,false,0623,,,,06,1177269,1852609,,41.750890705,-87.625970021
,G684451,11/13/2001 09:32:33 PM,033XX W IOWA ST,1360,CRIMINAL TRESPASS,TO VEHICLE,STREET,true,false,1121,,,,26,1153694,1905837,,41.897454682,-87.710947892
,G684204,11/13/2001 08:27:38 PM,081XX S STATE ST,0460,BATTERY,SIMPLE,APARTMENT,false,false,0631,,,,08B,1177747,1851045,,41.746588107,-87.624265637
,G683280,11/13/2001 01:30:00 PM,010XX N WALLER AV,2093,NARCOTICS,FOUND SUSPECT NARCOTICS,STREET,true,false,1511,,,,26,1138194,1906645,,41.899966377,-87.767858633
,G684210,11/13/2001 08:26:23 PM,004XX W 79 ST,0430,BATTERY,AGGRAVATED: OTHER DANG WEAPON,APARTMENT,false,true,0621,,,,04B,1174542,1852498,,41.750647196,-87.635966329
,G682499,11/13/2001 02:10:00 AM,021XX S SPAULDING AV,2027,NARCOTICS,POSS: CRACK,SIDEWALK,true,false,1022,,,,18,1154724,1889783,,41.853380271,-87.707594684
,G684218,11/13/2001 08:41:03 PM,004XX E 79 ST,1320,CRIMINAL DAMAGE,TO VEHICLE,STREET,true,false,0624,,,,14,1180630,1852687,,41.75102826,-87.613651387
,G684488,11/13/2001 11:10:00 PM,048XX W CHICAGO AV,051A,ASSAULT,AGGRAVATED: HANDGUN,SIDEWALK,false,false,1531,,,,04A,1144177,1904836,,41.894891957,-87.745928169
,G683179,11/13/2001 12:45:47 PM,025XX W 63 ST,1811,NARCOTICS,POSS: CANNABIS 30GMS OR LESS,STREET,true,false,0825,,,,18,1160416,1862753,,41.779090943,-87.687448697
,G685022,11/13/2001 04:30:00 PM,011XX E 79 ST,0430,BATTERY,AGGRAVATED: OTHER DANG WEAPON,STREET,false,false,0411,,,,04B,1185375,1852814,,41.751266531,-87.596259572
,G684180,11/13/2001 06:30:00 PM,081XX S ELLIS AV,0810,THEFT,OVER $500,STREET,false,false,0631,,,,06,1184268,1851256,,41.74701717,-87.60036477
,G683224,11/13/2001 01:10:00 PM,015XX S KEDVALE AV,2024,NARCOTICS,POSS: HEROIN(WHITE),SIDEWALK,true,false,1012,,,,18,1149004,1892294,,41.860383229,-87.728524341
,G684260,11/13/2001 09:02:28 PM,083XX S MAY ST,1310,CRIMINAL DAMAGE,TO PROPERTY,STREET,false,true,0613,,,,14,1170068,1849396,,41.742233226,-87.652451107
,G683734,11/13/2001 05:10:00 PM,033XX W DOUGLAS BL,1811,NARCOTICS,POSS: CANNABIS 30GMS OR LESS,STREET,true,false,1021,,,,18,1154293,1893297,,41.863031692,-87.709082841
,G684264,11/13/2001 08:59:37 PM,077XX S WOLCOTT AV,1330,CRIMINAL TRESPASS,TO LAND,RESIDENCE,true,false,0611,,,,26,1165069,1853475,,41.753533675,-87.670652355
,G682743,11/13/2001 08:45:08 AM,033XX S DR MARTN LUTHR KING JR DR,0820,THEFT,$500 AND UNDER,DRUG STORE,true,false,2122,,,,06,1179505,1882646,,41.833264299,-87.616858968
,G683984,11/13/2001 06:30:00 PM,050XX W IOWA ST,2027,NARCOTICS,POSS: CRACK,SIDEWALK,true,false,1531,,,,18,1142742,1905556,,41.896894559,-87.751180657
,G684372,11/13/2001 09:55:00 PM,029XX N DAMEN AV,1506,PROSTITUTION,SOLICIT ON PUBLIC WAY,STREET,true,false,1931,,,,16,1162552,1919278,,41.934156772,-87.678036338
,G683883,11/13/2001 05:38:11 PM,0000X E 110 PL,0430,BATTERY,AGGRAVATED: OTHER DANG WEAPON,RESIDENCE,false,false,0513,,,,04B,1178688,1831915,,41.69407157,-87.62139728
,G684761,11/13/2001 09:00:00 PM,034XX W MEDILL AV,1320,CRIMINAL DAMAGE,TO VEHICLE,STREET,false,false,1413,,,,14,1153095,1915372,,41.923631484,-87.712894631
,G683863,11/13/2001 05:34:00 PM,0000X W 103 ST,1549,PROSTITUTION,OTHER PROSTITUTION OFFENSE,STREET,true,false,0512,,,,16,1177576,1836628,,41.707029861,-87.625326722
,G683501,11/13/2001 03:38:21 PM,013XX N CICERO AV,1506,PROSTITUTION,SOLICIT ON PUBLIC WAY,STREET,true,false,2533,,,,16,1144092,1908232,,41.904212558,-87.746154988
,G684158,11/13/2001 08:10:00 PM,091XX S CARPENTER ST,2027,NARCOTICS,POSS: CRACK,STREET,true,false,2222,,,,18,1170958,1844352,,41.728372418,-87.649337032
,G683024,11/13/2001 10:45:00 AM,084XX S SAGINAW AV,1310,CRIMINAL DAMAGE,TO PROPERTY,"SCHOOL, PUBLIC, BUILDING",false,false,0423,,,,14,1195333,1849756,,41.742635248,-87.559869805
,G684415,11/13/2001 10:30:00 PM,019XX S CLARK ST,2027,NARCOTICS,POSS: CRACK,STREET,true,false,0132,,,,18,1175764,1890978,,41.856212741,-87.630335048
,G683169,11/13/2001 12:30:00 PM,045XX N LAKE SHORE DR,1811,NARCOTICS,POSS: CANNABIS 30GMS OR LESS,PARK PROPERTY,true,false,2313,,,,18,1170551,1930179,,41.963897978,-87.64832015
,G683775,11/13/2001 05:15:00 PM,003XX N CENTRAL AV,1210,DECEPTIVE PRACTICE,THEFT OF LABOR/SERVICES,CTA PLATFORM,true,false,1512,,,,11,1138934,1901976,,41.887140644,-87.765254102
,G684307,11/13/2001 09:25:00 PM,0000X E CULLERTON ST,2027,NARCOTICS,POSS: CRACK,ALLEY,true,false,0132,,,,18,1176881,1890752,,41.855567413,-87.626241962
,G685561,11/13/2001 01:30:00 AM,077XX S INGLESIDE AV,1320,CRIMINAL DAMAGE,TO VEHICLE,STREET,false,false,0624,,,,14,1183865,1853710,,41.753760611,-87.601764996
,G682761,11/13/2001 09:15:00 AM,002XX N PINE AV,141C,WEAPONS VIOLATION,UNLAWFUL USE OTHER DANG WEAPON,"SCHOOL, PUBLIC, BUILDING",true,false,1523,,,,15,1139494,1901274,,41.885204076,-87.763214719
,G683920,11/13/2001 06:25:00 PM,046XX S MICHIGAN AV,2027,NARCOTICS,POSS: CRACK,ALLEY,true,false,0221,,,,18,1177890,1874521,,41.811005441,-87.623031112
,G684403,11/13/2001 10:35:00 PM,114XX S TORRENCE AV,1320,CRIMINAL DAMAGE,TO VEHICLE,STREET,true,false,0434,,,,14,1195594,1829909,,41.688166777,-87.559567038
,G683123,11/13/2001 12:05:00 PM,002XX N CLARK ST,2111,NARCOTICS,SALE/DEL HYPODERMIC NEEDLE,CTA PLATFORM,true,false,0113,,,,26,1175461,1901745,,41.885764878,-87.631123902
,G683892,11/13/2001 06:30:00 PM,048XX W RICE ST,2024,NARCOTICS,POSS: HEROIN(WHITE),STREET,true,false,1531,,,,18,1144002,1905178,,41.89583373,-87.746562314
,G685229,11/13/2001 08:00:00 PM,056XX S ROCKWELL ST,1310,CRIMINAL DAMAGE,TO PROPERTY,"SCHOOL, PUBLIC, BUILDING",false,false,0824,,,,14,1159962,1867094,,41.791012589,-87.688993852
,G683345,11/13/2001 01:48:00 PM,001XX E 71 ST,0820,THEFT,$500 AND UNDER,GROCERY FOOD STORE,true,false,0323,,,,06,1178806,1857945,,41.76549847,-87.620175645
,G683202,11/13/2001 12:15:00 PM,056XX W CHICAGO AV,0820,THEFT,$500 AND UNDER,CTA BUS,false,false,1511,,,,06,1138858,1904825,,41.894960038,-87.765463958
,G684375,11/13/2001 10:01:33 PM,031XX W MOFFAT ST,1310,CRIMINAL DAMAGE,TO PROPERTY,RESIDENCE,false,false,1421,,,,14,1154936,1912164,,41.914791717,-87.70621627
,G682621,11/13/2001 06:58:00 AM,008XX N HAMLIN AV,041A,BATTERY,AGGRAVATED: HANDGUN,STREET,false,false,1112,,,,04B,1150943,1905272,,41.895958584,-87.721066849
,G684097,11/13/2001 07:30:00 PM,0000X N TALMAN AV,1506,PROSTITUTION,SOLICIT ON PUBLIC WAY,STREET,true,false,1331,,,,16,1158878,1900238,,41.881985753,-87.692061342
,G684195,11/13/2001 08:14:33 PM,071XX S CONSTANCE AV,0560,ASSAULT,SIMPLE,RESIDENCE PORCH/HALLWAY,true,false,0324,,,,08A,1189648,1857965,,41.765299805,-87.580436166
,G682556,11/13/2001 04:00:00 AM,007XX N PINE AV,2027,NARCOTICS,POSS: CRACK,SIDEWALK,true,false,1524,,,,18,1139416,1904739,,41.894713891,-87.763416641
,G689511,11/13/2001 05:30:00 PM,014XX E 69 ST,1130,DECEPTIVE PRACTICE,FRAUD OR CONFIDENCE GAME,STREET,false,false,0332,,,,11,1187382,1859578,,41.769780146,-87.588690444
,G684083,11/13/2001 07:05:00 PM,017XX W GARFIELD BV,1811,NARCOTICS,POSS: CANNABIS 30GMS OR LESS,STREET,true,false,0932,,,,18,1165929,1868266,,41.794103896,-87.66708084
,G684318,11/13/2001 09:25:00 PM,0000X E 44 ST,2027,NARCOTICS,POSS: CRACK,STREET,true,false,0221,,,,18,1177813,1875914,,41.8148297,-87.623271322
,G683309,11/13/2001 12:45:00 PM,048XX S PRINCETON AV,1360,CRIMINAL TRESPASS,TO VEHICLE,STREET,true,false,0935,,,,26,1175151,1872609,,41.805820415,-87.633134607
,G687467,11/13/2001 12:01:00 AM,030XX S POPLAR AV,1320,CRIMINAL DAMAGE,TO VEHICLE,STREET,false,false,0923,,,,14,1171051,1884662,,41.838985688,-87.647819097
,G683935,11/13/2001 06:30:00 PM,061XX S CALUMET AV,2027,NARCOTICS,POSS: CRACK,STREET,true,false,0311,,,,18,1179503,1864605,,41.783758301,-87.617417725
,G684341,11/13/2001 09:25:00 PM,002XX W 37 PL,1811,NARCOTICS,POSS: CANNABIS 30GMS OR LESS,CHA PARKING LOT/GROUNDS,true,false,0925,,,,18,1175112,1880133,,41.826467829,-87.633052758
,G684448,11/13/2001 10:10:00 PM,040XX W LE MOYNE ST,1525,PROSTITUTION,PATRONIZING A PROSTITUTE,STREET,true,false,2534,,,,16,1149040,1909707,,41.908165728,-87.727941275
,G683548,11/13/2001 03:40:00 PM,011XX W BRYN MAWR AV,0470,PUBLIC PEACE VIOLATION,RECKLESS CONDUCT,CTA PLATFORM,true,false,2023,,,,24,1167635,1937312,,41.983534617,-87.658834827
,G683837,11/13/2001 04:15:00 PM,009XX N MICHIGAN AV,0820,THEFT,$500 AND UNDER,STREET,false,false,1833,,,,06,1177365,1906675,,41.899250074,-87.623982436
,G683141,11/13/2001 12:30:00 PM,006XX E 61 ST,2024,NARCOTICS,POSS: HEROIN(WHITE),SIDEWALK,true,false,0313,,,,18,1181528,1864744,,41.784093224,-87.609989131
,G684085,11/13/2001 07:45:00 PM,013XX N LARRABEE ST,2027,NARCOTICS,POSS: CRACK,CHA PARKING LOT/GROUNDS,true,false,1822,,,,18,1172048,1909151,,41.906163332,-87.643438342
,G684522,11/13/2001 11:25:00 PM,031XX N BROADWAY,1811,NARCOTICS,POSS: CANNABIS 30GMS OR LESS,SIDEWALK,true,false,2332,,,,18,1171669,1920814,,41.938175509,-87.644486389
,G684273,11/13/2001 08:10:00 PM,063XX S CICERO AV,2027,NARCOTICS,POSS: CRACK,PARKING LOT/GARAGE(NON.RESID.),true,false,0813,,,,18,1145507,1862124,,41.777659151,-87.742123094
,G683512,11/13/2001 03:45:00 PM,002XX N PINE AV,0460,BATTERY,SIMPLE,"SCHOOL, PUBLIC, BUILDING",false,false,1523,,,,08B,1139494,1901274,,41.885204076,-87.763214719
,G684445,11/13/2001 10:15:00 PM,092XX S ABERDEEN ST,2027,NARCOTICS,POSS: CRACK,STREET,true,false,2222,,,,18,1170569,1843519,,41.726095019,-87.650786214
,G684478,11/13/2001 10:10:00 PM,059XX S CAMPBELL AV,2027,NARCOTICS,POSS: CRACK,STREET,true,false,0824,,,,18,1160769,1864916,,41.785019229,-87.686094869
,G684357,11/13/2001 09:25:00 PM,005XX W DIVISION ST,2027,NARCOTICS,POSS: CRACK,STREET,true,false,1823,,,,18,1172307,1908305,,41.903836143,-87.642511973
,G684096,11/13/2001 07:25:00 PM,057XX W DIVISION ST,1360,CRIMINAL TRESPASS,TO VEHICLE,STREET,true,false,2531,,,,26,1138110,1907464,,41.902215332,-87.768147353
,G684412,11/13/2001 10:15:00 PM,005XX E ILLINOIS ST,0460,BATTERY,SIMPLE,PARKING LOT/GARAGE(NON.RESID.),true,false,1834,,,,08B,1179859,1903686,,41.89099118,-87.614914082
,G683808,11/13/2001 05:30:00 PM,073XX S PAXTON AV,0910,MOTOR VEHICLE THEFT,AUTOMOBILE,STREET,false,false,0333,,,,07,1192110,1856936,,41.762416658,-87.571445746
,G686586,11/13/2001 02:15:00 AM,040XX W DIVERSEY AV,0560,ASSAULT,SIMPLE,OTHER,false,false,2523,,,,08A,1149206,1918356,,41.931896171,-87.727106868
,G684294,11/13/2001 08:41:07 PM,010XX N MONTICELLO AV,0930,MOTOR VEHICLE THEFT,THEFT/RECOVERY: AUTOMOBILE,STREET,true,false,1112,,,,07,1151813,1906742,,41.899975328,-87.717832767
,G686490,11/13/2001 09:00:00 PM,020XX N KILPATRICK AV,0460,BATTERY,SIMPLE,STREET,false,true,2522,,,,08B,1144679,1913272,,41.918031804,-87.743871525
,G685601,11/13/2001 05:30:00 PM,0000X E WASHINGTON ST,0560,ASSAULT,SIMPLE,SMALL RETAIL STORE,false,false,0122,,,,08A,1176607,1900786,,41.883107519,-87.626944591
,G684291,11/13/2001 09:15:00 PM,036XX W DOUGLAS BV,1811,NARCOTICS,POSS: CANNABIS 30GMS OR LESS,STREET,true,false,1011,,,,18,1152552,1893259,,41.862961976,-87.715474927
,G683036,11/13/2001 11:57:00 AM,023XX S STATE ST,0460,BATTERY,SIMPLE,CHA APARTMENT,false,false,2113,,,,08B,1176642,1888869,,41.850405727,-87.627176034
,G683959,11/13/2001 02:00:00 AM,066XX S KING DR,0460,BATTERY,SIMPLE,HOTEL/MOTEL,false,false,0312,,,,08B,1180024,1860977,,41.773790792,-87.615618586
,G684254,11/13/2001 10:30:00 PM,022XX S SPRINGFIELD AV,1811,NARCOTICS,POSS: CANNABIS 30GMS OR LESS,STREET,true,false,1013,,,,18,1150782,1888560,,41.850102125,-87.722095263
,G684017,11/13/2001 06:40:00 PM,013XX S CENTRAL PARK AV,1811,NARCOTICS,POSS: CANNABIS 30GMS OR LESS,STREET,true,false,1021,,,,18,1152632,1893291,,41.863048208,-87.715180407
,G683021,11/13/2001 11:30:00 AM,022XX S STATE ST,1350,CRIMINAL TRESPASS,TO STATE SUP LAND,CHA PARKING LOT/GROUNDS,true,false,2111,,,,26,1176630,1889325,,41.851657294,-87.627206314
,G683027,11/13/2001 11:30:00 AM,024XX S STATE ST,1350,CRIMINAL TRESPASS,TO STATE SUP LAND,CHA APARTMENT,true,false,2113,,,,26,1176662,1888120,,41.848349966,-87.627125238
,G684093,11/13/2001 07:55:00 PM,052XX W THOMAS ST,2250,LIQUOR LAW VIOLATION,LIQUOR LICENSE VIOLATION,STREET,true,false,1524,,,,22,1141141,1906864,,41.900513525,-87.757028687
,G683447,11/13/2001 11:00:00 AM,054XX S WOODLAWN AV,0610,BURGLARY,FORCIBLE ENTRY,APARTMENT,true,false,2131,,,,05,1185185,1869356,,41.796663723,-87.596436413
,G684339,11/13/2001 09:15:00 PM,022XX S STATE ST,0460,BATTERY,SIMPLE,CHA PARKING LOT/GROUNDS,false,false,2111,,,,08B,1176632,1889223,,41.851377353,-87.627202052
,G685062,11/13/2001 09:00:00 PM,130XX S DREXEL AV,0820,THEFT,$500 AND UNDER,CHA PARKING LOT/GROUNDS,false,false,0533,,,,06,1184287,1818745,,41.657802437,-87.601307736
,G683811,11/13/2001 05:30:00 PM,013XX S MILLARD AV,2024,NARCOTICS,POSS: HEROIN(WHITE),STREET,true,false,1011,,,,18,1152221,1893239,,41.862913624,-87.71669053
,G683977,11/13/2001 06:50:00 PM,038XX W ROOSEVELT RD,2024,NARCOTICS,POSS: HEROIN(WHITE),SIDEWALK,true,false,1011,,,,18,1151015,1894397,,41.866114996,-87.721087348
,G684383,11/13/2001 09:25:00 PM,053XX W LE MOYNE ST,2027,NARCOTICS,POSS: CRACK,STREET,true,false,2532,,,,18,1140736,1909423,,41.907543174,-87.758453303
,G683499,11/13/2001 02:40:48 PM,021XX W MADISON ST,1792,KIDNAPPING,CHILD ABDUCTION/STRANGER,SIDEWALK,true,false,1332,,,,20,1161780,1900029,,41.88135224,-87.681411057
,G683150,11/13/2001 11:00:00 AM,018XX W MONTVALE AV,1811,NARCOTICS,POSS: CANNABIS 30GMS OR LESS,"SCHOOL, PUBLIC, BUILDING",true,false,2212,,,,18,1165656,1830105,,41.6893903,-87.669161934
,G685103,11/13/2001 06:00:00 PM,013XX N CICERO AV,1320,CRIMINAL DAMAGE,TO VEHICLE,OTHER,false,false,2533,,,,14,1144080,1908836,,41.905870226,-87.746183881
,G684287,11/13/2001 09:10:00 PM,048XX S DREXEL AV,1811,NARCOTICS,POSS: CANNABIS 30GMS OR LESS,ALLEY,true,false,2124,,,,18,1182959,1873257,,41.807420455,-87.604477968
,G682505,11/13/2001 01:42:25 AM,007XX N PINE AV,2027,NARCOTICS,POSS: CRACK,SIDEWALK,true,false,1524,,,,18,1139417,1904718,,41.894656246,-87.76341348
,G683236,11/13/2001 12:45:00 PM,027XX W ALBION AV,2091,NARCOTICS,FORFEIT PROPERTY,STREET,true,false,2412,,,,26,1156527,1943705,,42.001310055,-87.699514049
,G683909,11/13/2001 05:50:00 PM,037XX S VINCENNES AV,1811,NARCOTICS,POSS: CANNABIS 30GMS OR LESS,STREET,true,false,0212,,,,18,1180809,1880075,,41.826179344,-87.61215359
,G682570,11/13/2001 04:40:00 AM,050XX W MONROE ST,2014,NARCOTICS,MANU/DELIVER: HEROIN (WHITE),STREET,true,false,1533,,,,18,1143219,1899161,,41.879337022,-87.749588472
,G682441,11/13/2001 11:55:00 PM,073XX S MARSHFIELD AV,2027,NARCOTICS,POSS: CRACK,SIDEWALK,true,false,0735,,,,18,1166568,1856267,,41.761163493,-87.665079572
,G684437,11/13/2001 10:15:00 PM,075XX N CALIFORNIA AV,2022,NARCOTICS,POSS: COCAINE,STREET,true,false,2411,,,,18,1156497,1950253,,42.019278606,-87.699446043
,G684168,11/13/2001 08:10:00 PM,019XX N TRIPP AV,2230,LIQUOR LAW VIOLATION,ILLEGAL CONSUMPTION BY MINOR,STREET,true,false,2534,,,,22,1147783,1912587,,41.916092986,-87.732484778
,G686352,11/13/2001 07:30:00 PM,084XX S SANGAMON ST,0820,THEFT,$500 AND UNDER,STREET,false,false,0613,,,,06,1171404,1849099,,41.741389106,-87.647564688
,G684179,11/13/2001 08:30:00 PM,086XX S BURNHAM AV,1812,NARCOTICS,POSS: CANNABIS MORE THAN 30GMS,STREET,true,false,0423,,,,18,1196353,1848457,,41.73904547,-87.55617557
,G683334,11/13/2001 01:54:00 PM,016XX W HOWARD ST,1821,NARCOTICS,MANU/DEL:CANNABIS 10GM OR LESS,CTA PLATFORM,true,false,2422,,,,18,1163713,1950306,,42.019274324,-87.672890561
,G683290,11/13/2001 02:00:18 PM,037XX W ALTGELD ST,1811,NARCOTICS,POSS: CANNABIS 30GMS OR LESS,SIDEWALK,true,false,2524,,,,18,1151277,1916401,,41.92649105,-87.719547627
,G684128,11/13/2001 07:27:00 PM,041XX N MANGO AV,1811,NARCOTICS,POSS: CANNABIS 30GMS OR LESS,ALLEY,true,false,1624,,,,18,1137311,1927002,,41.955844158,-87.770611242
,G683972,11/13/2001 07:00:00 PM,018XX N CICERO AV,1506,PROSTITUTION,SOLICIT ON PUBLIC WAY,STREET,true,false,2533,,,,16,1144079,1911549,,41.913315008,-87.746119328
,G684326,11/13/2001 09:00:00 PM,067XX N CLARK ST,1821,NARCOTICS,MANU/DEL:CANNABIS 10GM OR LESS,SIDEWALK,true,false,2432,,,,18,1163891,1944634,,42.003706472,-87.672396695
,G683193,11/13/2001 12:30:00 PM,012XX S WESTERN AV,1320,CRIMINAL DAMAGE,TO VEHICLE,STREET,false,false,1023,,,,14,1160521,1894625,,41.866549311,-87.686183657
,G682985,11/13/2001 11:40:00 AM,048XX W GRAND AV,1506,PROSTITUTION,SOLICIT ON PUBLIC WAY,STREET,true,false,2533,,,,16,1144102,1911820,,41.914058228,-87.746028012
,G689914,11/13/2001 11:30:00 PM,062XX S HOYNE AV,0910,MOTOR VEHICLE THEFT,AUTOMOBILE,STREET,false,true,0714,,,,07,1163473,1863391,,41.780778145,-87.676223523
,G682572,11/13/2001 04:03:28 AM,054XX W WABANSIA AV,2093,NARCOTICS,FOUND SUSPECT NARCOTICS,ALLEY,true,false,2532,,,,26,1139790,1910727,,41.911138845,-87.761896527
,G685675,11/13/2001 08:00:00 PM,022XX S KEDZIE AV,0910,MOTOR VEHICLE THEFT,AUTOMOBILE,GAS STATION,false,false,1024,,,,07,1155326,1889164,,41.851669605,-87.705401736
,G683997,11/13/2001 07:23:20 PM,022XX N LOWELL AV,031A,ROBBERY,ARMED: HANDGUN,STREET,false,false,2522,,,,03,1146969,1914776,,41.922115425,-87.735419326
,G684235,11/13/2001 07:10:00 PM,027XX W LEXINGTON ST,1330,CRIMINAL TRESPASS,TO LAND,RESIDENCE,false,false,1135,,,,26,1158389,1896632,,41.872100556,-87.693955589
,G683023,11/13/2001 11:45:42 AM,045XX W FULLERTON AV,0610,BURGLARY,FORCIBLE ENTRY,OTHER,false,false,2521,,,,05,1145855,1915615,,41.924438964,-87.739491178
,G683751,11/13/2001 05:00:00 PM,049XX S FEDERAL ST,1320,CRIMINAL DAMAGE,TO VEHICLE,CHA PARKING LOT/GROUNDS,false,false,0231,,,,14,1176576,1872029,,41.804196865,-87.627925741
,G684032,11/13/2001 06:45:00 PM,039XX S STATE ST,0460,BATTERY,SIMPLE,OTHER,false,false,0214,,,,08B,1176966,1879111,,41.823621706,-87.62628171
,G683858,11/13/2001 05:52:20 PM,054XX S WENTWORTH AV,0560,ASSAULT,SIMPLE,OTHER,false,false,0232,,,,08A,1175923,1869122,,41.796234456,-87.630407807
,G684014,11/13/2001 06:50:00 PM,003XX E 51 ST,0320,ROBBERY,STRONGARM - NO WEAPON,OTHER,false,false,0232,,,,03,1179080,1871232,,41.801953066,-87.618766629
,G683532,11/13/2001 01:45:00 PM,0000X E 53 ST,1320,CRIMINAL DAMAGE,TO VEHICLE,STREET,false,false,0232,,,,14,1177937,1869801,,41.798052267,-87.623001801
,G684521,11/13/2001 11:10:00 PM,046XX S INDIANA AV,0430,BATTERY,AGGRAVATED: OTHER DANG WEAPON,SIDEWALK,true,false,0221,,,,04B,1178333,1874534,,41.811031055,-87.621405844
,G683754,11/13/2001 05:03:34 PM,030XX N MONTICELLO AV,0560,ASSAULT,SIMPLE,STREET,false,false,2523,,,,08A,1151577,1919996,,41.93635013,-87.718350504
,G683241,11/13/2001 01:18:19 PM,023XX N KILPATRICK AV,0460,BATTERY,SIMPLE,RESIDENCE,true,true,2522,,,,08B,1144713,1915223,,41.923384903,-87.74369732
,G683207,11/13/2001 01:00:46 PM,039XX W ARMITAGE AV,0530,ASSAULT,AGGRAVATED: OTHER DANG WEAPON,ALLEY,false,false,2535,,,,04A,1149560,1912953,,41.917062976,-87.725946602
,G684446,11/13/2001 10:37:51 PM,041XX S INDIANA AV,1320,CRIMINAL DAMAGE,TO VEHICLE,STREET,false,false,0214,,,,14,1178333,1877322,,41.818681564,-87.621321112
,G684482,11/13/2001 10:36:28 PM,038XX S CALUMET AV,0460,BATTERY,SIMPLE,RESIDENCE,false,false,0211,,,,08B,1179198,1879481,,41.824586319,-87.618082084
,G684427,11/13/2001 10:43:22 PM,005XX E BROWNING AV,0460,BATTERY,SIMPLE,STREET,false,false,0212,,,,08B,1180552,1881377,,41.829758044,-87.613056408
,G684408,11/13/2001 10:19:47 PM,006XX E 48 ST,0460,BATTERY,SIMPLE,SIDEWALK,false,false,0223,,,,08B,1181296,1873368,,41.807763586,-87.610573881
,G683675,11/13/2001 04:37:20 PM,050XX S PRAIRIE AV,0820,THEFT,$500 AND UNDER,GROCERY FOOD STORE,true,false,0224,,,,06,1178938,1871486,,41.802653303,-87.619279657
,G684063,11/13/2001 06:48:49 PM,001XX E 44 ST,5002,OTHER OFFENSE,OTHER VEHICLE OFFENSE,STREET,true,false,0221,,,,26,1177913,1875917,,41.814835665,-87.62290442
,G683931,11/13/2001 06:34:34 PM,004XX E OAKWOOD BL,0460,BATTERY,SIMPLE,STREET,false,false,0213,,,,08B,1179710,1878821,,41.822763516,-87.616223942
,G683636,11/13/2001 04:08:02 PM,043XX S PRAIRIE AV,0560,ASSAULT,SIMPLE,RESIDENCE PORCH/HALLWAY,false,false,0222,,,,08A,1178808,1876120,,41.815372362,-87.619615283
,G690850,11/13/2001 10:00:00 PM,078XX S SOUTH SHORE DR,0820,THEFT,$500 AND UNDER,OTHER,false,false,0421,,,,06,1197939,1853974,,41.754145072,-87.550180925
,G683930,11/13/2001 06:00:00 PM,023XX W JACKSON BV,0430,BATTERY,AGGRAVATED: OTHER DANG WEAPON,STREET,false,false,1211,,,,04B,1160853,1898601,,41.877452953,-87.684854577
,G683239,11/13/2001 12:45:00 AM,009XX W BARRY AV,5002,OTHER OFFENSE,OTHER VEHICLE OFFENSE,STREET,true,false,1932,,,,26,1169315,1920809,,41.938213367,-87.653137924
,G682586,11/13/2001 04:53:52 AM,016XX W DEVON AV,0460,BATTERY,SIMPLE,SIDEWALK,false,false,2433,,,,08B,1164379,1942545,,41.997963855,-87.670660839
,G686133,11/13/2001 12:00:00 AM,082XX S HOUSTON AV,0265,CRIM SEXUAL ASSAULT,AGGRAVATED: OTHER,"SCHOOL, PUBLIC, GROUNDS",false,false,0424,,,,02,1197968,1850598,,41.744880362,-87.55018726
,G683371,11/13/2001 02:15:00 PM,024XX E 103 ST,1350,CRIMINAL TRESPASS,TO STATE SUP LAND,CHA PARKING LOT/GROUNDS,true,false,0431,,,,26,1194239,1837203,,41.708215573,-87.564289062
,G689318,11/13/2001 11:30:00 AM,133XX S BALTIMORE AVE,0910,MOTOR VEHICLE THEFT,AUTOMOBILE,OTHER,false,false,0433,,10,,07,1199144,1816741,,41.651944134,-87.547010923
,G683158,11/13/2001 08:30:00 AM,061XX S HERMITAGE AV,0460,BATTERY,SIMPLE,"SCHOOL, PUBLIC, GROUNDS",false,false,0714,,,,08B,1165771,1863995,,41.7823871,-87.667781456
,G689341,11/13/2001 12:00:00 PM,016XX W CHASE AV,1120,DECEPTIVE PRACTICE,FORGERY,APARTMENT,false,false,2423,,,,10,1164173,1948362,,42.013930203,-87.671253155
,G684192,11/13/2001 08:25:00 PM,048XX N LAWNDALE AV,1360,CRIMINAL TRESPASS,TO VEHICLE,STREET,true,false,1712,,,,26,1150892,1931738,,41.968584502,-87.720559424
,G686164,11/13/2001 11:00:00 PM,076XX S STEWART AV,0610,BURGLARY,FORCIBLE ENTRY,RESIDENCE,false,false,0621,,,,05,1174918,1853933,,41.75457664,-87.634545783
,G683928,11/13/2001 06:24:15 PM,053XX S PRINCETON AV,0326,ROBBERY,AGGRAVATED VEHICULAR HIJACKING,STREET,true,false,0934,,,,03,1175227,1869709,,41.797860832,-87.632942537
,G687266,11/13/2001 09:00:00 PM,062XX N LEMONT AV,0820,THEFT,$500 AND UNDER,"SCHOOL, PRIVATE, BUILDING",false,false,1711,,,,06,1144299,1941167,,41.994585193,-87.744563544
,G689288,11/13/2001 10:00:00 PM,033XX W GRACE ST,1310,CRIMINAL DAMAGE,TO PROPERTY,RESIDENCE-GARAGE,true,false,1733,,,,14,1153676,1925034,,41.950133193,-87.71050188
,G684008,11/13/2001 06:45:00 PM,009XX E 132 ST,0460,BATTERY,SIMPLE,CHA PARKING LOT/GROUNDS,false,false,0533,,,,08B,1185068,1817975,,41.655671207,-87.598473952
,G687742,11/13/2001 01:00:00 PM,100XX S STATE ST,0820,THEFT,$500 AND UNDER,STREET,false,false,0511,,,,06,1177982,1838653,,41.712577568,-87.623778856
,G684241,11/13/2001 09:01:34 PM,010XX E 130 ST,1320,CRIMINAL DAMAGE,TO VEHICLE,STREET,false,false,0532,,,,14,1185292,1819402,,41.65958186,-87.597609759
,G688433,11/13/2001 08:00:00 AM,082XX S STONY ISLAND AV,1120,DECEPTIVE PRACTICE,FORGERY,COMMERCIAL / BUSINESS OFFICE,false,false,0411,,,,10,1188193,1850872,,41.745870788,-87.585994945
,G687186,11/13/2001 07:00:00 AM,075XX S SOUTH SHORE DR,0820,THEFT,$500 AND UNDER,STREET,false,false,0421,,,,06,1195999,1856249,,41.760436076,-87.557215018
,G683116,11/13/2001 11:23:00 AM,014XX W NORWOOD ST,1330,CRIMINAL TRESPASS,TO LAND,RESIDENCE-GARAGE,true,false,2433,,,,26,1165704,1940331,,41.991860344,-87.66585013
,G683980,11/13/2001 06:45:00 PM,013XX N BOSWORTH AV,0470,PUBLIC PEACE VIOLATION,RECKLESS CONDUCT,STREET,true,false,1433,,,,24,1165877,1909186,,41.906393329,-87.666105627
,G691946,11/13/2001 10:00:00 AM,082XX S ADA ST,1320,CRIMINAL DAMAGE,TO VEHICLE,OTHER,false,false,0613,,,,14,1168804,1850046,,41.744044268,-87.657063681
,G688510,11/13/2001 12:00:00 PM,056XX S MORGAN ST,0820,THEFT,$500 AND UNDER,STREET,false,false,0712,,,,06,1170640,1867655,,41.792325755,-87.649823664
,G691507,11/13/2001 09:00:00 PM,0000X S CENTRAL AV,0840,THEFT,FINANCIAL ID THEFT: OVER $300,RESIDENCE,false,false,1513,,,,06,1139023,1899257,,41.87967774,-87.764993391
,G682815,11/13/2001 09:35:10 AM,023XX N LOCKWOOD AV,0630,BURGLARY,ATTEMPT FORCIBLE ENTRY,RESIDENCE-GARAGE,false,false,2515,,,,05,1140707,1915001,,41.922850356,-87.758422478
,G692235,11/13/2001 07:00:00 PM,067XX S HALSTED ST,0820,THEFT,$500 AND UNDER,OTHER,false,false,0723,,,,06,1172084,1860397,,41.772377349,-87.644741875
,G692229,11/13/2001 04:30:00 PM,026XX W FOSTER AV,0810,THEFT,OVER $500,RESIDENCE,false,false,2031,,,,06,1157876,1934396,,41.975738249,-87.69480661
,G683911,11/13/2001 03:30:00 PM,069XX S EAST END AV,4387,OTHER OFFENSE,VIOLATE ORDER OF PROTECTION,"SCHOOL, PUBLIC, BUILDING",false,true,0332,,,,26,1188940,1859149,,41.768565777,-87.582993305
,G683285,11/13/2001 12:30:00 PM,030XX N MILWAUKEE AV,0460,BATTERY,SIMPLE,OTHER,false,true,2523,,,,08B,1150929,1920245,,41.937046137,-87.72072545
,G682723,11/13/2001 01:00:00 AM,043XX W WABANSIA AV,1320,CRIMINAL DAMAGE,TO VEHICLE,OTHER,false,false,2534,,,,14,1147229,1910986,,41.911710315,-87.734561227
,G682599,11/13/2001 05:40:00 AM,071XX S RIDGELAND AV,0460,BATTERY,SIMPLE,APARTMENT,false,true,0324,,,,08B,1189073,1857664,,41.764487627,-87.582553314
,G685501,11/13/2001 03:00:00 PM,070XX S EBERHART AV,1720,OFFENSE INVOLVING CHILDREN,CONTRIBUTE DELINQUENCY OF A CHILD,STREET,false,false,0322,,,,20,1180749,1858640,,41.767361194,-87.613032659
,G684485,11/13/2001 10:38:28 PM,012XX N PULASKI RD,1200,DECEPTIVE PRACTICE,STOLEN PROP: BUY/RECEIVE/POS.,STREET,true,false,2535,,,,13,1149538,1907771,,41.902843493,-87.726162201
,G684496,11/13/2001 11:25:16 PM,048XX W NORTH AV,0420,BATTERY,AGGRAVATED:KNIFE/CUTTING INSTR,PARKING LOT/GARAGE(NON.RESID.),false,true,2533,,,,04B,1143859,1910159,,41.90950483,-87.746962481
,G689625,11/13/2001 10:00:00 AM,069XX S CLYDE AV,0460,BATTERY,SIMPLE,"SCHOOL, PUBLIC, BUILDING",false,false,0331,,,,08B,1191373,1859222,,41.768707504,-87.574072951
,G684315,11/13/2001 09:32:20 PM,040XX W GRAND AV,5002,OTHER OFFENSE,OTHER VEHICLE OFFENSE,PARKING LOT/GARAGE(NON.RESID.),true,false,2534,,,,26,1149402,1908964,,41.906119844,-87.726630766
,G684306,11/13/2001 09:00:00 PM,019XX N OAK PARK AV,0460,BATTERY,SIMPLE,STREET,false,true,2513,,,,08B,1130742,1911919,,41.914570451,-87.795108942
,G683120,11/13/2001 12:18:50 PM,043XX W ARMITAGE AV,051A,ASSAULT,AGGRAVATED: HANDGUN,PARKING LOT/GARAGE(NON.RESID.),false,false,2534,,,,04A,1146903,1912890,,41.91694132,-87.735710123
,G683600,11/13/2001 03:55:56 PM,012XX N MONTICELLO AV,0460,BATTERY,SIMPLE,"SCHOOL, PUBLIC, GROUNDS",false,false,2535,,,,08B,1151767,1908142,,41.903817969,-87.71796484
,G683641,11/13/2001 03:30:00 PM,047XX W MC LEAN AV,051A,ASSAULT,AGGRAVATED: HANDGUN,STREET,false,true,2522,,,,04A,1144481,1913249,,41.917972422,-87.744599577
,G683230,11/13/2001 01:13:58 PM,014XX N PARKSIDE AV,0460,BATTERY,SIMPLE,"SCHOOL, PUBLIC, BUILDING",false,false,2531,,,,08B,1138362,1909130,,41.906782476,-87.767181317
,G682886,11/13/2001 11:58:24 AM,025XX N HAMLIN AV,1563,SEX OFFENSE,CRIMINAL SEXUAL ABUSE,RESIDENCE,false,false,2524,,,,17,1150661,1916572,,41.926972367,-87.721806679
,G683414,11/13/2001 02:39:42 PM,031XX N LUNA AV,0460,BATTERY,SIMPLE,RESIDENCE,false,false,2514,,,,08B,1138855,1920383,,41.937653008,-87.76509638
,G683878,11/13/2001 05:51:18 PM,017XX N HARDING AV,0470,PUBLIC PEACE VIOLATION,RECKLESS CONDUCT,STREET,false,false,2535,,,,24,1149737,1911265,,41.912427503,-87.725340263
,G683923,11/13/2001 06:35:00 PM,030XX W ARMITAGE AV,5002,OTHER OFFENSE,OTHER VEHICLE OFFENSE,STREET,true,false,1414,,,,26,1155486,1913167,,41.917532978,-87.7041686
,G691774,11/13/2001 12:05:00 AM,025XX W DEVON AV,0810,THEFT,OVER $500,GROCERY FOOD STORE,false,false,2412,,,,06,1158473,1942439,,41.997796353,-87.692389871
,G688386,11/13/2001 08:00:00 PM,023XX S MARSHALL BL,0460,BATTERY,SIMPLE,STREET,false,false,1033,,,,08B,1157043,1887934,,41.84825972,-87.699133227
,G692010,11/13/2001 12:40:00 PM,078XX S STATE ST,1120,DECEPTIVE PRACTICE,FORGERY,BANK,false,false,0623,,,,10,1177694,1852698,,41.751125333,-87.624409936
,G691962,11/13/2001 11:30:00 AM,021XX S ROCKWELL ST,0910,MOTOR VEHICLE THEFT,AUTOMOBILE,STREET,false,false,1023,,,,07,1159404,1889619,,41.852835367,-87.690421901
,G684209,11/13/2001 08:25:00 PM,002XX S DEARBORN ST,0460,BATTERY,SIMPLE,CTA PLATFORM,true,false,0112,,,,08B,1175931,1899168,,41.878682876,-87.629475598
,G683720,11/13/2001 03:03:00 PM,069XX S NORMAL AV,0460,BATTERY,SIMPLE,STREET,true,false,0732,,,,08B,1174183,1859030,,41.768579769,-87.63708814
,G684304,11/13/2001 07:30:00 PM,072XX S WOOD ST,0320,ROBBERY,STRONGARM - NO WEAPON,SIDEWALK,false,false,0735,,,,03,1165652,1856354,,41.76142171,-87.668434322
,G693980,11/13/2001 08:00:00 PM,048XX W 45 ST,1320,CRIMINAL DAMAGE,TO VEHICLE,STREET,false,false,0814,,,,14,1145047,1874410,,41.811382581,-87.743500453
,G693749,11/13/2001 07:30:00 PM,102XX S VAN VLISSINGEN,1130,DECEPTIVE PRACTICE,FRAUD OR CONFIDENCE GAME,RESIDENCE,false,false,0431,,,,11,1193125,1837483,,41.709011151,-87.568359413
,G692406,11/13/2001 04:30:00 PM,059XX S LOOMIS BL,0820,THEFT,$500 AND UNDER,RESIDENCE,false,false,0713,,,,06,1167982,1864996,,41.785086718,-87.659646545
,G684670,11/13/2001 11:51:36 PM,071XX S SOUTH CHICAGO AV,0460,BATTERY,SIMPLE,SIDEWALK,false,false,0323,,,,08B,1182786,1858057,,41.765714331,-87.605584345
,G900149,11/13/2001 10:15:00 AM,050XX S STATE ST,1811,NARCOTICS,POSS: CANNABIS 30GMS OR LESS,CHA PARKING LOT/GROUNDS,true,false,0231,,,,18,1177084,1871717,,41.803329252,-87.626072066
,G683594,11/13/2001 03:40:00 PM,024XX W ROOSEVELT RD,0820,THEFT,$500 AND UNDER,STREET,false,false,1135,,,,06,1160526,1894687,,41.866719341,-87.686163586
,G684102,11/13/2001 06:51:11 PM,053XX S JUSTINE ST,2027,NARCOTICS,POSS: CRACK,OTHER,true,false,0932,,,,18,1166946,1869486,,41.797430031,-87.663316678
,G684198,11/13/2001 08:15:00 PM,054XX S LAFLIN ST,2027,NARCOTICS,POSS: CRACK,STREET,true,false,0933,,,,18,1167227,1868398,,41.794438416,-87.662317355
,G683332,11/13/2001 11:30:00 AM,016XX N DRAKE AV,2022,NARCOTICS,POSS: COCAINE,RESIDENCE,true,false,1422,,,,18,1152606,1910748,,41.910952517,-87.714813948
,G683033,11/13/2001 12:00:00 PM,009XX N SEDGWICK ST,2017,NARCOTICS,MANU/DELIVER:CRACK,CHA PARKING LOT/GROUNDS,true,false,1823,,,,18,1173374,1906658,,41.899293041,-87.63864165
,G684366,11/13/2001 09:22:01 PM,001XX N LEAMINGTON AV,2250,LIQUOR LAW VIOLATION,LIQUOR LICENSE VIOLATION,VEHICLE NON-COMMERCIAL,true,false,1532,,,,22,1141997,1900160,,41.882101123,-87.754050757
,G683110,11/13/2001 12:15:00 PM,0000X W 79 ST,1210,DECEPTIVE PRACTICE,THEFT OF LABOR/SERVICES,CTA BUS,false,false,0623,,,,11,1177484,1852588,,41.750828226,-87.625182794
,G695526,11/13/2001 08:00:00 AM,089XX S LOOMIS ST,0820,THEFT,$500 AND UNDER,PARKING LOT/GARAGE(NON.RESID.),false,false,2222,,,,06,1168518,1845657,,41.732006388,-87.658237765
,G682990,11/13/2001 10:45:00 AM,054XX S LAFLIN ST,1811,NARCOTICS,POSS: CANNABIS 30GMS OR LESS,STREET,true,false,0933,,,,18,1167223,1868542,,41.794833655,-87.662327901
,G683183,11/13/2001 12:36:04 PM,081XX S COTTAGE GROVE,0930,MOTOR VEHICLE THEFT,THEFT/RECOVERY: AUTOMOBILE,STREET,false,false,0631,,,,07,1182929,1851308,,41.747191058,-87.605269557
,G683528,11/13/2001 03:24:27 PM,077XX S INGLESIDE AV,0460,BATTERY,SIMPLE,STREET,false,false,0624,,,,08B,1183865,1853710,,41.753760611,-87.601764996
,G685244,11/13/2001 07:00:00 AM,038XX W MAYPOLE AV,0810,THEFT,OVER $500,RESIDENCE,false,false,1122,,,,06,1150442,1900972,,41.884168729,-87.723019261
,G682760,11/13/2001 09:00:00 AM,033XX W FRANKLIN BL,0820,THEFT,$500 AND UNDER,"SCHOOL, PUBLIC, BUILDING",false,false,1123,,,,06,1154257,1903099,,41.889930121,-87.708953234
,G683176,11/13/2001 12:45:00 PM,033XX W FRANKLIN BL,0820,THEFT,$500 AND UNDER,"SCHOOL, PUBLIC, BUILDING",false,false,1123,,,,06,1154257,1903099,,41.889930121,-87.708953234
,G682726,11/13/2001 08:43:00 AM,004XX W 38 ST,1506,PROSTITUTION,SOLICIT ON PUBLIC WAY,STREET,true,false,0925,,,,16,1173918,1879691,,41.825281565,-87.637446416
,G682956,11/13/2001 11:15:00 AM,048XX W ARTHINGTON ST,2027,NARCOTICS,POSS: CRACK,STREET,true,false,1533,,,,18,1144164,1895565,,41.869451461,-87.746208864
,G683866,11/13/2001 05:18:18 PM,013XX N WOLCOTT AV,2093,NARCOTICS,FOUND SUSPECT NARCOTICS,OTHER,true,false,1424,,,,26,1163623,1909017,,41.905977393,-87.674390192
,G684167,11/13/2001 08:00:00 PM,021XX E 71 ST,0820,THEFT,$500 AND UNDER,GROCERY FOOD STORE,true,false,0333,,,,06,1191459,1858232,,41.765988783,-87.573789768
,G683547,11/13/2001 03:40:00 PM,070XX S WOLCOTT AV,2017,NARCOTICS,MANU/DELIVER:CRACK,SIDEWALK,true,false,0735,,,,18,1164864,1857951,,41.765820777,-87.671277369
,G900141,11/13/2001 11:08:00 AM,087XX S RACINE AV,1811,NARCOTICS,POSS: CANNABIS 30GMS OR LESS,SIDEWALK,true,false,2222,,,,18,1169810,1846878,,41.73532908,-87.653469302
,G683203,11/13/2001 11:57:00 AM,043XX S WENTWORTH AV,1811,NARCOTICS,POSS: CANNABIS 30GMS OR LESS,GAS STATION,true,false,0935,,,,18,1175608,1876466,,41.816394151,-87.631342962
,G684226,11/13/2001 08:54:30 PM,051XX S JUSTINE ST,1811,NARCOTICS,POSS: CANNABIS 30GMS OR LESS,STREET,true,false,0932,,,,18,1166829,1870874,,41.801241367,-87.663706082
,G682746,11/13/2001 08:55:00 AM,013XX S FAIRFIELD AV,2027,NARCOTICS,POSS: CRACK,VACANT LOT/LAND,true,false,1023,,,,18,1158290,1893478,,41.863447685,-87.694405247
,G690565,11/13/2001 10:02:00 AM,012XX S ALBANY AV,2825,OTHER OFFENSE,HARASSMENT BY TELEPHONE,RESIDENCE,false,false,1022,,,,26,1155865,1894264,,41.865653732,-87.703286103
,G682479,11/13/2001 01:20:00 AM,010XX N LARRABEE ST,2027,NARCOTICS,POSS: CRACK,CHA HALLWAY/STAIRWELL/ELEVATOR,true,false,1823,,,,18,1172192,1907241,,41.900919008,-87.642965844
,G683122,11/13/2001 12:30:00 PM,030XX N CICERO AV,1220,DECEPTIVE PRACTICE,THEFT OF LOST/MISLAID PROP,STREET,true,false,2521,,,,11,1143791,1920161,,41.936952605,-87.746961034
,G682987,11/13/2001 11:15:00 AM,038XX W CHICAGO AV,0820,THEFT,$500 AND UNDER,STREET,false,false,1112,,,,06,1150893,1905112,,41.895520507,-87.721254682
,G683297,11/13/2001 01:50:00 PM,028XX W LEXINGTON ST,1812,NARCOTICS,POSS: CANNABIS MORE THAN 30GMS,STREET,true,false,1135,,,,18,1157245,1896607,,41.87205526,-87.698156387
,G689529,11/13/2001 08:00:00 PM,004XX E OAKWOOD BV,0810,THEFT,OVER $500,PARKING LOT/GARAGE(NON.RESID.),false,false,0213,,,,06,1179692,1878741,,41.822544402,-87.616292425
,G684057,11/13/2001 07:15:05 PM,017XX N KEDZIE AV,2027,NARCOTICS,POSS: CRACK,STREET,true,false,1421,,,,18,1154738,1911356,,41.912578466,-87.706965378
,G683112,11/13/2001 11:40:00 AM,001XX N MENARD AV,2027,NARCOTICS,POSS: CRACK,SIDEWALK,true,false,1512,,,,18,1137653,1900385,,41.882797907,-87.769996727
,G683281,11/13/2001 01:39:08 PM,033XX W FLOURNOY ST,0560,ASSAULT,SIMPLE,APARTMENT,false,true,1134,,,,08A,1153906,1896867,,41.872835875,-87.71040839
,G683399,11/13/2001 02:00:00 PM,007XX N ST LOUIS AV,2024,NARCOTICS,POSS: HEROIN(WHITE),SIDEWALK,true,false,1121,,,,18,1152866,1904995,,41.895160595,-87.714011374
,G684335,11/13/2001 09:17:03 PM,032XX W ARMITAGE AV,1506,PROSTITUTION,SOLICIT ON PUBLIC WAY,STREET,true,false,1413,,,,16,1154700,1913153,,41.917510348,-87.707056774
,G683146,11/13/2001 12:30:00 PM,062XX S CALUMET AV,2024,NARCOTICS,POSS: HEROIN(WHITE),CHA PARKING LOT/GROUNDS,true,false,0311,,,,18,1179606,1863759,,41.781434441,-87.617065931
,G683434,11/13/2001 02:40:00 PM,027XX W HARRISON ST,0810,THEFT,OVER $500,STREET,false,false,1135,,,,06,1157832,1897285,,41.873903819,-87.695982774
,G683426,11/13/2001 02:45:00 PM,060XX S CARPENTER ST,2027,NARCOTICS,POSS: CRACK,SIDEWALK,true,false,0712,,,,18,1170300,1864991,,41.785022845,-87.651147899
,G683201,11/13/2001 01:00:00 PM,047XX W LEXINGTON ST,2027,NARCOTICS,POSS: CRACK,STREET,true,false,1131,,,,18,1144546,1896162,,41.871082526,-87.744791394
,G683303,11/13/2001 01:20:00 PM,039XX N BERNARD ST,2027,NARCOTICS,POSS: CRACK,STREET,true,false,1732,,,,18,1152738,1925851,,41.952393752,-87.713928187
,G683342,11/13/2001 01:30:00 PM,002XX N PULASKI RD,0810,THEFT,OVER $500,STREET,false,false,1122,,,,06,1149744,1900581,,41.883109375,-87.725592585
,G684459,11/13/2001 01:00:00 PM,030XX W LEXINGTON ST,0810,THEFT,OVER $500,RESIDENCE,false,false,1134,,,,06,1156014,1896581,,41.872008821,-87.702676624
,G684031,11/13/2001 01:20:00 PM,032XX W ROOSEVELT RD,0820,THEFT,$500 AND UNDER,GROCERY FOOD STORE,true,false,1134,,,,06,1154759,1894563,,41.866496423,-87.707338303
,G683694,11/13/2001 04:30:00 PM,011XX S LYTLE ST,2027,NARCOTICS,POSS: CRACK,STREET,true,false,1231,,,,18,1168176,1895074,,41.867619611,-87.658068475
,G682455,11/13/2001 12:50:07 AM,019XX S TRUMBULL AV,2027,NARCOTICS,POSS: CRACK,SIDEWALK,true,false,1024,,,,18,1153765,1890402,,41.855098002,-87.711098107
,G684088,11/13/2001 07:24:26 PM,017XX W FULLERTON AV,0820,THEFT,$500 AND UNDER,DEPARTMENT STORE,true,false,1811,,,,06,1164094,1915947,,41.924983829,-87.672463883
,G683118,11/13/2001 12:45:00 PM,031XX W FULTON BL,2027,NARCOTICS,POSS: CRACK,STREET,true,false,1331,,,,18,1155025,1901866,,41.88653128,-87.70616588
,G682526,11/13/2001 02:53:25 AM,005XX S PULASKI RD,1310,CRIMINAL DAMAGE,TO PROPERTY,CTA PLATFORM,true,false,1132,,,,14,1149775,1897121,,41.873614145,-87.725568722
,G684112,11/13/2001 08:00:10 PM,012XX N CENTRAL AV,2027,NARCOTICS,POSS: CRACK,SIDEWALK,true,false,2531,,,,18,1138748,1907458,,41.902187309,-87.765803994
,G683635,11/13/2001 03:45:00 PM,059XX S UNION AV,1811,NARCOTICS,POSS: CANNABIS 30GMS OR LESS,SIDEWALK,true,false,0711,,,,18,1172609,1865515,,41.786410176,-87.642666697
,G684146,11/13/2001 07:37:20 PM,016XX N MASON AV,2017,NARCOTICS,MANU/DELIVER:CRACK,STREET,true,false,2531,,,,18,1136537,1910389,,41.910270182,-87.773855234
,G684118,11/13/2001 07:54:00 PM,119XX S STEWART AV,1549,PROSTITUTION,OTHER PROSTITUTION OFFENSE,STREET,true,false,0522,,,,16,1175725,1825971,,41.677827018,-87.632422597
,G684227,11/13/2001 08:35:00 PM,024XX W 63 ST,1811,NARCOTICS,POSS: CANNABIS 30GMS OR LESS,STREET,true,false,0825,,,,18,1161339,1862777,,41.779137728,-87.684064209
,G683602,11/13/2001 04:17:00 PM,027XX N HOYNE AV,1811,NARCOTICS,POSS: CANNABIS 30GMS OR LESS,CHA PARKING LOT/GROUNDS,true,false,1913,,,,18,1162376,1918469,,41.931940516,-87.678705835
,G684350,11/13/2001 08:30:18 PM,070XX S PERRY AV,2017,NARCOTICS,MANU/DELIVER:CRACK,APARTMENT,true,false,0731,,,,18,1176651,1858462,,41.766965934,-87.62805882
,G684232,11/13/2001 08:57:21 PM,006XX W EVERGREEN AV,2027,NARCOTICS,POSS: CRACK,SIDEWALK,true,false,1822,,,,18,1171735,1909273,,41.906505009,-87.644584501
,G684277,11/13/2001 09:10:00 PM,053XX S KEDZIE AV,1811,NARCOTICS,POSS: CANNABIS 30GMS OR LESS,STREET,true,false,0911,,,,18,1155986,1869291,,41.797122314,-87.703514046
,G900162,11/13/2001 10:45:00 AM,066XX W HURLBUT ST,1811,NARCOTICS,POSS: CANNABIS 30GMS OR LESS,STREET,true,false,1612,,,,18,1130722,1937628,,41.985119144,-87.794588706
,G684284,11/13/2001 09:24:56 PM,039XX W VAN BUREN ST,2027,NARCOTICS,POSS: CRACK,OTHER,true,false,1132,,,,18,1149825,1897764,,41.875377639,-87.725368423
,G684384,11/13/2001 09:50:00 PM,048XX W RICE ST,2027,NARCOTICS,POSS: CRACK,SIDEWALK,true,false,1531,,,,18,1143939,1905257,,41.896051697,-87.746791718
,G684486,11/13/2001 11:24:54 PM,027XX W OGDEN AV,2024,NARCOTICS,POSS: HEROIN(WHITE),CHA PARKING LOT/GROUNDS,true,false,1023,,,,18,1158452,1892995,,41.862118973,-87.693823763
,G683304,11/13/2001 12:00:00 PM,014XX S AVERS AV,0520,ASSAULT,AGGRAVATED:KNIFE/CUTTING INSTR,STREET,false,false,1011,,,,04A,1150994,1892471,,41.860830238,-87.721214854
,G684059,11/13/2001 07:30:00 PM,015XX W GARFIELD BL,2027,NARCOTICS,POSS: CRACK,STREET,true,false,0932,,,,18,1166913,1868293,,41.794157004,-87.663471785
,G684413,11/13/2001 10:34:46 PM,013XX W 15 ST,2027,NARCOTICS,POSS: CRACK,CHA PARKING LOT/GROUNDS,true,false,1231,,,,18,1167767,1892902,,41.861668281,-87.65963255
,G684513,11/13/2001 11:06:39 PM,015XX W ROOSEVELT RD,1811,NARCOTICS,POSS: CANNABIS 30GMS OR LESS,STREET,true,false,1231,,,,18,1166388,1894745,,41.866755214,-87.664641903
,G684410,11/13/2001 09:45:00 PM,067XX S CAMPBELL AV,2027,NARCOTICS,POSS: CRACK,VEHICLE NON-COMMERCIAL,true,false,0832,,,,18,1160908,1859974,,41.771454822,-87.685721689
,G684418,11/13/2001 09:40:00 PM,062XX S ROCKWELL ST,2093,NARCOTICS,FOUND SUSPECT NARCOTICS,RESIDENCE,true,false,0825,,,,26,1160070,1863230,,41.780407022,-87.688704064
,G684498,11/13/2001 11:35:55 PM,010XX N MONTICELLO AV,1811,NARCOTICS,POSS: CANNABIS 30GMS OR LESS,STREET,true,false,1112,,,,18,1151816,1906660,,41.899750253,-87.717823909
,G684213,11/13/2001 08:47:42 PM,034XX W HURON ST,2027,NARCOTICS,POSS: CRACK,SIDEWALK,true,false,1121,,,,18,1153319,1904493,,41.893774073,-87.712360956
,G689960,11/13/2001 05:30:00 PM,071XX S JEFFERY BL,1152,DECEPTIVE PRACTICE,ILLEGAL USE CASH CARD,SMALL RETAIL STORE,false,false,0333,,,,11,1190735,1858239,,41.766025505,-87.576443207
,G692029,11/13/2001 12:00:00 AM,010XX W CATALPA AV,1320,CRIMINAL DAMAGE,TO VEHICLE,PARKING LOT/GARAGE(NON.RESID.),false,false,2023,,,,14,1168046,1936658,,41.981731133,-87.657342234
,G682999,11/13/2001 11:40:08 AM,050XX S PRAIRIE AV,1320,CRIMINAL DAMAGE,TO VEHICLE,STREET,false,false,0224,,,,14,1178851,1871772,,41.803440095,-87.619590011
,G682468,11/13/2001 12:55:00 AM,040XX W IOWA ST,0330,ROBBERY,AGGRAVATED,STREET,false,false,1111,,,,03,1149542,1905755,,41.897311306,-87.726199915
,G684249,11/13/2001 08:52:21 PM,040XX S PRAIRIE AV,1310,CRIMINAL DAMAGE,TO PROPERTY,APARTMENT,false,false,0214,,,,14,1178669,1878158,,41.820967969,-87.620063098
,G696483,11/13/2001 06:00:00 PM,050XX N WINTHROP AV,2825,OTHER OFFENSE,HARASSMENT BY TELEPHONE,RESIDENCE,false,false,2033,,,,26,1167916,1933851,,41.974031461,-87.657901734
,G683329,11/13/2001 01:56:54 PM,042XX S ST LAWRENCE AV,0460,BATTERY,SIMPLE,"SCHOOL, PRIVATE, BUILDING",false,false,0213,,,,08B,1180924,1877097,,41.818004838,-87.611823431
,G683069,11/13/2001 12:23:34 PM,050XX S STATE ST,5011,OTHER OFFENSE,LICENSE VIOLATION,OTHER,false,false,0231,,,,26,1177086,1871618,,41.803057542,-87.626067719
,G684322,11/13/2001 09:35:09 PM,051XX S FEDERAL ST,0460,BATTERY,SIMPLE,CHA PARKING LOT/GROUNDS,false,false,0232,,,,08B,1176618,1870821,,41.800881053,-87.627808072
,G684420,11/13/2001 10:24:26 PM,049XX S STATE ST,0460,BATTERY,SIMPLE,CHA APARTMENT,false,false,0231,,,,08B,1177074,1872054,,41.804254237,-87.626098571
,G697009,11/13/2001 05:00:00 PM,073XX S LAFAYETTE AV,2825,OTHER OFFENSE,HARASSMENT BY TELEPHONE,RESIDENCE,false,false,0731,,,,26,1177059,1856401,,41.761301129,-87.626625411
,G683321,11/13/2001 01:52:37 PM,046XX S KING DR,143B,WEAPONS VIOLATION,UNLAWFUL POSS OTHER FIREARM,"SCHOOL, PRIVATE, BUILDING",true,false,0222,,,,15,1179598,1874353,,41.810505526,-87.616771506
,G696491,11/13/2001 12:01:00 AM,006XX W ROSCOE ST,0810,THEFT,OVER $500,RESIDENCE,false,false,2331,,,,06,1170948,1922844,,41.943761776,-87.647076469
,G684526,11/13/2001 11:31:53 PM,010XX N MOZART ST,1330,CRIMINAL TRESPASS,TO LAND,ABANDONED BUILDING,true,false,1311,,,,26,1157157,1906768,,41.899939787,-87.698203365
,G691634,11/13/2001 04:15:00 PM,070XX S FAIRFIELD AV,0910,MOTOR VEHICLE THEFT,AUTOMOBILE,STREET,false,false,0831,,,,07,1159301,1857688,,41.765214756,-87.691674958
,G697593,11/13/2001 10:00:00 PM,033XX S MICHIGAN AV,0820,THEFT,$500 AND UNDER,STREET,false,false,2113,,,,06,1177698,1883120,,41.834606158,-87.623474761
,G682433,11/13/2001 12:05:00 AM,001XX S KOSTNER AV,1811,NARCOTICS,POSS: CANNABIS 30GMS OR LESS,STREET,true,false,1113,,,,18,1147050,1898688,,41.87796669,-87.73553361
,G683028,11/13/2001 11:30:00 AM,007XX S CALIFORNIA AV,2024,NARCOTICS,POSS: HEROIN(WHITE),SIDEWALK,true,false,1135,,,,18,1157851,1896897,,41.872838722,-87.695923594
,G683072,11/13/2001 12:03:00 PM,048XX W LAKE ST,2024,NARCOTICS,POSS: HEROIN(WHITE),CTA PLATFORM,true,false,1532,,,,18,1144284,1901869,,41.886748154,-87.745609821
,G683042,11/13/2001 11:55:00 AM,045XX W VAN BUREN ST,2027,NARCOTICS,POSS: CRACK,STREET,true,false,1131,,,,18,1146347,1897601,,41.87499724,-87.738142561
,G683081,11/13/2001 12:13:56 PM,042XX W AUGUSTA BV,2026,NARCOTICS,POSS: PCP,STREET,true,false,1111,,,,18,1147834,1906287,,41.898804166,-87.732459543
,G683571,11/13/2001 03:40:00 PM,104XX S OGLESBY AV,1811,NARCOTICS,POSS: CANNABIS 30GMS OR LESS,PARK PROPERTY,true,false,0434,,,,18,1193902,1836482,,41.706245328,-87.565546694
,G683592,11/13/2001 04:05:30 PM,025XX W VAN BUREN ST,2027,NARCOTICS,POSS: CRACK,STREET,true,false,1125,,,,18,1159628,1898123,,41.876166586,-87.689365619
,G684011,11/13/2001 06:45:00 PM,034XX W FLOURNOY ST,2027,NARCOTICS,POSS: CRACK,SIDEWALK,true,false,1133,,,,18,1153244,1896851,,41.872805127,-87.712839339
,G684068,11/13/2001 07:40:00 PM,010XX S SPRINGFIELD AV,2027,NARCOTICS,POSS: CRACK,SIDEWALK,true,false,1133,,,,18,1150583,1895155,,41.868203479,-87.722653471
,G695983,11/13/2001 12:00:00 AM,029XX N RACINE AV,1120,DECEPTIVE PRACTICE,FORGERY,RESIDENCE,false,false,1932,,,,10,1167746,1919573,,41.93485574,-87.658940037
,G684105,11/13/2001 06:55:00 PM,039XX W GLADYS AV,2027,NARCOTICS,POSS: CRACK,SIDEWALK,true,false,1132,,,,18,1150289,1898107,,41.876309838,-87.723655837
,G684114,11/13/2001 06:56:07 PM,047XX W ERIE ST,2024,NARCOTICS,POSS: HEROIN(WHITE),STREET,true,false,1111,,,,18,1144274,1903841,,41.89215974,-87.745596943
,G685116,11/13/2001 01:00:00 PM,047XX S UNION AV,0820,THEFT,$500 AND UNDER,"SCHOOL, PUBLIC, BUILDING",false,false,0935,,,,06,1172475,1873203,,41.807509816,-87.642931616
,G684131,11/13/2001 07:45:00 PM,014XX N WASHTENAW AV,2027,NARCOTICS,POSS: CRACK,SIDEWALK,true,false,1423,,,,18,1158104,1909769,,41.90815549,-87.69464294
,G684174,11/13/2001 08:15:00 PM,028XX N CLYBOURN AV,1811,NARCOTICS,POSS: CANNABIS 30GMS OR LESS,STREET,true,false,1913,,,,18,1162190,1918866,,41.933033804,-87.679378229
,G684358,11/13/2001 09:30:00 PM,001XX W 109 PL,1811,NARCOTICS,POSS: CANNABIS 30GMS OR LESS,STREET,true,false,0513,,,,18,1177164,1832379,,41.695379285,-87.626963075
,G684401,11/13/2001 10:11:26 PM,038XX W THOMAS ST,1811,NARCOTICS,POSS: CANNABIS 30GMS OR LESS,SIDEWALK,true,false,1112,,,,18,1150830,1907027,,41.900776692,-87.721435904
,G696037,11/13/2001 05:30:00 AM,084XX S PAXTON AV,0610,BURGLARY,FORCIBLE ENTRY,RESIDENCE-GARAGE,false,false,0412,,,,05,1192353,1849361,,41.741624315,-87.570801193
,G684421,11/13/2001 10:23:48 PM,070XX N CLARK ST,1506,PROSTITUTION,SOLICIT ON PUBLIC WAY,STREET,true,false,2424,,,,16,1163407,1946572,,42.009034628,-87.674122419
,G684525,11/13/2001 11:55:49 PM,025XX W WALTON ST,2024,NARCOTICS,POSS: HEROIN(WHITE),STREET,true,false,1312,,,,18,1159148,1906272,,41.898538041,-87.690904016
,G684075,11/13/2001 06:30:00 PM,036XX W GRENSHAW ST,0610,BURGLARY,FORCIBLE ENTRY,APARTMENT,false,false,1133,,,,05,1152213,1894835,,41.867293388,-87.716677813
,G684501,11/13/2001 11:20:00 PM,003XX S MAPLEWOOD AV,0430,BATTERY,AGGRAVATED: OTHER DANG WEAPON,CHA HALLWAY/STAIRWELL/ELEVATOR,false,true,1125,,,,04B,1159473,1898313,,41.876691154,-87.689929497
,G684547,11/13/2001 11:45:00 PM,011XX N KEYSTONE AV,0460,BATTERY,SIMPLE,APARTMENT,true,true,1111,,,,08B,1149144,1907065,,41.9009138,-87.727627758
,G696474,11/13/2001 09:00:00 PM,063XX N WINTHROP AV,1152,DECEPTIVE PRACTICE,ILLEGAL USE CASH CARD,"SCHOOL, PRIVATE, BUILDING",false,false,2433,,,,11,1167742,1942366,,41.997400592,-87.658294788
,G682931,11/13/2001 10:30:00 AM,047XX S UNION AV,0560,ASSAULT,SIMPLE,"SCHOOL, PUBLIC, BUILDING",true,false,0935,,,,08A,1172475,1873203,,41.807509816,-87.642931616
,G689462,11/13/2001 04:55:00 PM,019XX N SAYRE AV,2820,OTHER OFFENSE,TELEPHONE THREAT,STREET,false,false,2513,,,,26,1129247,1911888,,41.914510997,-87.800602179
,G696277,11/13/2001 12:00:00 PM,047XX S LAFLIN ST,1320,CRIMINAL DAMAGE,TO VEHICLE,STREET,false,false,0931,,,,14,1167096,1873227,,41.807692554,-87.662659561
,G698092,11/13/2001 06:00:00 PM,040XX S INDIANA AV,1310,CRIMINAL DAMAGE,TO PROPERTY,RESIDENCE,false,false,0214,,,,14,1178314,1877996,,41.820531508,-87.621370324
,G683296,11/13/2001 12:30:00 PM,032XX W DIVISION ST,0430,BATTERY,AGGRAVATED: OTHER DANG WEAPON,APARTMENT,false,false,1121,,,,04B,1154738,1907763,,41.902718957,-87.707061752
,G683581,11/13/2001 04:00:00 PM,048XX W DIVISION ST,0312,ROBBERY,ARMED:KNIFE/CUTTING INSTRUMENT,STREET,false,false,1531,,,,03,1143967,1907510,,41.902233657,-87.746632289
,G683756,11/13/2001 04:00:00 PM,041XX W MADISON ST,0430,BATTERY,AGGRAVATED: OTHER DANG WEAPON,SIDEWALK,false,false,1115,,,,04B,1148827,1899731,,41.880794651,-87.728981867
,G682983,11/13/2001 11:38:36 AM,040XX S INDIANA AV,1811,NARCOTICS,POSS: CANNABIS 30GMS OR LESS,STREET,true,false,0214,,,,18,1178308,1878191,,41.82106674,-87.621386407
,G683985,11/13/2001 06:45:00 PM,044XX S FEDERAL ST,1822,NARCOTICS,MANU/DEL:CANNABIS OVER 10 GMS,CHA PARKING LOT/GROUNDS,true,false,0221,,,,18,1176474,1875517,,41.813770553,-87.628194868
,G685225,11/13/2001 10:40:00 PM,003XX W OAK ST,0560,ASSAULT,SIMPLE,CHA HALLWAY/STAIRWELL/ELEVATOR,false,true,1823,,,,08A,1173422,1907052,,41.900373132,-87.638453627
,G682806,11/13/2001 12:30:00 PM,016XX W DEVON AV,1506,PROSTITUTION,SOLICIT ON PUBLIC WAY,STREET,true,false,2432,,,,16,1163993,1942613,,41.998158637,-87.672078862
,G682704,11/13/2001 08:40:00 AM,023XX S STATE ST,2092,NARCOTICS,SOLICIT NARCOTICS ON PUBLICWAY,CHA PARKING LOT/GROUNDS,true,false,2113,,,,26,1176649,1888559,,41.849554907,-87.627159699
,G682529,11/13/2001 02:30:00 AM,037XX W CHICAGO AV,2027,NARCOTICS,POSS: CRACK,SIDEWALK,true,false,1112,,,,18,1151259,1905040,,41.895315759,-87.719912332
,G683007,11/13/2001 11:58:11 AM,118XX S UNION AV,1811,NARCOTICS,POSS: CANNABIS 30GMS OR LESS,STREET,true,false,0524,,,,18,1173731,1826600,,41.679597375,-87.639702754
,G683067,11/13/2001 12:22:39 PM,055XX N KEDZIE AV,2111,NARCOTICS,SALE/DEL HYPODERMIC NEEDLE,"SCHOOL, PUBLIC, BUILDING",true,false,1712,,,,26,1154090,1936413,,41.981349602,-87.7086751
,G683131,11/13/2001 11:30:00 AM,001XX W 113 ST,2024,NARCOTICS,POSS: HEROIN(WHITE),STREET,true,false,0522,,,,18,1177318,1830063,,41.689020374,-87.626468818
,G683406,11/13/2001 02:53:18 PM,062XX S ST LAWRENCE AV,1811,NARCOTICS,POSS: CANNABIS 30GMS OR LESS,OTHER,true,false,0313,,,,18,1181276,1863442,,41.780526227,-87.610953153
,G684311,11/13/2001 09:36:34 PM,044XX S STATE ST,2024,NARCOTICS,POSS: HEROIN(WHITE),STREET,true,false,0221,,,,18,1176968,1875824,,41.814601851,-87.626373588
,G684475,11/13/2001 10:56:36 PM,048XX N WINTHROP AV,2017,NARCOTICS,MANU/DELIVER:CRACK,SIDEWALK,true,false,2033,,,,18,1167952,1932558,,41.970482651,-87.657806845
,G683671,11/13/2001 04:37:42 PM,008XX N KEDZIE AV,1330,CRIMINAL TRESPASS,TO LAND,GROCERY FOOD STORE,true,false,1121,,,,26,1154853,1905175,,41.895614942,-87.706708768
,G685102,11/13/2001 02:15:00 PM,002XX N PINE AV,0560,ASSAULT,SIMPLE,"SCHOOL, PUBLIC, BUILDING",false,false,1523,,,,08A,1139494,1901274,,41.885204076,-87.763214719
,G686058,11/13/2001 06:00:00 PM,002XX E 43 ST,0460,BATTERY,SIMPLE,OTHER,false,false,0214,,,,08B,1178485,1876595,,41.816683158,-87.620785642
,G683175,11/13/2001 12:45:00 PM,017XX N LINDER AV,5000,OTHER OFFENSE,OTHER CRIME AGAINST PERSON,RESIDENCE,true,false,2532,,,,26,1139499,1911145,,41.9122912,-87.762955366
,G684161,11/13/2001 07:59:03 PM,006XX E 37 ST,0530,ASSAULT,AGGRAVATED: OTHER DANG WEAPON,CHA APARTMENT,false,false,0212,,,,04A,1181460,1880455,,41.827207071,-87.609753496
,G685560,11/13/2001 06:30:00 PM,006XX E 71 ST,031A,ROBBERY,ARMED: HANDGUN,STREET,false,false,0322,,,,03,1181479,1858115,,41.765903734,-87.610373099
,G684428,11/13/2001 07:00:00 AM,068XX S MICHIGAN AV,0610,BURGLARY,FORCIBLE ENTRY,APARTMENT,false,false,0322,,,,05,1178302,1859697,,41.770317598,-87.621969842
,G684300,11/13/2001 09:00:00 PM,035XX S STATE ST,2024,NARCOTICS,POSS: HEROIN(WHITE),CHA HALLWAY/STAIRWELL/ELEVATOR,true,false,0211,,,,18,1176821,1881338,,41.82973605,-87.626746464
,G683204,11/13/2001 01:00:00 PM,039XX W 79 ST,1330,CRIMINAL TRESPASS,TO LAND,"SCHOOL, PUBLIC, BUILDING",true,false,0834,,,,26,1151305,1851847,,41.749346019,-87.721135404
,G684110,11/13/2001 06:42:00 PM,044XX W FULLERTON AV,2210,LIQUOR LAW VIOLATION,SELL/GIVE/DEL LIQUOR TO MINOR,GROCERY FOOD STORE,true,false,2524,,,,22,1146590,1915632,,41.924471615,-87.736790015
,G682539,11/13/2001 02:39:00 AM,040XX W WILCOX ST,2027,NARCOTICS,POSS: CRACK,STREET,true,false,1115,,,,18,1149324,1898986,,41.878740669,-87.727176228
,G900175,11/13/2001 10:15:00 AM,022XX S STATE ST,1350,CRIMINAL TRESPASS,TO STATE SUP LAND,CHA HALLWAY/STAIRWELL/ELEVATOR,true,false,2111,,,,26,1176632,1889223,,41.851377353,-87.627202052
,G684111,11/13/2001 05:49:00 PM,043XX N MILWAUKEE AV,2210,LIQUOR LAW VIOLATION,SELL/GIVE/DEL LIQUOR TO MINOR,GROCERY FOOD STORE,true,false,1624,,,,22,1142023,1928337,,41.959421304,-87.753255403
,G684116,11/13/2001 04:50:00 PM,040XX N MILWAUKEE AV,2210,LIQUOR LAW VIOLATION,SELL/GIVE/DEL LIQUOR TO MINOR,RESTAURANT,true,false,1624,,,,22,1143392,1926418,,41.954129863,-87.748270472
,G682504,11/13/2001 01:55:00 AM,047XX W CONGRESS PW,2024,NARCOTICS,POSS: HEROIN(WHITE),SIDEWALK,true,false,1131,,,,18,1144503,1897305,,41.874219869,-87.744920498
,G683992,11/13/2001 06:15:00 PM,014XX N ASHLAND AV,1811,NARCOTICS,POSS: CANNABIS 30GMS OR LESS,SIDEWALK,true,false,1433,,,,18,1165503,1909677,,41.90774864,-87.667465468
,G685066,11/13/2001 03:00:00 PM,112XX S WALLACE ST,0460,BATTERY,SIMPLE,STREET,true,false,2233,,,,08B,1174272,1830372,,41.689936366,-87.637610961
,G696304,11/13/2001 05:30:00 PM,014XX N MAPLEWOOD AV,0460,BATTERY,SIMPLE,APARTMENT,false,true,1423,,,,08B,1159179,1909626,,41.907741054,-87.690697869
,G682972,11/13/2001 09:58:00 AM,006XX N MONTICELLO AV,1811,NARCOTICS,POSS: CANNABIS 30GMS OR LESS,SIDEWALK,true,false,1122,,,,18,1151893,1904174,,41.892926906,-87.717606616
,G684604,11/13/2001 11:10:00 PM,054XX S WABASH AV,1811,NARCOTICS,POSS: CANNABIS 30GMS OR LESS,SIDEWALK,true,false,0232,,,,18,1177686,1868744,,41.795157447,-87.623954242
,G684113,11/13/2001 05:25:00 PM,041XX N MILWAUKEE AV,2210,LIQUOR LAW VIOLATION,SELL/GIVE/DEL LIQUOR TO MINOR,OTHER,true,false,1624,,,,22,1142702,1927155,,41.956165154,-87.750788615
,G684229,11/13/2001 08:30:00 PM,048XX S PRAIRIE AV,1506,PROSTITUTION,SOLICIT ON PUBLIC WAY,STREET,true,false,0224,,,,16,1178892,1873225,,41.807426321,-87.619395381
,G683524,11/13/2001 02:42:54 PM,043XX S ST LAWRENCE AV,0810,THEFT,OVER $500,RESIDENCE,false,false,0222,,,,06,1180949,1876249,,41.815677283,-87.611757846
,G682506,11/13/2001 01:50:05 AM,004XX E PERSHING RD,0460,BATTERY,SIMPLE,PARKING LOT/GARAGE(NON.RESID.),true,false,0212,,,,08B,1179966,1879261,,41.823965043,-87.615271302
,G682548,11/13/2001 03:14:10 AM,055XX S INDIANA AV,0820,THEFT,$500 AND UNDER,STREET,true,false,0233,,,,06,1178507,1868126,,41.793442966,-87.620962429
,G682576,11/13/2001 04:50:55 AM,004XX E OAKWOOD BV,1310,CRIMINAL DAMAGE,TO PROPERTY,HOTEL/MOTEL,false,false,0213,,,,14,1179692,1878741,,41.822544402,-87.616292425
,G685156,11/13/2001 02:30:00 PM,006XX S DESPLAINES ST,0820,THEFT,$500 AND UNDER,OTHER,true,false,0131,,,,06,1172059,1897544,,41.874312765,-87.643740591
,G701884,11/13/2001 12:00:00 AM,043XX S GREENWOOD AV,1150,DECEPTIVE PRACTICE,CREDIT CARD FRAUD,RESIDENCE,false,false,2123,,,,11,1184365,1876057,,41.815071024,-87.599233507
,G684332,11/13/2001 09:20:00 PM,040XX S ARCHER AV,0530,ASSAULT,AGGRAVATED: OTHER DANG WEAPON,BAR OR TAVERN,true,false,0912,,,,04A,1158372,1877713,,41.820185066,-87.694534663
,G699894,11/13/2001 10:00:00 AM,002XX W WACKER DR,0810,THEFT,OVER $500,OTHER,false,false,0113,,,,06,1174634,1902081,,41.886705411,-87.634150732
,G700199,11/13/2001 02:00:00 AM,014XX W 110 PL,0810,THEFT,OVER $500,RESIDENCE,false,true,2234,,,,06,1168345,1831420,,41.692941564,-87.659279832
,G700022,11/13/2001 08:00:00 PM,037XX S ROCKWELL ST,0610,BURGLARY,FORCIBLE ENTRY,RESIDENCE-GARAGE,false,false,0913,,,,05,1159615,1879479,,41.825005733,-87.689926251
,G683888,11/13/2001 05:40:00 PM,065XX S LAFLIN ST,0460,BATTERY,SIMPLE,RESIDENCE,true,true,0725,,,,08B,1167508,1861084,,41.77436188,-87.661496498
,G682812,11/13/2001 09:28:00 AM,026XX W 56 ST,1811,NARCOTICS,POSS: CANNABIS 30GMS OR LESS,STREET,true,false,0824,,,,18,1159435,1867461,,41.792030509,-87.690916199
,G682934,11/13/2001 10:50:00 AM,041XX S CALIFORNIA AV,2022,NARCOTICS,POSS: COCAINE,"SCHOOL, PUBLIC, BUILDING",true,false,0912,,,,18,1158337,1877175,,41.818709441,-87.694677729
,G684472,11/13/2001 10:40:00 PM,062XX N WINTHROP AV,1506,PROSTITUTION,SOLICIT ON PUBLIC WAY,SIDEWALK,true,false,2433,,,,16,1167686,1941574,,41.99522854,-87.658523749
,G689586,11/13/2001 02:40:00 PM,017XX W PRYOR AV,0560,ASSAULT,SIMPLE,"SCHOOL, PUBLIC, BUILDING",false,false,2212,,,,08A,1166552,1831113,,41.69213742,-87.66585308
,G683047,11/13/2001 12:09:07 PM,002XX W DIVISION ST,1506,PROSTITUTION,SOLICIT ON PUBLIC WAY,STREET,true,false,1823,,,,16,1174316,1908284,,41.903733885,-87.63513313
,G684411,11/13/2001 09:00:00 PM,063XX S HONORE ST,0430,BATTERY,AGGRAVATED: OTHER DANG WEAPON,STREET,false,false,0726,,,,04B,1165054,1862859,,41.779284968,-87.670442294
,G683990,11/13/2001 06:58:37 PM,038XX S KING DR,0460,BATTERY,SIMPLE,CHA APARTMENT,false,false,0211,,,,08B,1179523,1879756,,41.82533351,-87.616881358
,G682981,11/13/2001 11:10:00 AM,057XX S MAY ST,2017,NARCOTICS,MANU/DELIVER:CRACK,STREET,true,false,0712,,,,18,1169681,1866368,,41.788814948,-87.653377492
,G682456,11/13/2001 12:28:41 AM,042XX S MICHIGAN AV,051A,ASSAULT,AGGRAVATED: HANDGUN,APARTMENT,false,false,0214,,,,04A,1177829,1876691,,41.816961492,-87.623189078
,G682790,11/13/2001 07:00:00 AM,050XX S CHAMPLAIN AV,0910,MOTOR VEHICLE THEFT,AUTOMOBILE,STREET,true,false,0223,,,,07,1181492,1871588,,41.802874594,-87.609909964
,G683401,11/13/2001 02:28:00 PM,037XX W OHIO ST,2017,NARCOTICS,MANU/DELIVER:CRACK,STREET,true,false,1122,,,,18,1151395,1903782,,41.89186101,-87.719445891
,G688774,11/13/2001 10:30:00 PM,069XX N GLENWOOD AV,2017,NARCOTICS,MANU/DELIVER:CRACK,STREET,true,false,2431,,,,18,1165532,1946087,,42.007658612,-87.666317861
,G683294,11/13/2001 01:13:00 PM,051XX S LOWE AV,143A,WEAPONS VIOLATION,UNLAWFUL POSS OF HANDGUN,STREET,true,false,0934,,,,15,1172803,1870644,,41.800480423,-87.641804124
,G684354,11/13/2001 09:43:09 PM,014XX W HURON ST,1811,NARCOTICS,POSS: CANNABIS 30GMS OR LESS,SIDEWALK,true,false,1324,,,,18,1166820,1904834,,41.894430966,-87.662766594
,G703520,11/13/2001 12:01:00 AM,039XX N BROADWAY,1152,DECEPTIVE PRACTICE,ILLEGAL USE CASH CARD,OTHER,false,true,2323,,,,11,1170260,1926122,,41.952771817,-87.64950909
,G707184,11/13/2001 05:00:00 PM,036XX W 56 ST,0610,BURGLARY,FORCIBLE ENTRY,RESIDENCE,false,false,0822,,,,05,1152690,1867261,,41.791617327,-87.715654498
,G684202,11/13/2001 08:10:00 PM,064XX S BELL AV,0930,MOTOR VEHICLE THEFT,THEFT/RECOVERY: AUTOMOBILE,VEHICLE NON-COMMERCIAL,true,false,0825,,,,07,1162465,1862135,,41.777352589,-87.679954047
,G709394,11/13/2001 11:00:00 AM,031XX S KEDZIE AV,0810,THEFT,OVER $500,OTHER,false,false,1033,,,,06,1155566,1883728,,41.836747763,-87.704666917
,G709426,11/13/2001 10:30:00 PM,043XX W 17 ST,2825,OTHER OFFENSE,HARASSMENT BY TELEPHONE,RESIDENCE,false,true,1012,,,,26,1147567,1891311,,41.857713411,-87.733824458
,G683252,11/13/2001 01:35:00 PM,017XX W LAWRENCE AV,1330,CRIMINAL TRESPASS,TO LAND,BARBERSHOP,true,false,2032,,,,26,1164023,1931971,,41.968956001,-87.672270653
,G683053,11/13/2001 11:55:00 AM,061XX S CARPENTER ST,2017,NARCOTICS,MANU/DELIVER:CRACK,VEHICLE NON-COMMERCIAL,true,false,0712,,,,18,1170403,1864164,,41.782751217,-87.650794326
,G900148,11/13/2001 10:15:00 AM,045XX S FEDERAL ST,2027,NARCOTICS,POSS: CRACK,CHA PARKING LOT/GROUNDS,true,false,0221,,,,18,1176499,1874647,,41.811382632,-87.628129354
,G683107,11/13/2001 01:00:00 PM,081XX S DOBSON AV,1812,NARCOTICS,POSS: CANNABIS MORE THAN 30GMS,OTHER,true,false,0631,,,,18,1184673,1851473,,41.747603164,-87.598873972
,G900182,11/13/2001 09:35:00 AM,039XX W GLADYS AV,2024,NARCOTICS,POSS: HEROIN(WHITE),SIDEWALK,true,false,1132,,,,18,1150414,1898030,,41.876096104,-87.723198885
,G711568,11/13/2001 06:00:00 PM,011XX W VAN BUREN ST,1150,DECEPTIVE PRACTICE,CREDIT CARD FRAUD,GAS STATION,false,false,1213,,,,11,1168448,1898359,,41.876628032,-87.656974897
,G652932,11/13/2001 10:20:00 PM,029XX W FLOURNOY ST,2027,NARCOTICS,POSS: CRACK,SIDEWALK,true,false,1135,,,,18,1156797,1896849,,41.872728418,-87.699794631
,G652931,11/13/2001 09:30:00 PM,047XX W FULTON ST,2095,NARCOTICS,ATTEMPT POSSESSION NARCOTICS,STREET,true,false,1113,,,,18,1144654,1901329,,41.885259368,-87.744264681
,G652930,11/13/2001 07:00:00 PM,031XX W FILLMORE ST,2024,NARCOTICS,POSS: HEROIN(WHITE),STREET,true,false,1134,,,,18,1155385,1895160,,41.868122106,-87.705024142
,G652935,11/13/2001 09:15:00 PM,042XX W WASHINGTON BL,2027,NARCOTICS,POSS: CRACK,STREET,true,false,1114,,,,18,1147744,1900187,,41.882066825,-87.732946881
,G699880,11/13/2001 08:00:00 AM,059XX N GLENWOOD AV,0810,THEFT,OVER $500,"SCHOOL, PUBLIC, BUILDING",false,false,2013,,,,06,1165871,1939308,,41.989049632,-87.66526521
,G682543,11/13/2001 03:30:00 AM,037XX W 31 ST,0312,ROBBERY,ARMED:KNIFE/CUTTING INSTRUMENT,STREET,true,false,1031,,,,03,1151846,1883829,,41.837098821,-87.718314522
,G683030,11/13/2001 12:05:00 PM,049XX N WINTHROP AV,2022,NARCOTICS,POSS: COCAINE,ALLEY,true,false,2033,,,,18,1167930,1933310,,41.972546638,-87.657865939
,G683988,11/13/2001 06:50:00 PM,012XX N SPAULDING AV,1811,NARCOTICS,POSS: CANNABIS 30GMS OR LESS,STREET,true,false,1422,,,,18,1154088,1908390,,41.904452499,-87.709432578
,G684314,11/13/2001 10:15:00 PM,030XX N FRANCISCO AV,1811,NARCOTICS,POSS: CANNABIS 30GMS OR LESS,STREET,true,false,1411,,,,18,1156549,1920336,,41.937183788,-87.700068569
,G684109,11/13/2001 07:30:00 PM,020XX N ST LOUIS AV,1811,NARCOTICS,POSS: CANNABIS 30GMS OR LESS,STREET,true,false,1413,,,,18,1152979,1913282,,41.917898648,-87.713376379
,G712157,11/13/2001 02:00:00 PM,050XX W WINDSOR AV,2820,OTHER OFFENSE,TELEPHONE THREAT,RESIDENCE,false,false,1623,,,,26,1141665,1929734,,41.963261435,-87.75453689
,G684279,11/13/2001 08:20:00 PM,040XX W 47 ST,1506,PROSTITUTION,SOLICIT ON PUBLIC WAY,STREET,true,false,0815,,,,16,1150168,1873200,,41.807964181,-87.724748121
,G684103,11/13/2001 07:35:00 PM,024XX N BERNARD ST,1811,NARCOTICS,POSS: CANNABIS 30GMS OR LESS,STREET,true,false,1413,,,,18,1152933,1915773,,41.924735077,-87.713479233
,G682957,11/13/2001 11:00:00 AM,048XX N FRANCISCO AV,1811,NARCOTICS,POSS: CANNABIS 30GMS OR LESS,"SCHOOL, PUBLIC, BUILDING",true,false,2031,,,,18,1156368,1932113,,41.969504285,-87.700414126
,G683526,11/13/2001 03:15:00 PM,011XX W 119 ST,2024,NARCOTICS,POSS: HEROIN(WHITE),STREET,true,false,0524,,,,18,1171090,1825931,,41.677819466,-87.649389398
,G712560,11/13/2001 05:00:00 PM,077XX S SOUTH SHORE DR,0810,THEFT,OVER $500,STREET,false,false,0421,,,,06,1197014,1854975,,41.756914942,-87.55353742
,G683066,11/13/2001 10:06:00 AM,006XX N MONTICELLO AV,2093,NARCOTICS,FOUND SUSPECT NARCOTICS,SIDEWALK,true,false,1122,,,,26,1151887,1904368,,41.893459379,-87.717623539
,G712603,11/13/2001 12:01:00 AM,033XX N OVERHILL AV,0820,THEFT,$500 AND UNDER,RESIDENCE,false,false,1631,,,,06,1124204,1921373,,41.940623554,-87.818920791
,G689359,11/13/2001 08:00:00 AM,057XX N SHERIDAN RD,0460,BATTERY,SIMPLE,RESIDENCE,false,false,2022,,,,08B,1168645,1938086,,41.985636605,-87.655097709
,G684360,11/13/2001 09:35:00 PM,035XX W CORTLAND ST,1811,NARCOTICS,POSS: CANNABIS 30GMS OR LESS,STREET,true,false,1422,,,,18,1152583,1912360,,41.915376445,-87.714855739
,G708103,11/13/2001 10:45:00 AM,004XX E 75 ST,1130,DECEPTIVE PRACTICE,FRAUD OR CONFIDENCE GAME,SIDEWALK,false,false,0323,,,,11,1180222,1855413,,41.758518059,-87.615063089
,G714343,11/13/2001 04:00:00 PM,119XX S PARNELL AV,0820,THEFT,$500 AND UNDER,"SCHOOL, PUBLIC, BUILDING",false,false,0524,,,,06,1174831,1825538,,41.676658707,-87.63570776
,G900190,11/13/2001 10:40:00 AM,002XX E 48 ST,1506,PROSTITUTION,SOLICIT ON PUBLIC WAY,STREET,true,false,0224,,,,16,1178430,1873285,,41.807601485,-87.621088026
,G684212,11/13/2001 09:25:00 PM,003XX W PERSHING RD,1506,PROSTITUTION,SOLICIT ON PUBLIC WAY,STREET,true,false,0925,,,,16,1175062,1879135,,41.823730348,-87.633266032
,G684253,11/13/2001 08:55:00 PM,044XX S PRAIRIE AV,1506,PROSTITUTION,SOLICIT ON PUBLIC WAY,STREET,true,false,0221,,,,16,1178735,1875868,,41.814682517,-87.619890731
,G684272,11/13/2001 08:50:00 PM,025XX W 47 ST,1506,PROSTITUTION,SOLICIT ON PUBLIC WAY,STREET,true,false,0911,,,,16,1160474,1873393,,41.808287315,-87.686942766
,G684282,11/13/2001 08:10:00 PM,041XX W 47 ST,1506,PROSTITUTION,SOLICIT ON PUBLIC WAY,STREET,true,false,0815,,,,16,1149800,1873192,,41.807949371,-87.726098075
,G683060,11/13/2001 12:00:00 PM,008XX N DRAKE AV,2024,NARCOTICS,POSS: HEROIN(WHITE),STREET,true,false,1121,,,,18,1152590,1905738,,41.897204922,-87.715005391
,G682454,11/13/2001 12:51:05 AM,045XX S FEDERAL ST,143A,WEAPONS VIOLATION,UNLAWFUL POSS OF HANDGUN,CHA PARKING LOT/GROUNDS,true,false,0221,,,,15,1176490,1874939,,41.812184109,-87.628153577
,G711922,11/13/2001 12:00:00 PM,091XX S BURNSIDE AV,0820,THEFT,$500 AND UNDER,STREET,false,false,0633,,,,06,1180141,1844088,,41.727442803,-87.615706072
,G720622,11/13/2001 10:00:00 PM,015XX W CULLERTON ST,1320,CRIMINAL DAMAGE,TO VEHICLE,STREET,false,false,1222,,,,14,1166263,1890534,,41.855202531,-87.665221091
,G682451,11/13/2001 12:31:42 AM,085XX S ASHLAND AV,143A,WEAPONS VIOLATION,UNLAWFUL POSS OF HANDGUN,STREET,true,false,0614,,,,15,1167120,1848112,,41.738773245,-87.663289207
,G722547,11/13/2001 12:00:00 PM,018XX W NEWPORT AV,0840,THEFT,FINANCIAL ID THEFT: OVER $300,RESIDENCE,false,false,1924,,,,06,1163311,1922891,,41.944055093,-87.675145087
,G683700,11/13/2001 04:05:00 PM,006XX W 71 ST,1320,CRIMINAL DAMAGE,TO VEHICLE,"SCHOOL, PUBLIC, GROUNDS",false,false,0732,,,,14,1173035,1857848,,41.765361644,-87.641330972
,G721539,11/13/2001 04:00:00 AM,067XX W NORTH AV,0820,THEFT,$500 AND UNDER,BANK,false,false,2513,,,,06,1131502,1909955,,41.909167862,-87.792362265
,G683844,11/13/2001 03:07:00 PM,044XX W MADISON ST,2017,NARCOTICS,MANU/DELIVER:CRACK,STREET,true,false,1113,,,,18,1146467,1899598,,41.88047496,-87.737651076
,G724557,11/13/2001 06:00:00 AM,020XX W MONTROSE AV,0820,THEFT,$500 AND UNDER,GROCERY FOOD STORE,false,false,1911,,,,06,1161867,1929255,,41.961548546,-87.680274331
,G684347,11/13/2001 09:57:05 PM,034XX W MADISON ST,2024,NARCOTICS,POSS: HEROIN(WHITE),OTHER,true,false,1123,,,,18,1153180,1899757,,41.880780769,-87.7129972
,G684374,11/13/2001 10:09:55 PM,042XX W FIFTH AV,2027,NARCOTICS,POSS: CRACK,STREET,true,false,1132,,,,18,1148097,1896283,,41.871347013,-87.731751134
,G724752,11/13/2001 03:00:00 PM,092XX S WENTWORTH AV,1150,DECEPTIVE PRACTICE,CREDIT CARD FRAUD,RESIDENCE,false,false,0634,,,,11,1176532,1843683,,41.726413234,-87.628938455
,G724986,11/13/2001 05:00:00 PM,059XX W NORTH AV,0910,MOTOR VEHICLE THEFT,AUTOMOBILE,STREET,false,false,2531,,,,07,1136377,1909982,,41.909156187,-87.774452763
,G682547,11/13/2001 03:28:58 AM,047XX S MICHIGAN AV,051A,ASSAULT,AGGRAVATED: HANDGUN,SIDEWALK,false,false,0231,,,,04A,1177912,1873758,,41.808911203,-87.622973551
,G725584,11/13/2001 12:00:00 PM,038XX S EMERALD AV,1150,DECEPTIVE PRACTICE,CREDIT CARD FRAUD,APARTMENT,false,false,0925,,,,11,1171971,1879400,,41.824526086,-87.644597966
,G684438,11/13/2001 10:30:00 PM,007XX S KENNETH AV,2027,NARCOTICS,POSS: CRACK,STREET,true,false,1131,,,,18,1146763,1896288,,41.871386284,-87.736648676
,G900130,11/13/2001 08:00:00 AM,063XX S DAMEN AV,1320,CRIMINAL DAMAGE,TO VEHICLE,STREET,true,false,0726,,,,14,1164151,1862750,,41.779004912,-87.673755863
,G900176,11/13/2001 10:45:00 AM,005XX E BROWNING AV,2024,NARCOTICS,POSS: HEROIN(WHITE),CHA PARKING LOT/GROUNDS,true,false,0212,,,,18,1180789,1881383,,41.829769053,-87.612186683
,G683570,11/13/2001 03:45:00 PM,049XX S STATE ST,2027,NARCOTICS,POSS: CRACK,CHA PARKING LOT/GROUNDS,true,false,0231,,,,18,1177075,1872016,,41.804149939,-87.62609605
,G684154,11/13/2001 08:00:00 PM,025XX E 79 ST,0320,ROBBERY,STRONGARM - NO WEAPON,STREET,true,false,0421,,,,03,1194314,1853034,,41.75165542,-87.563495906
,G728856,11/13/2001 04:30:00 PM,016XX S TRUMBULL AV,0820,THEFT,$500 AND UNDER,STREET,false,false,1021,,,,06,1153599,1891524,,41.858180198,-87.711677588
,G718397,11/13/2001 12:00:00 PM,038XX W 111 ST,0820,THEFT,$500 AND UNDER,"SCHOOL, PUBLIC, BUILDING",false,false,2211,,,,06,1152383,1830663,,41.691192118,-87.717740203
,G683468,11/13/2001 03:19:25 PM,003XX S CALIFORNIA AV,2027,NARCOTICS,POSS: CRACK,STREET,true,false,1124,,,,18,1157725,1898556,,41.877393748,-87.696340996
,G683457,11/13/2001 03:18:04 PM,007XX N ST LOUIS AV,2024,NARCOTICS,POSS: HEROIN(WHITE),STREET,true,false,1121,,,,18,1152945,1905018,,41.895222144,-87.713720616
,G734031,11/13/2001 07:00:00 PM,083XX S KOLMAR AV,0841,THEFT,FINANCIAL ID THEFT:$300 &UNDER,RESIDENCE,false,false,0834,,,,06,1147303,1848820,,41.741116586,-87.735877567
,G735063,11/13/2001 11:00:00 AM,037XX W LELAND AV,2825,OTHER OFFENSE,HARASSMENT BY TELEPHONE,RESIDENCE,false,false,1723,,,,26,1150615,1930932,,41.966378216,-87.721599109
,G735353,11/13/2001 03:00:00 PM,015XX N LEAVITT ST,0610,BURGLARY,FORCIBLE ENTRY,RESIDENCE,false,false,1424,,,,05,1161420,1910005,,41.908734692,-87.682455068
,G732962,11/13/2001 05:00:00 PM,029XX W HARRISON ST,0910,MOTOR VEHICLE THEFT,AUTOMOBILE,STREET,false,false,1135,,,,07,1156495,1897258,,41.873856867,-87.700892351
,G683987,11/13/2001 07:07:58 PM,078XX S MARSHFIELD AV,2027,NARCOTICS,POSS: CRACK,STREET,true,false,0611,,,,18,1166659,1852932,,41.752009853,-87.664841029
,G684153,11/13/2001 07:43:02 PM,014XX W 79 ST,1811,NARCOTICS,POSS: CANNABIS 30GMS OR LESS,STREET,true,false,0612,,,,18,1167893,1852315,,41.75029032,-87.660336652
,G684340,11/13/2001 09:04:30 PM,079XX S MARYLAND AV,2014,NARCOTICS,MANU/DELIVER: HEROIN (WHITE),STREET,true,false,0624,,,,18,1183232,1852774,,41.751206877,-87.604113767
,G742608,11/13/2001 12:00:00 AM,024XX N KEDZIE BL,2825,OTHER OFFENSE,HARASSMENT BY TELEPHONE,RESIDENCE,false,false,1413,,,,26,1154588,1916053,,41.925470429,-87.707390495
,G743127,11/13/2001 09:00:00 PM,006XX S DESPLAINES ST,5001,OTHER OFFENSE,OTHER CRIME INVOLVING PROPERTY,OTHER,false,false,0131,,,,26,1172059,1897544,,41.874312765,-87.643740591
,G742986,11/13/2001 03:00:00 PM,115XX S JUSTINE ST,1710,OFFENSE INVOLVING CHILDREN,ENDANGERING LIFE/HEALTH CHILD,RESIDENCE,false,true,0524,,,,26,1168113,1828185,,41.68406916,-87.660221776
,G745535,11/13/2001 04:00:00 PM,039XX W JACKSON BLVD,1120,DECEPTIVE PRACTICE,FORGERY,CURRENCY EXCHANGE,false,false,1122,,28,,10,1149804,1898427,,41.877197394,-87.725428286
,G738986,11/13/2001 06:30:00 PM,016XX E 71 ST,1206,DECEPTIVE PRACTICE,"THEFT BY LESSEE,MOTOR VEH",OTHER,false,false,0332,,,,11,1188679,1858311,,41.766272479,-87.583976745
,G682571,11/13/2001 12:01:00 AM,067XX S COTTAGE GROVE AV,0313,ROBBERY,ARMED: OTHER DANGEROUS WEAPON,STREET,false,false,0321,,,,03,1182673,1860728,,41.773046438,-87.605915724
,G683974,11/13/2001 06:15:00 PM,015XX N CAMPBELL AV,2027,NARCOTICS,POSS: CRACK,STREET,true,false,1423,,,,18,1159415,1910338,,41.909689983,-87.689811308
,G754104,11/13/2001 12:00:00 PM,003XX S ASHLAND AV,0840,THEFT,FINANCIAL ID THEFT: OVER $300,COMMERCIAL / BUSINESS OFFICE,false,false,1211,,,,06,1165760,1898691,,41.877596769,-87.666834875
,G684414,11/13/2001 10:00:00 PM,008XX S KOLMAR AV,2027,NARCOTICS,POSS: CRACK,STREET,true,false,1131,,,,18,1146107,1895716,,41.869829134,-87.739071667
,G753734,11/13/2001 12:01:00 AM,092XX S WESTERN AV,0810,THEFT,OVER $500,OTHER,false,false,2221,,,,06,1162025,1843479,,41.726166897,-87.68208478
,G757468,11/13/2001 07:00:00 AM,040XX W MONROE ST,0610,BURGLARY,FORCIBLE ENTRY,APARTMENT,false,false,1115,,,,05,1149312,1899391,,41.879852267,-87.727209788
,G684004,11/13/2001 06:45:00 PM,026XX W LE MOYNE ST,2092,NARCOTICS,SOLICIT NARCOTICS ON PUBLICWAY,SIDEWALK,true,false,1423,,,,26,1158159,1909825,,41.908308035,-87.694439366
,G772141,11/13/2001 08:48:00 PM,100XX W OHARE ST,1206,DECEPTIVE PRACTICE,"THEFT BY LESSEE,MOTOR VEH",AIRPORT/AIRCRAFT,false,false,1651,,,,11,1100635,1934208,,41.976200173,-87.905312411
,HH111497,11/13/2001 04:00:00 PM,022XX E 68 ST,2825,OTHER OFFENSE,HARASSMENT BY TELEPHONE,APARTMENT,false,false,0331,,,,26,1192240,1860275,,41.771575969,-87.570860802
,HH120275,11/13/2001 12:00:00 PM,048XX W SUPERIOR ST,1110,DECEPTIVE PRACTICE,BOGUS CHECK,APARTMENT,false,false,1531,,,,11,1144043,1904487,,41.893936777,-87.746429088
,G685218,11/13/2001 06:00:00 PM,020XX N HALSTED ST,0610,BURGLARY,FORCIBLE ENTRY,COMMERCIAL / BUSINESS OFFICE,false,false,1812,,,,05,1170671,1913553,,41.918272936,-87.648367404
,G683880,11/13/2001 05:28:00 PM,058XX S NORMAL BL,0430,BATTERY,AGGRAVATED: OTHER DANG WEAPON,OTHER,false,false,0711,,,,04B,1173912,1866455,,41.788960815,-87.637861372
,HH142827,11/13/2001 07:00:00 AM,050XX N KENMORE AV,0810,THEFT,OVER $500,RESIDENCE,false,false,2024,,,,06,1168369,1934126,,41.974776256,-87.656227946
,G684386,11/13/2001 10:14:56 PM,006XX E 38 PL,1811,NARCOTICS,POSS: CANNABIS 30GMS OR LESS,STREET,true,false,0212,,,,18,1180786,1879627,,41.824950529,-87.612251766
,HH138964,11/13/2001 12:00:00 PM,038XX S WENTWORTH AV,1130,DECEPTIVE PRACTICE,FRAUD OR CONFIDENCE GAME,RESIDENCE,false,false,0925,,,,11,1175549,1879377,,41.824383514,-87.631472161
,G682552,11/13/2001 04:00:00 AM,050XX S WENTWORTH AV,0420,BATTERY,AGGRAVATED:KNIFE/CUTTING INSTR,STREET,false,false,0231,,,,04B,1175765,1871807,,41.803605902,-87.630906741
,G683966,11/13/2001 06:57:00 PM,005XX E 35 ST,0460,BATTERY,SIMPLE,STREET,false,false,0212,,,,08B,1180586,1881863,,41.831090881,-87.612916711
,HH132074,11/13/2001 04:00:00 PM,058XX N BROADWAY,1130,DECEPTIVE PRACTICE,FRAUD OR CONFIDENCE GAME,OTHER,false,false,2013,,,,11,1167211,1938897,,41.987893049,-87.660348409
,G683715,11/13/2001 04:49:59 PM,001XX W 113 PL,0460,BATTERY,SIMPLE,STREET,false,false,0522,,,,08B,1177222,1829729,,41.68810599,-87.626830298
,HH197793,11/13/2001 07:00:00 AM,029XX W BALMORAL AV,2825,OTHER OFFENSE,HARASSMENT BY TELEPHONE,RESIDENCE,false,false,2011,,,,26,1155727,1935692,,41.979338224,-87.702674216
,HH195730,11/13/2001 10:30:00 AM,005XX N WELLS ST,1310,CRIMINAL DAMAGE,TO PROPERTY,OTHER,false,false,1831,,,,14,1174603,1903820,,41.891478019,-87.63421254
,HH293828,11/13/2001 12:00:00 AM,089XX S DORCHESTER AV,0910,MOTOR VEHICLE THEFT,AUTOMOBILE,STREET,false,false,0413,,,,07,1187059,1845769,,41.731894586,-87.590311528
,HH295747,11/13/2001 08:55:00 AM,031XX W DOUGLAS BL,0483,BATTERY,AGG PRO.EMP: OTHER DANG WEAPON,VEHICLE NON-COMMERCIAL,true,false,1022,,,,04B,1155917,1893336,,41.863106154,-87.703120216
,G711822,11/13/2001 10:30:00 AM,013XX N CLAREMONT AVE,0560,ASSAULT,SIMPLE,"SCHOOL, PUBLIC, BUILDING",false,false,1424,,1,,08A,1160540,1908752,,41.905314642,-87.68572252
,HH700342,11/13/2001 02:00:00 PM,016XX N HARLEM AVE,0840,THEFT,FINANCIAL ID THEFT: OVER $300,DEPARTMENT STORE,false,false,2513,,36,,06,1127898,1909848,,41.90893585,-87.805604428
,HK128099,11/13/2001 12:00:00 PM,035XX W 57TH PL,0842,THEFT,AGG: FINANCIAL ID THEFT,RESIDENCE,false,false,0822,,14,,06,1153728,1866297,,41.788951441,-87.711873862
