ID,Case Number,Date,Block,IUCR,Primary Type,Description,Location Description,Arrest,Domestic,Beat,District,Ward,Community Area,FBI Code,X Coordinate,Y Coordinate,Updated On,Latitude,Longitude
8256697,HT490254,09/10/2011 01:15:00 PM,065XX W GRAND AVE,0870,THEFT,POCKET-PICKING,SMALL RETAIL STORE,false,false,2512,,36,,06,1132212,1915166,,41.923455179,-87.789632637
8280611,HT515336,09/10/2011 08:00:00 AM,085XX S MUSKEGON AVE,1152,DECEPTIVE PRACTICE,ILLEGAL USE CASH CARD,RESIDENCE,false,false,0423,,7,,11,1196637,1848854,,41.740127827,-87.555121917
8282312,HT516783,09/10/2011 02:00:00 AM,005XX N CLARK ST,1152,DECEPTIVE PRACTICE,ILLEGAL USE CASH CARD,STREET,false,false,1831,,42,,11,1175445,1903794,,41.891387806,-87.631121082
8283371,HT516506,09/10/2011 10:30:00 AM,036XX S ROCKWELL ST,1130,DECEPTIVE PRACTICE,FRAUD OR CONFIDENCE GAME,OTHER,false,false,0913,,12,,11,1159624,1880559,,41.827969195,-87.689863556
8295459,HT490770,09/10/2011 07:20:00 PM,098XX S EWING AVE,1310,CRIMINAL DAMAGE,TO PROPERTY,ALLEY,false,true,0432,,10,,14,1202129,1840566,,41.717246917,-87.535281962
8300977,HT490413,09/10/2011 02:50:00 PM,068XX S ABERDEEN ST,0486,BATTERY,DOMESTIC BATTERY SIMPLE,RESIDENCE,false,true,0724,,17,,08B,1170162,1859455,,41.769834397,-87.651814725
8308752,HT542816,09/10/2011 09:00:00 AM,068XX S PAXTON AVE,2820,OTHER OFFENSE,TELEPHONE THREAT,RESIDENCE,false,false,0331,,5,,26,1192056,1860070,,41.771017908,-87.571541928
8312484,HT492415,09/10/2011 05:00:00 PM,052XX W MONTROSE AVE,0486,BATTERY,DOMESTIC BATTERY SIMPLE,RESIDENCE,false,true,1624,,38,,08B,1140578,1928752,,41.96058682,-87.758557685
8313941,HT489584,09/10/2011 12:10:00 AM,013XX W 76TH ST,0486,BATTERY,DOMESTIC BATTERY SIMPLE,APARTMENT,false,true,0612,,17,,08B,1168774,1854392,,41.755970933,-87.65704844
8347836,HT500060,09/10/2011 07:00:00 AM,103XX S VINCENNES AVE,0842,THEFT,AGG: FINANCIAL ID THEFT,BANK,false,false,2212,,21,,06,1169151,1836304,,41.706326697,-87.656188319
8351504,HT584884,09/10/2011 06:26:00 AM,046XX S RACINE AVE,0890,THEFT,FROM BUILDING,WAREHOUSE,false,false,0921,,11,,06,1169107,1874020,,41.809825331,-87.65526082
8380307,HT613326,09/10/2011 12:00:00 PM,025XX W 117TH ST,2826,OTHER OFFENSE,HARASSMENT BY ELECTRONIC MEANS,RESIDENCE,false,false,2212,,19,,26,1161391,1826964,,41.680859999,-87.684862717
8384146,HT616832,09/10/2011 06:25:00 PM,090XX S DR MARTIN LUTHER KING JR DR,1345,CRIMINAL DAMAGE,TO CITY OF CHICAGO PROPERTY,SIDEWALK,false,false,0633,,6,,14,1180503,1844921,,41.729720368,-87.614354534
8451721,HT490655,09/10/2011 06:14:51 PM,107XX S AVENUE C,0820,THEFT,$500 AND UNDER,RESIDENCE,false,false,0432,,10,,06,1204455,1834374,,41.700196121,-87.52697542
20189,Y449586,09/10/2011 02:40:00 PM,036XX W CHICAGO AVE,0110,HOMICIDE,FIRST DEGREE MURDER,CTA BUS,false,false,1112,,27,,01A,1151755,1905090,,41.895443218,-87.718089317
8255685,HT489563,09/10/2011 12:02:00 AM,003XX S KILBOURN AVE,2027,NARCOTICS,POSS: CRACK,SIDEWALK,true,false,1131,,24,,18,1146441,1898162,,41.876534902,-87.737783136
8255691,HT489589,09/10/2011 12:10:00 AM,015XX W 63RD ST,2092,NARCOTICS,SOLICIT NARCOTICS ON PUBLICWAY,STREET,true,false,0713,,16,,26,1166972,1862948,,41.779488407,-87.663408151
8255694,HT489579,09/10/2011 12:07:00 AM,029XX N RIDGEWAY AVE,1350,CRIMINAL TRESPASS,TO STATE SUP LAND,RESIDENTIAL YARD (FRONT/BACK),true,false,2523,,35,,26,1151307,1919683,,41.935496543,-87.719351028
8255695,HT489540,09/10/2011 11:18:00 PM,077XX S CICERO AVE,2027,NARCOTICS,POSS: CRACK,PARKING LOT/GARAGE(NON.RESID.),true,false,0834,,13,,18,1145740,1853048,,41.752748627,-87.741497836
8255696,HT489558,09/10/2011 12:11:00 AM,038XX W ROOSEVELT RD,2027,NARCOTICS,POSS: CRACK,SIDEWALK,true,false,1133,,24,,18,1150750,1894431,,41.866213478,-87.722059303
8255702,HT489594,09/10/2011 12:44:00 AM,050XX W DIVISION ST,1811,NARCOTICS,POSS: CANNABIS 30GMS OR LESS,STREET,true,false,2533,,37,,18,1142356,1907518,,41.902285692,-87.752549609
8255703,HT489562,09/10/2011 12:30:00 AM,110XX S EDBROOKE AVE,1811,NARCOTICS,POSS: CANNABIS 30GMS OR LESS,SIDEWALK,true,false,0513,,9,,18,1179208,1831767,,41.693653627,-87.619497929
8255704,HT489583,09/10/2011 12:29:00 AM,010XX W 81ST ST,0486,BATTERY,DOMESTIC BATTERY SIMPLE,APARTMENT,true,true,0612,,21,,08B,1170841,1851109,,41.746917111,-87.649568968
8255715,HT489631,09/10/2011 01:15:00 AM,039XX W DIVISION ST,2027,NARCOTICS,POSS: CRACK,SIDEWALK,true,false,2535,,27,,18,1150081,1907719,,41.902690236,-87.724169003
8255716,HT489622,09/10/2011 12:58:00 AM,042XX W MADISON ST,1811,NARCOTICS,POSS: CANNABIS 30GMS OR LESS,SIDEWALK,true,false,1115,,28,,18,1148200,1899677,,41.880658561,-87.731285574
8255717,HT489575,09/10/2011 12:10:00 AM,049XX N MILWAUKEE AVE,502P,OTHER OFFENSE,FALSE/STOLEN/ALTERED TRP,STREET,true,false,1623,,45,,26,1139437,1932199,,41.970066618,-87.762668225
8255719,HT489625,09/10/2011 12:50:00 AM,002XX E GARFIELD BLVD,1661,GAMBLING,GAME/DICE,SIDEWALK,true,false,0233,,3,,19,1178671,1868477,,41.794402412,-87.620350386
8255721,HT489621,09/10/2011 01:19:00 AM,008XX W 59TH ST,1811,NARCOTICS,POSS: CANNABIS 30GMS OR LESS,SIDEWALK,true,false,0712,,16,,18,1171833,1865730,,41.78701723,-87.645505595
8255723,HT489582,09/10/2011 12:35:00 AM,020XX W 68TH PL,041A,BATTERY,AGGRAVATED: HANDGUN,RESIDENCE PORCH/HALLWAY,false,false,0726,,17,,04B,1163947,1859227,,41.769341616,-87.674602677
8255739,HT489617,09/10/2011 12:15:00 AM,011XX W 63RD ST,0820,THEFT,$500 AND UNDER,PARKING LOT/GARAGE(NON.RESID.),false,false,0724,,16,,06,1169601,1863016,,41.779618399,-87.653767961
8255743,HT489618,09/10/2011 12:40:00 AM,018XX N DRAKE AVE,0460,BATTERY,SIMPLE,RESIDENTIAL YARD (FRONT/BACK),false,false,1422,,26,,08B,1152529,1911991,,41.914364945,-87.715063904
8255744,HT489610,09/10/2011 12:03:00 AM,071XX S ARTESIAN AVE,2027,NARCOTICS,POSS: CRACK,SIDEWALK,true,false,0832,,18,,18,1161275,1857287,,41.764073717,-87.684450692
8255747,HT489605,09/10/2011 12:06:00 AM,040XX W 59TH ST,1305,CRIMINAL DAMAGE,CRIMINAL DEFACEMENT,APARTMENT,true,false,0813,,13,,14,1150226,1865167,,41.785919292,-87.72474398
8255750,HT489640,09/10/2011 01:00:00 AM,036XX S DR MARTIN LUTHER KING JR DR,0460,BATTERY,SIMPLE,STREET,false,false,0211,,4,,08B,1179453,1881009,,41.828773439,-87.617099843
8255754,HT489654,09/10/2011 01:50:00 AM,056XX W RACE AVE,1811,NARCOTICS,POSS: CANNABIS 30GMS OR LESS,SIDEWALK,true,false,1512,,29,,18,1138466,1902750,,41.889273088,-87.766953997
8255756,HT489593,09/10/2011 12:09:00 AM,009XX W WEBSTER AVE,0430,BATTERY,AGGRAVATED: OTHER DANG WEAPON,BAR OR TAVERN,false,false,1812,,43,,04B,1169505,1914812,,41.921753174,-87.652614623
8255757,HT489608,09/10/2011 12:35:00 AM,027XX W LEXINGTON ST,2027,NARCOTICS,POSS: CRACK,SIDEWALK,true,false,1135,,2,,18,1158244,1896590,,41.871988266,-87.694489094
8255758,HT489628,09/10/2011 01:00:00 AM,053XX W MADISON ST,0486,BATTERY,DOMESTIC BATTERY SIMPLE,SIDEWALK,false,true,1522,,28,,08B,1140627,1899502,,41.880320753,-87.759097628
8255759,HT489632,09/10/2011 12:45:00 AM,0000X W HUBBARD ST,0890,THEFT,FROM BUILDING,BAR OR TAVERN,true,false,1831,,42,,06,1175699,1903302,,41.890032024,-87.630203077
8255760,HT489683,09/10/2011 02:11:00 AM,025XX W PETERSON AVE,2250,LIQUOR LAW VIOLATION,LIQUOR LICENSE VIOLATION,BAR OR TAVERN,true,false,2413,,50,,22,1158125,1939768,,41.990474163,-87.693743427
8255762,HT489665,09/10/2011 01:30:00 AM,064XX S FAIRFIELD AVE,0560,ASSAULT,SIMPLE,RESIDENCE,true,false,0825,,15,,08A,1159154,1861739,,41.7763343,-87.692103058
8255763,HT489652,09/10/2011 01:23:00 AM,016XX N LOTUS AVE,2027,NARCOTICS,POSS: CRACK,SIDEWALK,true,false,2532,,37,,18,1139816,1910466,,41.910422156,-87.7618074
8255764,HT489662,09/10/2011 01:40:00 AM,031XX N MONTICELLO AVE,143A,WEAPONS VIOLATION,UNLAWFUL POSS OF HANDGUN,ALLEY,true,false,2523,,35,,15,1151520,1920664,,41.938184297,-87.718542381
8255765,HT489643,09/10/2011 12:30:00 AM,006XX W HUBBARD ST,0820,THEFT,$500 AND UNDER,STREET,false,false,1323,,27,,06,1171727,1903303,,41.890123156,-87.644789891
8255767,HT489595,09/10/2011 12:41:00 AM,019XX N MAUD AVE,2825,OTHER OFFENSE,HARASSMENT BY TELEPHONE,RESIDENCE,false,false,1811,,32,,26,1168146,1913286,,41.917595239,-87.657652103
8255768,HT489647,09/10/2011 12:50:00 AM,103XX S AVENUE M,0454,BATTERY,AGG PO HANDS NO/MIN INJURY,SIDEWALK,false,false,0432,,10,,08B,1201502,1836913,,41.707238714,-87.537701965
8255769,HT489678,09/10/2011 02:06:00 AM,013XX W WASHBURNE AVE,0470,PUBLIC PEACE VIOLATION,RECKLESS CONDUCT,CHA PARKING LOT/GROUNDS,true,false,1231,,2,,24,1167732,1894517,,41.86610073,-87.659714511
8255770,HT489635,09/10/2011 01:35:00 AM,070XX S JEFFERY BLVD,1811,NARCOTICS,POSS: CANNABIS 30GMS OR LESS,SIDEWALK,true,false,0331,,5,,18,1190764,1858641,,41.767127925,-87.576323946
8255773,HT489670,09/10/2011 02:10:00 AM,018XX N LUNA AVE,1310,CRIMINAL DAMAGE,TO PROPERTY,RESIDENCE,false,true,2532,,37,,14,1139110,1911631,,41.913631929,-87.764372623
8255774,HT489673,09/10/2011 01:50:00 AM,015XX N LUNA AVE,1811,NARCOTICS,POSS: CANNABIS 30GMS OR LESS,RESIDENTIAL YARD (FRONT/BACK),true,false,2532,,37,,18,1139053,1909698,,41.908328591,-87.764629119
8255775,HT489650,09/10/2011 01:48:00 AM,105XX S MORGAN ST,1811,NARCOTICS,POSS: CANNABIS 30GMS OR LESS,SIDEWALK,true,false,2232,,34,,18,1171517,1834947,,41.702551501,-87.647563712
8255776,HT489648,09/10/2011 01:28:00 AM,006XX W LAKE ST,0610,BURGLARY,FORCIBLE ENTRY,BAR OR TAVERN,false,false,1212,,27,,05,1171657,1901689,,41.885695778,-87.645094501
8255781,HT489672,09/10/2011 02:20:00 AM,080XX S STATE ST,0486,BATTERY,DOMESTIC BATTERY SIMPLE,RESIDENCE,false,false,0623,,6,,08B,1177691,1851640,,41.748222124,-87.624452872
8255782,HT489677,09/10/2011 02:12:00 AM,087XX S STATE ST,1320,CRIMINAL DAMAGE,TO VEHICLE,STREET,false,false,0632,,6,,14,1177811,1847069,,41.735676032,-87.62415119
8255785,HT489642,09/10/2011 12:30:00 AM,070XX S MICHIGAN AVE,0460,BATTERY,SIMPLE,APARTMENT,false,false,0322,,6,,08B,1178377,1858468,,41.766943388,-87.621732196
8255786,HT489609,09/10/2011 12:50:00 AM,078XX S SANGAMON ST,0610,BURGLARY,FORCIBLE ENTRY,APARTMENT,false,false,0621,,17,,05,1171332,1852948,,41.751952848,-87.647716123
8255787,HT489600,09/10/2011 12:40:00 AM,011XX W 76TH ST,0486,BATTERY,DOMESTIC BATTERY SIMPLE,RESIDENCE,false,true,0612,,17,,08B,1170194,1854409,,41.755986834,-87.651843966
8255788,HT489585,09/10/2011 12:15:00 AM,109XX S NORMAL AVE,0486,BATTERY,DOMESTIC BATTERY SIMPLE,RESIDENCE,false,false,2233,,34,,08B,1174905,1832412,,41.695520382,-87.635233012
8255789,HT489636,09/10/2011 12:30:00 AM,016XX N CALIFORNIA AVE,0420,BATTERY,AGGRAVATED:KNIFE/CUTTING INSTR,ALLEY,false,false,1421,,1,,04B,1157448,1910961,,41.911439814,-87.697020271
8255790,HT489680,09/10/2011 02:20:00 AM,050XX N NAGLE AVE,0486,BATTERY,DOMESTIC BATTERY SIMPLE,VEHICLE NON-COMMERCIAL,false,true,1613,,41,,08B,1132560,1933034,,41.972480853,-87.787936159
8255791,HT498613,09/10/2011 12:45:00 AM,091XX S ASHLAND AVE,0486,BATTERY,DOMESTIC BATTERY SIMPLE,RESIDENCE,false,false,2221,,21,,08B,1167278,1844042,,41.727601186,-87.662826492
8255795,HT489624,09/10/2011 12:30:00 AM,006XX N ASHLAND AVE,0470,PUBLIC PEACE VIOLATION,RECKLESS CONDUCT,OTHER,false,false,1324,,1,,24,1165616,1904309,,41.893016064,-87.667203481
8255796,HT486689,09/10/2011 02:22:00 AM,018XX W CERMAK RD,2022,NARCOTICS,POSS: COCAINE,ALLEY,true,false,1034,,25,,18,1164547,1889441,,41.852239702,-87.671550497
8255797,HT489634,09/10/2011 01:00:00 AM,046XX S HARDING AVE,0486,BATTERY,DOMESTIC BATTERY SIMPLE,APARTMENT,false,true,0821,,14,,08B,1150805,1873589,,41.809019251,-87.722401598
8255798,HT489577,09/10/2011 12:15:00 AM,062XX S WHIPPLE ST,0486,BATTERY,DOMESTIC BATTERY SIMPLE,APARTMENT,false,true,0823,,15,,08B,1157120,1863182,,41.78033548,-87.699520645
8255799,HT489697,09/10/2011 02:55:00 AM,009XX W WEED ST,1320,CRIMINAL DAMAGE,TO VEHICLE,STREET,false,false,1822,,32,,14,1169750,1910458,,41.909800222,-87.651841553
8255801,HT489688,09/10/2011 02:54:00 AM,0000X W 112TH ST,1360,CRIMINAL TRESPASS,TO VEHICLE,STREET,true,false,0522,,34,,26,1178029,1830704,,41.690763333,-87.623846554
8255802,HT489711,09/10/2011 03:10:00 AM,023XX S DRAKE AVE,2230,LIQUOR LAW VIOLATION,ILLEGAL CONSUMPTION BY MINOR,SIDEWALK,true,false,1024,,22,,22,1153069,1888283,,41.849297027,-87.713708878
8255803,HT489629,09/10/2011 12:52:00 AM,018XX W 43RD ST,0920,MOTOR VEHICLE THEFT,ATT: AUTOMOBILE,STREET,true,false,0914,,12,,07,1164863,1876173,,41.815824242,-87.670766302
8255804,HT489685,09/10/2011 02:36:00 AM,077XX S ABERDEEN ST,0486,BATTERY,DOMESTIC BATTERY SIMPLE,APARTMENT,true,true,0612,,17,,08B,1170325,1853489,,41.753459385,-87.651390605
8255805,HT489626,09/10/2011 12:46:00 AM,035XX W NORTH AVE,0420,BATTERY,AGGRAVATED:KNIFE/CUTTING INSTR,SIDEWALK,false,false,1422,,26,,04B,1152662,1910408,,41.910018418,-87.714617233
8255808,HT489615,09/10/2011 01:00:00 AM,009XX W FULLERTON AVE,0460,BATTERY,SIMPLE,CTA PLATFORM,true,false,1812,,43,,08B,1169577,1916141,,41.925398449,-87.652311296
8255811,HT489714,09/10/2011 03:44:00 AM,051XX W MAYPOLE AVE,2028,NARCOTICS,POSS: SYNTHETIC DRUGS,SIDEWALK,true,false,1532,,28,,18,1141915,1900973,,41.884333614,-87.754331723
8255812,HT489712,09/10/2011 03:20:00 AM,054XX W AGATITE AVE,0620,BURGLARY,UNLAWFUL ENTRY,RESIDENCE,false,false,1623,,45,,05,1139343,1929057,,41.96144641,-87.763090765
8255816,HT489681,09/10/2011 01:20:00 AM,035XX S PRAIRIE AVE,1822,NARCOTICS,MANU/DEL:CANNABIS OVER 10 GMS,SIDEWALK,true,false,0211,,2,,18,1178510,1881643,,41.830534706,-87.620540313
8255817,HT489701,09/10/2011 03:07:00 AM,108XX S CALHOUN AVE,141C,WEAPONS VIOLATION,UNLAWFUL USE OTHER DANG WEAPON,STREET,true,false,0434,,10,,15,1194907,1833696,,41.698575613,-87.561957887
8255818,HT489641,09/10/2011 12:15:00 AM,134XX S BALTIMORE AVE,0560,ASSAULT,SIMPLE,STREET,false,false,0433,,10,,08A,1199105,1816541,,41.651396287,-87.547160289
8255823,HT489664,09/10/2011 02:10:00 AM,057XX S ARTESIAN AVE,041A,BATTERY,AGGRAVATED: HANDGUN,STREET,false,false,0824,,16,,04B,1161020,1866441,,41.789198845,-87.685132436
8255826,HT489719,09/10/2011 02:30:00 AM,016XX W GRAND AVE,0820,THEFT,$500 AND UNDER,STREET,false,false,1324,,26,,06,1165388,1903561,,41.89096835,-87.668062136
8255827,HT489723,09/10/2011 03:50:00 AM,033XX W CONGRESS PKWY,0325,ROBBERY,VEHICULAR HIJACKING,STREET,false,false,1134,,28,,03,1153921,1897492,,41.874550643,-87.710336663
8255829,HT489675,09/10/2011 02:26:00 AM,003XX N AVERS AVE,0820,THEFT,$500 AND UNDER,SIDEWALK,false,true,1122,,27,,06,1150577,1901635,,41.885985436,-87.722506193
8255834,HT489695,09/10/2011 02:55:00 AM,031XX N HAMLIN AVE,0460,BATTERY,SIMPLE,RESIDENTIAL YARD (FRONT/BACK),false,false,2523,,30,,08B,1150619,1920692,,41.938278815,-87.721853036
8255835,HT489649,09/10/2011 01:25:00 AM,008XX E HYDE PARK BLVD,2025,NARCOTICS,POSS: HALLUCINOGENS,VEHICLE NON-COMMERCIAL,true,false,2124,,4,,18,1182599,1871375,,41.802264466,-87.605856752
8255837,HT489720,09/10/2011 04:02:00 AM,031XX N HAMLIN AVE,1811,NARCOTICS,POSS: CANNABIS 30GMS OR LESS,STREET,true,false,2523,,30,,18,1150619,1920669,,41.938215701,-87.721853639
8255839,HT489630,09/10/2011 12:15:00 AM,021XX W 21ST ST,0486,BATTERY,DOMESTIC BATTERY SIMPLE,APARTMENT,false,true,1223,,25,,08B,1162456,1890053,,41.853963055,-87.679207947
8255840,HT489730,09/10/2011 04:05:00 AM,027XX N LAWNDALE AVE,0460,BATTERY,SIMPLE,RESIDENCE,false,false,2524,,35,,08B,1151249,1917936,,41.93070377,-87.719610142
8255841,HT489718,09/10/2011 03:30:00 AM,031XX N CENTRAL AVE,0460,BATTERY,SIMPLE,SIDEWALK,false,false,2514,,30,,08B,1138483,1920388,,41.937673486,-87.766463447
8255844,HT489663,09/10/2011 02:00:00 AM,006XX N SPAULDING AVE,0486,BATTERY,DOMESTIC BATTERY SIMPLE,RESIDENCE,false,true,1121,,27,,08B,1154261,1904122,,41.892737253,-87.708911204
8255845,HT489734,09/10/2011 03:45:00 AM,036XX N WAYNE AVE,0291,CRIM SEXUAL ASSAULT,ATTEMPT NON-AGGRAVATED,SIDEWALK,false,false,1923,,44,,02,1166653,1924242,,41.947691224,-87.662822602
8255846,HT489692,09/10/2011 02:50:00 AM,032XX N OAKLEY AVE,0810,THEFT,OVER $500,STREET,false,false,1913,,1,,06,1160470,1921322,,41.93980905,-87.685630894
8255848,HT489725,09/10/2011 03:40:00 AM,019XX N WINCHESTER AVE,0820,THEFT,$500 AND UNDER,RESIDENTIAL YARD (FRONT/BACK),false,false,1434,,32,,06,1163052,1912864,,41.916545848,-87.676379442
8255850,HT489729,09/10/2011 02:15:00 AM,070XX S ARTESIAN AVE,0486,BATTERY,DOMESTIC BATTERY SIMPLE,RESIDENCE,false,true,0832,,17,,08B,1161255,1858004,,41.766041683,-87.684504174
8255851,HT489705,09/10/2011 03:00:00 AM,022XX S MARSHALL BLVD,0486,BATTERY,DOMESTIC BATTERY SIMPLE,APARTMENT,false,true,1033,,12,,08B,1157053,1888983,,41.851138091,-87.699068091
8255852,HT489749,09/10/2011 04:00:00 AM,012XX W DRAPER ST,0810,THEFT,OVER $500,STREET,false,false,1933,,32,,06,1167587,1917156,,41.9282268,-87.659594163
8255853,HT489743,09/10/2011 03:50:00 AM,028XX W FLOURNOY ST,1710,OFFENSE INVOLVING CHILDREN,ENDANGERING LIFE/HEALTH CHILD,STREET,true,false,1135,,2,,26,1157500,1896905,,41.87286782,-87.697212064
8255854,HT489710,09/10/2011 02:55:00 AM,048XX S HONORE ST,041A,BATTERY,AGGRAVATED: HANDGUN,STREET,false,false,0931,,20,,04B,1164831,1872691,,41.80626991,-87.670982127
8255855,HT489693,09/10/2011 02:50:00 AM,058XX S KEDZIE AVE,0320,ROBBERY,STRONGARM - NO WEAPON,ALLEY,false,false,0822,,14,,03,1156046,1865825,,41.787609913,-87.703387152
8255856,HT489716,09/10/2011 01:30:00 AM,0000X W HUBBARD ST,0870,THEFT,POCKET-PICKING,STREET,false,false,1831,,42,,06,1176153,1903315,,41.890057476,-87.628535411
8255859,HT489744,09/10/2011 04:15:00 AM,057XX W MADISON ST,1350,CRIMINAL TRESPASS,TO STATE SUP LAND,POLICE FACILITY/VEH PARKING LOT,true,false,1513,,29,,26,1138058,1899436,,41.880186421,-87.768532463
8255861,HT489722,09/10/2011 03:10:00 AM,008XX N HUDSON AVE,0820,THEFT,$500 AND UNDER,SIDEWALK,true,false,1823,,27,,06,1173037,1905812,,41.896979051,-87.639904549
8255862,HT489740,09/10/2011 04:00:00 AM,036XX N KEDZIE AVE,0610,BURGLARY,FORCIBLE ENTRY,CAR WASH,false,false,1733,,33,,05,1154407,1924044,,41.947401956,-87.707841344
8255863,HT489761,09/10/2011 04:50:00 AM,001XX W DIVISION ST,0460,BATTERY,SIMPLE,APARTMENT,false,false,1824,,43,,08B,1174719,1908336,,41.903867566,-87.633651273
8255864,HT489736,09/10/2011 12:30:00 AM,035XX W BELLE PLAINE AVE,0430,BATTERY,AGGRAVATED: OTHER DANG WEAPON,SIDEWALK,false,false,1723,,33,,04B,1152177,1927028,,41.955634631,-87.715959282
8255869,HT489750,09/10/2011 04:10:00 AM,021XX W 72ND PL,0496,BATTERY,AGGRAVATED DOMESTIC BATTERY: KNIFE/CUTTING INST,APARTMENT,false,true,0735,,17,,04B,1163395,1856562,,41.762040066,-87.676700636
8255870,HT489753,09/10/2011 05:11:00 AM,031XX W WARREN BLVD,1811,NARCOTICS,POSS: CANNABIS 30GMS OR LESS,STREET,true,false,1331,,28,,18,1155449,1900184,,41.881907192,-87.704654089
8255871,HT489747,09/10/2011 04:45:00 AM,056XX N LUNA AVE,3800,INTERFERENCE WITH PUBLIC OFFICER,INTERFERENCE JUDICIAL PROCESS,STREET,false,false,1623,,45,,26,1138195,1937052,,41.983406274,-87.767117231
8255872,HT489751,09/10/2011 04:13:00 AM,046XX W BELMONT AVE,0610,BURGLARY,FORCIBLE ENTRY,CAR WASH,false,false,2521,,31,,05,1144912,1920872,,41.93888254,-87.742823155
8255873,HT489758,09/10/2011 03:45:00 AM,025XX N HALSTED ST,0479,BATTERY,AGG: HANDS/FIST/FEET SERIOUS INJURY,SIDEWALK,false,false,1933,,43,,04B,1170504,1917312,,41.928591474,-87.648870731
8255874,HT489733,09/10/2011 03:18:00 AM,057XX W BELMONT AVE,2250,LIQUOR LAW VIOLATION,LIQUOR LICENSE VIOLATION,BAR OR TAVERN,true,false,2514,,30,,22,1137329,1920689,,41.938520323,-87.770697414
8255882,HT489765,09/10/2011 04:40:00 AM,038XX W ARTHINGTON ST,0890,THEFT,FROM BUILDING,APARTMENT,false,false,1133,,24,,06,1150950,1895761,,41.86985924,-87.721290269
8255883,HT489661,09/10/2011 01:33:00 AM,056XX S ABERDEEN ST,0430,BATTERY,AGGRAVATED: OTHER DANG WEAPON,STREET,false,true,0712,,16,,04B,1169945,1867382,,41.791591747,-87.652380049
8255888,HT489764,09/10/2011 04:00:00 AM,019XX N CLARK ST,0810,THEFT,OVER $500,APARTMENT,false,false,1814,,43,,06,1174188,1913264,,41.917402098,-87.635454463
8255891,HT489789,09/10/2011 02:00:00 AM,021XX W GARFIELD BLVD,0810,THEFT,OVER $500,STREET,false,false,0715,,15,,06,1162849,1868024,,41.793504765,-87.678381847
8255895,HT489767,09/10/2011 05:40:00 AM,006XX N LATROBE AVE,0486,BATTERY,DOMESTIC BATTERY SIMPLE,RESIDENCE,true,true,1524,,28,,08B,1141249,1903684,,41.891785235,-87.756710494
8255896,HT489788,09/10/2011 06:00:00 AM,021XX W ADDISON ST,1310,CRIMINAL DAMAGE,TO PROPERTY,TAVERN/LIQUOR STORE,false,false,1913,,47,,14,1161235,1923879,,41.946809711,-87.682747958
8255902,HT489741,09/10/2011 04:07:00 AM,080XX S MARSHFIELD AVE,0486,BATTERY,DOMESTIC BATTERY SIMPLE,APARTMENT,true,true,0611,,21,,08B,1166743,1851305,,41.747543344,-87.664579547
8255907,HT489813,09/10/2011 12:00:00 AM,058XX S CARPENTER ST,1310,CRIMINAL DAMAGE,TO PROPERTY,RESIDENCE,false,false,0712,,16,,14,1170316,1865952,,41.787659592,-87.651061277
8255911,HT489777,09/10/2011 05:45:00 AM,012XX W JARVIS AVE,0560,ASSAULT,SIMPLE,CTA GARAGE / OTHER PROPERTY,true,false,2423,,49,,08A,1166114,1949175,,42.016119668,-87.664087748
8255914,HT489779,09/10/2011 06:00:00 AM,067XX N SHERIDAN RD,0320,ROBBERY,STRONGARM - NO WEAPON,SIDEWALK,false,false,2432,,49,,03,1167034,1944763,,42.00399329,-87.66082998
8255916,HT489781,09/10/2011 06:00:00 AM,073XX S COLES AVE,0486,BATTERY,DOMESTIC BATTERY SIMPLE,APARTMENT,true,true,0334,,7,,08B,1194889,1857049,,41.762658744,-87.561256801
8255926,HT489844,09/10/2011 06:00:00 AM,007XX E 51ST ST,1535,OBSCENITY,OBSCENITY,RESIDENCE,false,false,0223,,4,,17,1182168,1871359,,41.80223056,-87.607437887
8255929,HT489849,09/10/2011 12:00:00 AM,058XX W LAKE ST,0820,THEFT,$500 AND UNDER,STREET,false,false,1512,,29,,06,1137497,1902239,,41.887888334,-87.770524924
8255943,HT489809,09/10/2011 06:32:00 AM,003XX W 64TH ST,0454,BATTERY,AGG PO HANDS NO/MIN INJURY,HOSPITAL BUILDING/GROUNDS,true,false,0722,,20,,08B,1175044,1862506,,41.778099133,-87.633828531
8255944,HT489822,09/10/2011 07:30:00 AM,057XX W MADISON ST,1345,CRIMINAL DAMAGE,TO CITY OF CHICAGO PROPERTY,POLICE FACILITY/VEH PARKING LOT,true,false,1513,,29,,14,1138058,1899436,,41.880186421,-87.768532463
8255947,HT489869,09/10/2011 01:00:00 AM,040XX N CENTRAL AVE,0820,THEFT,$500 AND UNDER,RESIDENTIAL YARD (FRONT/BACK),false,false,1624,,38,,06,1138289,1926375,,41.954105931,-87.767031068
8255952,HT489804,09/10/2011 06:30:00 AM,109XX S ST LOUIS AVE,1310,CRIMINAL DAMAGE,TO PROPERTY,RESIDENCE,false,false,2211,,19,,14,1154957,1831852,,41.694404097,-87.708284846
8255955,HT489901,09/10/2011 01:00:00 AM,028XX N FRANCISCO AVE,1320,CRIMINAL DAMAGE,TO VEHICLE,STREET,false,false,1411,,35,,14,1156553,1918791,,41.932944116,-87.700095809
8255957,HT489798,09/10/2011 05:30:00 AM,044XX N KEELER AVE,0520,ASSAULT,AGGRAVATED:KNIFE/CUTTING INSTR,STREET,false,true,1722,,45,,04A,1147597,1929039,,41.961242276,-87.732744671
8255958,HT489853,09/10/2011 07:33:00 AM,062XX S ASHLAND AVE,3800,INTERFERENCE WITH PUBLIC OFFICER,INTERFERENCE JUDICIAL PROCESS,STREET,true,false,0713,,16,,26,1166742,1863274,,41.780387906,-87.66424206
8255959,HT489786,09/10/2011 05:30:00 AM,033XX W ARGYLE ST,0486,BATTERY,DOMESTIC BATTERY SIMPLE,APARTMENT,false,true,1713,,39,,08B,1153034,1933008,,41.972027151,-87.7126495
8255960,HT489861,09/10/2011 08:20:00 AM,018XX W 63RD ST,0460,BATTERY,SIMPLE,STREET,false,false,0714,,15,,08B,1164944,1862886,,41.779361386,-87.670844804
8255966,HT489880,09/10/2011 01:30:00 AM,107XX S MORGAN ST,1152,DECEPTIVE PRACTICE,ILLEGAL USE CASH CARD,DRIVEWAY - RESIDENTIAL,false,false,2234,,34,,11,1171563,1833426,,41.698376636,-87.647439627
8255972,HT489903,09/10/2011 03:30:00 AM,029XX S BONAPARTE ST,5002,OTHER OFFENSE,OTHER VEHICLE OFFENSE,STREET,false,false,0923,,11,,26,1167974,1885052,,41.84012272,-87.659098944
8255998,HT489812,09/10/2011 06:00:00 AM,039XX W 56TH PL,0910,MOTOR VEHICLE THEFT,AUTOMOBILE,STREET,false,false,0822,,13,,07,1151079,1866846,,41.790510115,-87.721572627
8255999,HT489810,09/10/2011 03:00:00 AM,094XX S LOOMIS ST,0281,CRIM SEXUAL ASSAULT,NON-AGGRAVATED,APARTMENT,false,false,2222,,21,,02,1168655,1842118,,41.722291898,-87.657837617
8256000,HT489902,09/10/2011 12:00:00 AM,033XX N ALBANY AVE,0910,MOTOR VEHICLE THEFT,AUTOMOBILE,SPORTS ARENA/STADIUM,false,false,1733,,33,,07,1155130,1921947,,41.941633133,-87.705240253
8256001,HT489915,09/10/2011 02:00:00 AM,031XX N RIDGEWAY AVE,0910,MOTOR VEHICLE THEFT,AUTOMOBILE,RESIDENCE,false,false,2523,,30,,07,1150944,1920578,,41.937959622,-87.720661576
8256006,HT489823,09/10/2011 12:30:00 AM,092XX S EMERALD AVE,0486,BATTERY,DOMESTIC BATTERY SIMPLE,STREET,false,true,2223,,21,,08B,1172930,1843644,,41.726386339,-87.642134029
8256007,HT489923,09/10/2011 07:00:00 AM,080XX S MAY ST,1310,CRIMINAL DAMAGE,TO PROPERTY,RESIDENCE,false,false,0612,,21,,14,1170049,1851503,,41.748015534,-87.652459637
8256008,HT489703,09/10/2011 02:20:00 AM,094XX S HARVARD AVE,0486,BATTERY,DOMESTIC BATTERY SIMPLE,RESIDENCE,false,true,0634,,21,,08B,1175663,1842173,,41.722289061,-87.632166722
8256009,HT489752,09/10/2011 04:45:00 AM,086XX S RACINE AVE,031A,ROBBERY,ARMED: HANDGUN,SIDEWALK,false,false,0613,,21,,03,1169834,1847400,,41.736761001,-87.653366266
8256010,HT489944,09/10/2011 08:00:00 AM,011XX W WASHINGTON BLVD,0890,THEFT,FROM BUILDING,OTHER,false,false,1212,,27,,06,1168709,1900681,,41.882994123,-87.655949303
8256012,HT489856,09/10/2011 02:30:00 AM,011XX N MILWAUKEE AVE,1330,CRIMINAL TRESPASS,TO LAND,OTHER,true,false,1323,,27,,26,1165952,1907936,,41.902961643,-87.665865852
8256013,HT489932,09/10/2011 09:30:00 AM,065XX N SAYRE AVE,1320,CRIMINAL DAMAGE,TO VEHICLE,STREET,false,false,1611,,41,,14,1128746,1943289,,42.000687334,-87.801727156
8256014,HT489896,09/10/2011 08:19:00 AM,006XX W DIVERSEY PKWY,4387,OTHER OFFENSE,VIOLATE ORDER OF PROTECTION,RESIDENCE,false,true,2333,,44,,26,1171738,1918860,,41.932812132,-87.64429052
8256017,HT489949,09/10/2011 01:00:00 AM,021XX W RANDOLPH ST,0915,MOTOR VEHICLE THEFT,"TRUCK, BUS, MOTOR HOME",CHA PARKING LOT/GROUNDS,false,false,1332,,2,,07,1162134,1901191,,41.884533482,-87.680078707
8256022,HT489805,09/10/2011 07:00:00 AM,063XX S THROOP ST,0320,ROBBERY,STRONGARM - NO WEAPON,STREET,false,false,0724,,16,,03,1168743,1862828,,41.779121068,-87.656918917
8256023,HT489790,09/10/2011 05:00:00 AM,067XX S BISHOP ST,0486,BATTERY,DOMESTIC BATTERY SIMPLE,STREET,false,true,0725,,17,,08B,1167825,1860102,,41.771660345,-87.6603626
8256025,HT489899,09/10/2011 09:00:00 AM,040XX W WILCOX ST,2027,NARCOTICS,POSS: CRACK,STREET,true,false,1115,,28,,18,1149482,1899030,,41.878858346,-87.726594936
8256026,HT489940,09/10/2011 02:30:00 AM,036XX N BROADWAY,0870,THEFT,POCKET-PICKING,SIDEWALK,false,false,2323,,46,,06,1170654,1924650,,41.948723961,-87.648104
8256028,HT489829,09/10/2011 07:30:00 AM,051XX S PAULINA ST,1320,CRIMINAL DAMAGE,TO VEHICLE,STREET,false,true,0932,,16,,14,1165881,1870585,,41.80046853,-87.667190956
8256029,HT489908,09/10/2011 09:00:00 AM,001XX S PULASKI RD,0460,BATTERY,SIMPLE,LIBRARY,false,false,1122,,28,,08B,1149746,1899192,,41.879297767,-87.725621359
8256030,HT489850,09/10/2011 04:00:00 AM,007XX S KEELER AVE,0810,THEFT,OVER $500,STREET,false,false,1132,,24,,06,1148508,1896245,,41.871234822,-87.730243163
8256036,HT489972,09/10/2011 08:30:00 AM,032XX W DEVON AVE,1320,CRIMINAL DAMAGE,TO VEHICLE,STREET,false,false,1711,,50,,14,1153371,1942241,,41.997356291,-87.711163663
8256038,HT489924,09/10/2011 09:25:00 AM,006XX S PULASKI RD,2850,PUBLIC PEACE VIOLATION,BOMB THREAT,CURRENCY EXCHANGE,false,false,1132,,24,,26,1149819,1897018,,41.873330646,-87.725409853
8256044,HT489974,09/10/2011 09:55:00 AM,012XX N PULASKI RD,1506,PROSTITUTION,SOLICIT ON PUBLIC WAY,SIDEWALK,true,false,2535,,27,,16,1149496,1907854,,41.903072069,-87.726314319
8256045,HT489980,09/10/2011 10:05:00 AM,046XX S DREXEL BLVD,0560,ASSAULT,SIMPLE,OTHER,true,false,2123,,4,,08A,1183100,1874503,,41.810836292,-87.60392204
8256046,HT489841,09/10/2011 01:00:00 AM,058XX S LA SALLE ST,0486,BATTERY,DOMESTIC BATTERY SIMPLE,APARTMENT,false,true,0233,,20,,08B,1176298,1866287,,41.788446509,-87.629117823
8256049,HT489877,09/10/2011 07:10:00 AM,057XX W GRAND AVE,0610,BURGLARY,FORCIBLE ENTRY,TAVERN/LIQUOR STORE,false,false,2515,,29,,05,1137804,1913712,,41.919366106,-87.769120387
8256050,HT489878,09/10/2011 08:45:00 AM,075XX S KINGSTON AVE,0497,BATTERY,AGGRAVATED DOMESTIC BATTERY: OTHER DANG WEAPON,APARTMENT,true,true,0421,,7,,04B,1194501,1855552,,41.758560412,-87.562728003
8256051,HT489874,09/10/2011 07:45:00 AM,110XX S AVENUE L,0486,BATTERY,DOMESTIC BATTERY SIMPLE,RESIDENCE,true,true,0433,,10,,08B,1201875,1832357,,41.694727195,-87.536490438
8256053,HT489970,09/10/2011 10:00:00 AM,020XX W 79TH ST,0860,THEFT,RETAIL THEFT,SMALL RETAIL STORE,false,false,0611,,18,,06,1164211,1852262,,41.750223119,-87.6738307
8256056,HT489785,09/10/2011 05:00:00 AM,023XX E 76TH ST,031A,ROBBERY,ARMED: HANDGUN,STREET,false,false,0414,,7,,03,1193276,1855032,,41.757163515,-87.567234418
8256058,HT489776,09/10/2011 05:00:00 AM,075XX S STEWART AVE,0430,BATTERY,AGGRAVATED: OTHER DANG WEAPON,STREET,false,true,0621,,17,,04B,1174932,1854934,,41.757323193,-87.634464678
8256060,HT489963,09/10/2011 10:05:00 AM,057XX S ARTESIAN AVE,1811,NARCOTICS,POSS: CANNABIS 30GMS OR LESS,SIDEWALK,true,false,0824,,16,,18,1161019,1866502,,41.789366258,-87.685134416
8256061,HT489907,09/10/2011 07:30:00 AM,076XX S COLFAX AVE,0890,THEFT,FROM BUILDING,ABANDONED BUILDING,false,false,0421,,7,,06,1194852,1854725,,41.756282427,-87.561468835
8256062,HT489817,09/10/2011 07:25:00 AM,072XX N CLARK ST,0860,THEFT,RETAIL THEFT,GAS STATION,false,false,2423,,49,,06,1163243,1947985,,42.012915394,-87.674685821
8256064,HT489997,09/10/2011 03:00:00 AM,021XX N KILPATRICK AVE,0890,THEFT,FROM BUILDING,RESIDENCE PORCH/HALLWAY,false,false,2522,,31,,06,1144710,1913631,,41.919016352,-87.743748561
8256070,HT489981,09/10/2011 12:01:00 AM,029XX S STATE ST,0460,BATTERY,SIMPLE,CHA PARKING LOT/GROUNDS,false,false,2113,,3,,08B,1176759,1885436,,41.840982682,-87.626850277
8256071,HT489862,09/10/2011 06:00:00 AM,021XX N MELVINA AVE,0486,BATTERY,DOMESTIC BATTERY SIMPLE,APARTMENT,false,true,2512,,29,,08B,1134729,1913546,,41.918965542,-87.780422469
8256072,HT489934,09/10/2011 02:00:00 AM,024XX W ARMITAGE AVE,0910,MOTOR VEHICLE THEFT,AUTOMOBILE,STREET,false,false,1431,,1,,07,1159966,1913212,,41.917565094,-87.687707689
8256073,HT489799,09/10/2011 01:00:00 AM,029XX N LAWNDALE AVE,031A,ROBBERY,ARMED: HANDGUN,PARKING LOT/GARAGE(NON.RESID.),false,false,2523,,30,,03,1151033,1919829,,41.935902559,-87.720354164
8256076,HT489982,09/10/2011 10:25:00 AM,016XX N MASON AVE,1811,NARCOTICS,POSS: CANNABIS 30GMS OR LESS,RESIDENTIAL YARD (FRONT/BACK),true,false,2531,,29,,18,1136498,1910388,,41.910268136,-87.773998531
8256078,HT489999,09/10/2011 03:00:00 AM,075XX S STEWART AVE,0820,THEFT,$500 AND UNDER,VEHICLE NON-COMMERCIAL,false,false,0621,,17,,06,1174929,1855043,,41.757622369,-87.634472427
8256079,HT490017,09/10/2011 11:00:00 AM,060XX S HERMITAGE AVE,1811,NARCOTICS,POSS: CANNABIS 30GMS OR LESS,SIDEWALK,true,false,0714,,15,,18,1165713,1864684,,41.784279035,-87.667974554
8256081,HT490016,09/10/2011 04:51:00 AM,002XX W GRAND AVE,1150,DECEPTIVE PRACTICE,CREDIT CARD FRAUD,ATM (AUTOMATIC TELLER MACHINE),false,false,1831,,42,,11,1174477,1903856,,41.891579621,-87.634674198
8256082,HT490034,09/10/2011 07:00:00 AM,008XX S FINANCIAL PL,0820,THEFT,$500 AND UNDER,STREET,false,false,0131,,2,,06,1175009,1896652,,41.871799513,-87.632936347
8256083,HT490049,09/10/2011 10:00:00 AM,049XX W ROOSEVELT RD,1320,CRIMINAL DAMAGE,TO VEHICLE,VEHICLE NON-COMMERCIAL,false,false,1533,,24,,14,1143821,1894253,,41.865857596,-87.747500996
8256086,HT490031,09/10/2011 11:00:00 AM,018XX N LOCKWOOD AVE,1811,NARCOTICS,POSS: CANNABIS 30GMS OR LESS,ALLEY,true,false,2532,,37,,18,1140772,1911674,,41.913719509,-87.758265616
8256087,HT489967,09/10/2011 10:02:00 AM,029XX W LOGAN BLVD,0460,BATTERY,SIMPLE,APARTMENT,false,false,1414,,35,,08B,1156172,1917143,,41.928429595,-87.701540582
8256088,HT489792,09/10/2011 06:52:00 AM,018XX S HAMLIN AVE,143A,WEAPONS VIOLATION,UNLAWFUL POSS OF HANDGUN,APARTMENT,true,false,1014,,24,,15,1151340,1890925,,41.856581054,-87.719985296
8256090,HT489913,09/10/2011 07:00:00 AM,012XX W 97TH ST,0910,MOTOR VEHICLE THEFT,AUTOMOBILE,STREET,false,false,2213,,21,,07,1169697,1840604,,41.718114756,-87.65406467
8256091,HT489832,09/10/2011 07:45:00 AM,032XX W DIVERSEY AVE,0486,BATTERY,DOMESTIC BATTERY SIMPLE,SIDEWALK,false,true,1412,,35,,08B,1154312,1918439,,41.932023326,-87.708340749
8256094,HT489894,09/10/2011 01:30:00 AM,010XX E 101ST ST,0910,MOTOR VEHICLE THEFT,AUTOMOBILE,STREET,false,false,0511,,8,,07,1184913,1838027,,41.710700211,-87.598415218
8256100,HT489958,09/10/2011 09:55:00 AM,062XX S SACRAMENTO AVE,0430,BATTERY,AGGRAVATED: OTHER DANG WEAPON,SIDEWALK,true,true,0823,,15,,04B,1157455,1863089,,41.780073492,-87.698294988
8256106,HT490025,09/10/2011 08:30:00 AM,050XX S ABERDEEN ST,0910,MOTOR VEHICLE THEFT,AUTOMOBILE,STREET,false,false,0921,,16,,07,1169837,1871403,,41.802628166,-87.652659314
8256107,HT490041,09/10/2011 11:00:00 AM,034XX W GRAND AVE,2023,NARCOTICS,POSS: HEROIN(BRN/TAN),SIDEWALK,true,false,1121,,27,,18,1153273,1906949,,41.900514486,-87.712464624
8256115,HT489886,09/10/2011 05:00:00 AM,036XX W DIVERSEY AVE,0910,MOTOR VEHICLE THEFT,AUTOMOBILE,STREET,false,false,2523,,35,,07,1151796,1918378,,41.931905893,-87.717588358
8256118,HT490081,09/10/2011 03:00:00 AM,019XX W MELROSE ST,0320,ROBBERY,STRONGARM - NO WEAPON,STREET,false,false,1924,,32,,03,1162740,1921591,,41.940499833,-87.677280393
8256122,HT490048,09/10/2011 11:00:00 AM,028XX N CICERO AVE,0560,ASSAULT,SIMPLE,SMALL RETAIL STORE,true,false,2521,,31,,08A,1143889,1918602,,41.93267272,-87.746640076
8256124,HT489793,09/10/2011 06:20:00 AM,022XX S MARSHALL BLVD,0486,BATTERY,DOMESTIC BATTERY SIMPLE,RESIDENCE,true,false,1033,,12,,08B,1157053,1888983,,41.851138091,-87.699068091
8256125,HT489838,09/10/2011 08:00:00 AM,053XX S LOWE AVE,0460,BATTERY,SIMPLE,RESIDENCE,false,false,0934,,3,,08B,1172874,1869404,,41.797076165,-87.641580341
8256126,HT490051,09/10/2011 10:27:00 AM,002XX W GARFIELD BLVD,1130,DECEPTIVE PRACTICE,FRAUD OR CONFIDENCE GAME,CTA PLATFORM,true,false,0934,,3,,11,1175647,1868500,,41.794533814,-87.631438536
8256128,HT490066,09/10/2011 11:06:00 AM,057XX S JUSTINE ST,1811,NARCOTICS,POSS: CANNABIS 30GMS OR LESS,SIDEWALK,true,false,0713,,16,,18,1166988,1866694,,41.789767552,-87.663242465
8256129,HT490074,09/10/2011 08:00:00 AM,045XX W CERMAK RD,0810,THEFT,OVER $500,WAREHOUSE,false,false,1012,,24,,06,1146455,1888990,,41.85136552,-87.737965279
8256130,HT489818,09/10/2011 01:00:00 AM,009XX W 50TH ST,1310,CRIMINAL DAMAGE,TO PROPERTY,RESIDENCE,false,false,0921,,20,,14,1170880,1871677,,41.803357322,-87.648826182
8256132,HT490084,09/10/2011 11:35:00 AM,008XX W 59TH ST,0560,ASSAULT,SIMPLE,SIDEWALK,false,true,0712,,16,,08A,1171897,1865732,,41.787021313,-87.645270878
8256134,HT489787,09/10/2011 05:00:00 AM,010XX S KEDZIE AVE,0486,BATTERY,DOMESTIC BATTERY SIMPLE,SIDEWALK,false,true,1134,,24,,08B,1155184,1895493,,41.869039928,-87.705753118
8256135,HT489937,09/10/2011 12:00:00 AM,035XX N CLARK ST,0870,THEFT,POCKET-PICKING,BAR OR TAVERN,false,false,1923,,44,,06,1168480,1923896,,41.94670237,-87.656117076
8256137,HT490021,09/10/2011 10:55:00 AM,051XX S WOOD ST,0820,THEFT,$500 AND UNDER,PARK PROPERTY,false,false,0932,,16,,06,1165214,1870708,,41.800820216,-87.669633576
8256138,HT489800,09/10/2011 06:15:00 AM,051XX S HONORE ST,0520,ASSAULT,AGGRAVATED:KNIFE/CUTTING INSTR,RESIDENCE PORCH/HALLWAY,false,false,0932,,16,,04A,1164886,1870588,,41.800497865,-87.670839857
8256143,HT489883,09/10/2011 08:15:00 AM,028XX W 36TH ST,0486,BATTERY,DOMESTIC BATTERY SIMPLE,RESIDENCE,false,true,0913,,12,,08B,1158123,1880654,,41.828260606,-87.695367999
8256147,HT489995,09/10/2011 10:00:00 AM,045XX W DIVISION ST,1310,CRIMINAL DAMAGE,TO PROPERTY,OTHER,false,false,1111,,37,,14,1145668,1907598,,41.902443046,-87.740381959
8256150,HT490105,09/10/2011 09:30:00 AM,009XX W 50TH PL,0890,THEFT,FROM BUILDING,RESIDENCE,false,false,0921,,20,,06,1170998,1871349,,41.802454676,-87.648403007
8256156,HT490026,09/10/2011 10:55:00 AM,054XX W MADISON ST,5011,OTHER OFFENSE,LICENSE VIOLATION,SIDEWALK,true,false,1522,,29,,26,1139929,1899485,,41.88028689,-87.761661062
8256158,HT489909,09/10/2011 08:47:00 AM,032XX W ADDISON ST,1220,DECEPTIVE PRACTICE,THEFT OF LOST/MISLAID PROP,VEHICLE NON-COMMERCIAL,true,false,1733,,33,,11,1154345,1923762,,41.94662937,-87.708076802
8256159,HT489969,09/10/2011 04:30:00 AM,022XX S WOLCOTT AVE,1320,CRIMINAL DAMAGE,TO VEHICLE,STREET,false,false,1034,,25,,14,1164056,1889017,,41.851086574,-87.673364565
8256160,HT489848,09/10/2011 08:00:00 AM,013XX S KILDARE AVE,1310,CRIMINAL DAMAGE,TO PROPERTY,APARTMENT,false,false,1011,,24,,14,1147934,1893350,,41.86330164,-87.732424951
8256161,HT490043,09/10/2011 11:00:00 AM,064XX W 63RD ST,0486,BATTERY,DOMESTIC BATTERY SIMPLE,STREET,false,true,0812,,23,,08B,1134700,1862056,,41.777669599,-87.781744142
8256163,HT490054,09/10/2011 11:00:00 AM,035XX W FIFTH AVE,0560,ASSAULT,SIMPLE,ALLEY,true,false,1133,,28,,08A,1152735,1898001,,41.875970933,-87.714677692
8256164,HT490125,09/10/2011 09:00:00 AM,019XX S WABASH AVE,0890,THEFT,FROM BUILDING,RESIDENCE-GARAGE,false,false,0132,,3,,06,1177061,1890983,,41.856197223,-87.625574295
8256166,HT490089,09/10/2011 11:20:00 AM,074XX S CAMPBELL AVE,1330,CRIMINAL TRESPASS,TO LAND,ABANDONED BUILDING,true,false,0835,,18,,26,1160995,1855353,,41.758772329,-87.685530347
8256167,HT490059,09/10/2011 11:18:00 AM,059XX S MAPLEWOOD AVE,1811,NARCOTICS,POSS: CANNABIS 30GMS OR LESS,RESIDENTIAL YARD (FRONT/BACK),true,false,0824,,16,,18,1160389,1865227,,41.785880496,-87.687479557
8256168,HT490037,09/10/2011 08:00:00 AM,005XX E GRAND AVE,0820,THEFT,$500 AND UNDER,OTHER,false,false,1834,,42,,06,1180186,1904024,,41.891911147,-87.61370278
8256172,HT490003,09/10/2011 10:20:00 AM,031XX S WENTWORTH AVE,0486,BATTERY,DOMESTIC BATTERY SIMPLE,SIDEWALK,false,true,0924,,11,,08B,1175471,1883995,,41.837057439,-87.631619928
8256174,HT490086,09/10/2011 02:41:00 AM,020XX W ROSCOE ST,1152,DECEPTIVE PRACTICE,ILLEGAL USE CASH CARD,ATM (AUTOMATIC TELLER MACHINE),false,false,1913,,32,,11,1162331,1922577,,41.943214053,-87.678755934
8256178,HT489959,09/10/2011 09:15:00 AM,048XX S PAULINA ST,1310,CRIMINAL DAMAGE,TO PROPERTY,STREET,false,true,0931,,20,,14,1165829,1872536,,41.805823408,-87.667326216
8256179,HT490009,09/10/2011 12:00:00 AM,037XX N BERNARD ST,1305,CRIMINAL DAMAGE,CRIMINAL DEFACEMENT,RESIDENCE-GARAGE,false,false,1732,,35,,14,1152725,1924607,,41.948980385,-87.714009021
8256181,HT490110,09/10/2011 11:31:00 AM,087XX S VINCENNES AVE,0820,THEFT,$500 AND UNDER,RESIDENTIAL YARD (FRONT/BACK),true,false,2222,,21,,06,1172005,1846917,,41.735388239,-87.645426564
8256182,HT489791,09/10/2011 06:15:00 AM,080XX S KINGSTON AVE,0820,THEFT,$500 AND UNDER,VACANT LOT/LAND,false,false,0422,,7,,06,1194582,1852026,,41.748882803,-87.562546923
8256183,HT489938,09/10/2011 09:25:00 AM,110XX S VERNON AVE,0460,BATTERY,SIMPLE,STREET,true,false,0513,,9,,08B,1181212,1831564,,41.693050759,-87.612167097
8256188,HT490118,09/10/2011 11:47:00 AM,022XX N LOWELL AVE,2825,OTHER OFFENSE,HARASSMENT BY TELEPHONE,APARTMENT,false,true,2522,,31,,26,1147016,1914564,,41.921532778,-87.735252065
8256189,HT489929,09/10/2011 09:30:00 AM,044XX W CORTEZ ST,0486,BATTERY,DOMESTIC BATTERY SIMPLE,APARTMENT,false,false,1111,,37,,08B,1146613,1906630,,41.899768774,-87.736935505
8256198,HT490170,09/10/2011 12:05:00 AM,008XX S LEAVITT ST,0820,THEFT,$500 AND UNDER,STREET,false,false,1224,,25,,06,1161849,1896281,,41.871065954,-87.68126225
8256200,HT490045,09/10/2011 11:00:00 AM,006XX N SPRINGFIELD AVE,0520,ASSAULT,AGGRAVATED:KNIFE/CUTTING INSTR,SIDEWALK,false,false,1122,,27,,04A,1150274,1904020,,41.892536041,-87.723556644
8256205,HT489836,09/10/2011 07:30:00 AM,071XX S EAST END AVE,0486,BATTERY,DOMESTIC BATTERY SIMPLE,APARTMENT,false,true,0324,,5,,08B,1188769,1857996,,41.76540594,-87.58365693
8256207,HT490157,09/10/2011 11:00:00 AM,031XX W 53RD PL,0560,ASSAULT,SIMPLE,RESIDENTIAL YARD (FRONT/BACK),false,false,0911,,14,,08A,1156380,1868987,,41.796280165,-87.702077374
8256208,HT489796,09/10/2011 06:35:00 AM,074XX S STATE ST,0560,ASSAULT,SIMPLE,GAS STATION,false,false,0323,,6,,08A,1177575,1855360,,41.758432859,-87.624765668
8256211,HT490147,09/10/2011 10:53:00 AM,123XX S PRINCETON AVE,1811,NARCOTICS,POSS: CANNABIS 30GMS OR LESS,RESIDENCE,true,false,0523,,34,,18,1176514,1823099,,41.669928149,-87.629620456
8256214,HT490044,09/10/2011 11:00:00 AM,073XX S DORCHESTER AVE,0486,BATTERY,DOMESTIC BATTERY SIMPLE,APARTMENT,false,true,0324,,5,,08B,1186810,1856646,,41.761748046,-87.590879885
8256215,HT490161,09/10/2011 12:05:00 PM,008XX N AVERS AVE,1811,NARCOTICS,POSS: CANNABIS 30GMS OR LESS,STREET,true,false,1112,,27,,18,1150572,1905267,,41.895952121,-87.722429595
8256216,HT490096,09/10/2011 11:12:00 AM,124XX S PERRY AVE,051A,ASSAULT,AGGRAVATED: HANDGUN,RESIDENTIAL YARD (FRONT/BACK),true,false,0523,,9,,04A,1177855,1822388,,41.667946898,-87.624733967
8256217,HT490008,09/10/2011 10:11:00 AM,061XX S DR MARTIN LUTHER KING JR DR,0486,BATTERY,DOMESTIC BATTERY SIMPLE,APARTMENT,false,true,0313,,20,,08B,1179976,1864308,,41.782932485,-87.61569264
8256218,HT490132,09/10/2011 12:00:00 PM,010XX W WINONA ST,1811,NARCOTICS,POSS: CANNABIS 30GMS OR LESS,STREET,true,false,2024,,46,,18,1168504,1934307,,41.975269996,-87.655726247
8256223,HT490211,09/10/2011 11:45:00 AM,057XX W MADISON ST,4650,OTHER OFFENSE,SEX OFFENDER: FAIL TO REGISTER,GOVERNMENT BUILDING/PROPERTY,true,false,1513,,29,,26,1138058,1899436,,41.880186421,-87.768532463
8256225,HT489893,09/10/2011 12:01:00 AM,055XX W CONGRESS PKWY,1320,CRIMINAL DAMAGE,TO VEHICLE,OTHER,false,false,1522,,29,,14,1139538,1897135,,41.87384532,-87.763154118
8256227,HT490117,09/10/2011 11:00:00 AM,010XX E 76TH ST,0560,ASSAULT,SIMPLE,CONVENIENCE STORE,true,false,0624,,8,,08A,1184291,1854826,,41.756813077,-87.60016902
8256231,HT490205,09/10/2011 12:55:00 PM,058XX W GRAND AVE,2024,NARCOTICS,POSS: HEROIN(WHITE),STREET,true,false,2515,,37,,18,1136936,1913920,,41.919952509,-87.772304586
8256232,HT489962,09/10/2011 09:30:00 AM,059XX W CHICAGO AVE,0320,ROBBERY,STRONGARM - NO WEAPON,STREET,false,false,1511,,29,,03,1136641,1904729,,41.894736579,-87.773608838
8256233,HT490194,09/10/2011 11:50:00 AM,052XX W ADAMS ST,1811,NARCOTICS,POSS: CANNABIS 30GMS OR LESS,SIDEWALK,true,false,1522,,29,,18,1141460,1898829,,41.87845862,-87.75605552
8256234,HT490077,09/10/2011 11:14:00 AM,019XX N CICERO AVE,0610,BURGLARY,FORCIBLE ENTRY,RESIDENCE-GARAGE,true,false,2533,,31,,05,1144092,1912388,,41.915617067,-87.746050462
8256236,HT489825,09/10/2011 07:30:00 AM,048XX W WELLINGTON AVE,0820,THEFT,$500 AND UNDER,VEHICLE NON-COMMERCIAL,false,false,2521,,31,,06,1143546,1919508,,41.935165306,-87.747877844
8256237,HT490062,09/10/2011 11:17:00 AM,038XX N CENTRAL PARK AVE,1310,CRIMINAL DAMAGE,TO PROPERTY,APARTMENT,true,false,1732,,35,,14,1151709,1925224,,41.950693564,-87.717727399
8256238,HT490001,09/10/2011 10:10:00 AM,045XX N BROADWAY,0320,ROBBERY,STRONGARM - NO WEAPON,SIDEWALK,false,false,2313,,46,,03,1168237,1930336,,41.96437924,-87.6568234
8256240,HT490197,09/10/2011 12:25:00 PM,002XX E 103RD ST,1330,CRIMINAL TRESPASS,TO LAND,GROCERY FOOD STORE,true,false,0512,,9,,26,1179531,1836723,,41.707246223,-87.618164684
8256244,HT490216,09/10/2011 02:00:00 AM,053XX S DAN RYAN XPRS IB,0910,MOTOR VEHICLE THEFT,AUTOMOBILE,STREET,false,false,0934,,3,,07,1175744,1869599,,41.797547406,-87.631049919
8256246,HT490188,09/10/2011 12:38:00 PM,069XX S PAULINA ST,2820,OTHER OFFENSE,TELEPHONE THREAT,RESIDENCE,false,true,0735,,17,,26,1166209,1858699,,41.767844874,-87.666326217
8256247,HT490203,09/10/2011 07:00:00 AM,068XX W GEORGE ST,0910,MOTOR VEHICLE THEFT,AUTOMOBILE,STREET,false,false,2511,,36,,07,1130166,1918516,,41.932683341,-87.797073557
8256249,HT490181,09/10/2011 12:23:00 PM,005XX W 72ND ST,1320,CRIMINAL DAMAGE,TO VEHICLE,PARK PROPERTY,false,false,0732,,17,,14,1174052,1857172,,41.763484107,-87.637623404
8256250,HT490213,09/10/2011 12:00:00 AM,060XX S CAMPBELL AVE,1320,CRIMINAL DAMAGE,TO VEHICLE,VEHICLE NON-COMMERCIAL,false,false,0825,,15,,14,1160737,1864613,,41.784188416,-87.686220557
8256252,HT490227,09/10/2011 01:00:00 PM,045XX S WOOD ST,1811,NARCOTICS,POSS: CANNABIS 30GMS OR LESS,STREET,true,false,0914,,20,,18,1165107,1874687,,41.811741323,-87.669913344
8256253,HT490047,09/10/2011 11:15:00 AM,026XX E 76TH ST,0460,BATTERY,SIMPLE,STREET,true,false,0421,,7,,08B,1194965,1855075,,41.75724007,-87.561043207
8256254,HT490247,09/10/2011 10:00:00 AM,039XX W JACKSON BLVD,1320,CRIMINAL DAMAGE,TO VEHICLE,DRIVEWAY - RESIDENTIAL,false,false,1122,,28,,14,1150271,1898399,,41.877111469,-87.723714312
8256259,HT490261,09/10/2011 01:00:00 PM,037XX N ST LOUIS AVE,0820,THEFT,$500 AND UNDER,STREET,false,false,1732,,35,,06,1152391,1924645,,41.949091276,-87.715235749
8256260,HT490207,09/10/2011 12:40:00 PM,069XX S DANTE AVE,0820,THEFT,$500 AND UNDER,VEHICLE NON-COMMERCIAL,false,false,0332,,5,,06,1187155,1859367,,41.769206534,-87.589529204
8256261,HT490129,09/10/2011 10:30:00 AM,057XX S HONORE ST,0610,BURGLARY,FORCIBLE ENTRY,RESIDENCE,false,false,0715,,15,,05,1164998,1866652,,41.789694629,-87.670540407
8256262,HT490067,09/10/2011 09:00:00 AM,066XX S PAULINA ST,0486,BATTERY,DOMESTIC BATTERY SIMPLE,RESIDENCE,false,true,0725,,15,,08B,1166140,1860714,,41.773375768,-87.666521871
8256263,HT490100,09/10/2011 11:39:00 AM,033XX W 62ND PL,0610,BURGLARY,FORCIBLE ENTRY,RESIDENCE,true,false,0823,,15,,05,1155281,1862991,,41.779848346,-87.706267892
8256264,HT490186,09/10/2011 12:15:00 PM,061XX S MORGAN ST,0486,BATTERY,DOMESTIC BATTERY SIMPLE,APARTMENT,true,true,0712,,16,,08B,1170697,1864117,,41.782615834,-87.649717805
8256266,HT490253,09/10/2011 12:39:00 PM,011XX W 18TH PL,0470,PUBLIC PEACE VIOLATION,RECKLESS CONDUCT,STREET,true,false,1233,,25,,24,1169328,1891325,,41.857307107,-87.653948229
8256267,HT490111,09/10/2011 11:45:00 AM,012XX S WABASH AVE,0860,THEFT,RETAIL THEFT,GROCERY FOOD STORE,true,false,0132,,2,,06,1176963,1894850,,41.866810739,-87.625817031
8256268,HT490150,09/10/2011 12:20:00 PM,0000X N WELLS ST,1330,CRIMINAL TRESPASS,TO LAND,CONVENIENCE STORE,true,false,0113,,42,,26,1174726,1900671,,41.882834231,-87.633855092
8256271,HT490279,09/10/2011 02:00:00 AM,020XX N LARRABEE ST,1320,CRIMINAL DAMAGE,TO VEHICLE,STREET,false,false,1812,,43,,14,1171939,1913891,,41.919172539,-87.643698735
8256272,HT490250,09/10/2011 01:14:00 PM,017XX N KILPATRICK AVE,2900,WEAPONS VIOLATION,UNLAWFUL USE/SALE AIR RIFLE,SIDEWALK,true,false,2533,,37,,15,1144787,1911094,,41.912053109,-87.743529754
8256273,HT490167,09/10/2011 09:20:00 AM,001XX N LONG AVE,0486,BATTERY,DOMESTIC BATTERY SIMPLE,RESIDENTIAL YARD (FRONT/BACK),false,true,1523,,28,,08B,1140311,1900620,,41.883394483,-87.760230548
8256276,HT490175,09/10/2011 12:44:00 PM,075XX N PAULINA AVE,0460,BATTERY,SIMPLE,CTA PLATFORM,true,false,2422,,49,,08B,1163690,1950023,,42.018498254,-87.672983233
8256284,HT490233,09/10/2011 01:08:00 PM,047XX W IRVING PARK RD,0860,THEFT,RETAIL THEFT,DEPARTMENT STORE,false,false,1722,,45,,06,1143937,1926169,,41.953436358,-87.746273229
8256285,HT490140,09/10/2011 06:30:00 AM,037XX N KEDZIE AVE,0620,BURGLARY,UNLAWFUL ENTRY,BAR OR TAVERN,false,false,1733,,33,,05,1154387,1924790,,41.949449432,-87.707894849
8256286,HT490287,09/10/2011 01:30:00 PM,0000X S LEAMINGTON AVE,1811,NARCOTICS,POSS: CANNABIS 30GMS OR LESS,SIDEWALK,true,false,1533,,28,,18,1142140,1899436,,41.880111727,-87.753543615
8256288,HT489770,09/10/2011 05:30:00 AM,057XX W DIVISION ST,0610,BURGLARY,FORCIBLE ENTRY,RESTAURANT,false,false,1511,,29,,05,1137663,1907413,,41.902083451,-87.769790506
8256289,HT489742,09/10/2011 04:50:00 AM,007XX S CICERO AVE,0460,BATTERY,SIMPLE,SIDEWALK,false,false,1533,,24,,08B,1144508,1896325,,41.871530533,-87.744926805
8256290,HT490093,09/10/2011 11:45:00 AM,051XX S INDIANA AVE,501A,OTHER OFFENSE,ANIMAL ABUSE/NEGLECT,RESIDENTIAL YARD (FRONT/BACK),true,false,0232,,3,,26,1178469,1871043,,41.801448349,-87.621013135
8256291,HT490306,09/10/2011 01:55:00 PM,055XX S JUSTINE ST,2024,NARCOTICS,POSS: HEROIN(WHITE),SIDEWALK,true,false,0713,,16,,18,1166954,1867959,,41.793239591,-87.663330985
8256293,HT490268,09/10/2011 01:45:00 PM,025XX S TRUMBULL AVE,1811,NARCOTICS,POSS: CANNABIS 30GMS OR LESS,SIDEWALK,true,false,1024,,22,,18,1153774,1886884,,41.845444016,-87.711158629
8256294,HT490276,09/10/2011 01:45:00 PM,050XX W CONCORD PL,1661,GAMBLING,GAME/DICE,SIDEWALK,true,false,2533,,37,,19,1142549,1910501,,41.910467789,-87.751766395
8256295,HT490232,09/10/2011 12:53:00 PM,025XX N MILWAUKEE AVE,0820,THEFT,$500 AND UNDER,SIDEWALK,true,false,1414,,35,,06,1155258,1916813,,41.927542481,-87.704908115
8256296,HT490162,09/10/2011 02:00:00 AM,081XX S PRAIRIE AVE,0890,THEFT,FROM BUILDING,RESIDENCE PORCH/HALLWAY,false,false,0631,,6,,06,1179449,1851037,,41.746527498,-87.618029386
8256297,HT490316,09/10/2011 02:10:00 PM,010XX N ST LOUIS AVE,1811,NARCOTICS,POSS: CANNABIS 30GMS OR LESS,SIDEWALK,true,false,1121,,27,,18,1152854,1906607,,41.899584317,-87.71401271
8256299,HT490298,09/10/2011 06:00:00 AM,007XX W MONROE ST,0820,THEFT,$500 AND UNDER,PARKING LOT/GARAGE(NON.RESID.),false,false,0111,,2,,06,1171735,1899804,,41.880521497,-87.644863603
8256300,HT490329,09/10/2011 01:15:00 PM,039XX N NORDICA AVE,1310,CRIMINAL DAMAGE,TO PROPERTY,STREET,false,true,1632,,38,,14,1128362,1925307,,41.951349422,-87.80354897
8256301,HT490153,09/10/2011 08:00:00 AM,073XX S MARSHFIELD AVE,2825,OTHER OFFENSE,HARASSMENT BY TELEPHONE,RESIDENCE,false,false,0735,,17,,26,1166615,1855988,,41.760396877,-87.664915259
8256302,HT490196,09/10/2011 12:46:00 PM,0000X N CLINTON ST,0460,BATTERY,SIMPLE,CTA BUS,false,false,0111,,42,,08B,1172727,1900420,,41.882189946,-87.641202862
8256303,HT490236,09/10/2011 01:20:00 PM,033XX W 16TH ST,1811,NARCOTICS,POSS: CANNABIS 30GMS OR LESS,SIDEWALK,true,false,1021,,24,,18,1154170,1891841,,41.859038718,-87.709573196
8256304,HT490238,09/10/2011 12:35:00 PM,0000X E HARRISON ST,0810,THEFT,OVER $500,SMALL RETAIL STORE,false,false,0132,,2,,06,1176547,1897606,,41.874382771,-87.627260977
8256305,HT490301,09/10/2011 01:45:00 PM,011XX N KEDZIE AVE,2023,NARCOTICS,POSS: HEROIN(BRN/TAN),SIDEWALK,true,false,1121,,26,,18,1154830,1907218,,41.901221584,-87.70673844
8256306,HT490259,09/10/2011 12:45:00 PM,041XX N MILWAUKEE AVE,1330,CRIMINAL TRESPASS,TO LAND,RESTAURANT,true,false,1624,,45,,26,1142839,1927019,,41.955789401,-87.750288365
8256308,HT489919,09/10/2011 09:15:00 AM,003XX E 107TH ST,051A,ASSAULT,AGGRAVATED: HANDGUN,RESIDENCE,true,true,0512,,9,,04A,1180368,1834085,,41.69998808,-87.615180167
8256309,HT489945,09/10/2011 08:45:00 AM,005XX W HARRISON ST,0810,THEFT,OVER $500,HOTEL/MOTEL,false,false,0131,,2,,06,1173059,1897584,,41.874400423,-87.640067886
8256311,HT490270,09/10/2011 01:35:00 PM,026XX N ELSTON AVE,0860,THEFT,RETAIL THEFT,DEPARTMENT STORE,true,false,1432,,1,,06,1160867,1917657,,41.929743818,-87.684273777
8256313,HT490307,09/10/2011 07:30:00 AM,041XX N WOLCOTT AVE,0910,MOTOR VEHICLE THEFT,AUTOMOBILE,STREET,false,false,1923,,47,,07,1162928,1927667,,41.957168744,-87.676418269
8256314,HT490334,09/10/2011 01:00:00 PM,060XX W EASTWOOD AVE,0820,THEFT,$500 AND UNDER,PARKING LOT/GARAGE(NON.RESID.),false,false,1622,,38,,06,1135074,1930235,,41.964755842,-87.778758179
8256321,HT490352,09/10/2011 02:30:00 PM,091XX S PAXTON AVE,1310,CRIMINAL DAMAGE,TO PROPERTY,RESIDENTIAL YARD (FRONT/BACK),false,false,0413,,7,,14,1192428,1844876,,41.729315241,-87.570672019
8256323,HT490325,09/10/2011 12:45:00 PM,028XX N CLARK ST,0560,ASSAULT,SIMPLE,SMALL RETAIL STORE,false,false,1932,,44,,08A,1171402,1919138,,41.933582379,-87.645517082
8256324,HT490323,09/10/2011 01:30:00 PM,046XX W IRVING PARK RD,0860,THEFT,RETAIL THEFT,GROCERY FOOD STORE,true,false,1722,,45,,06,1144295,1926174,,41.953443342,-87.744957048
8256325,HT490284,09/10/2011 01:30:00 PM,009XX N KEYSTONE AVE,0560,ASSAULT,SIMPLE,SIDEWALK,false,false,1111,,37,,08A,1149220,1905872,,41.897638613,-87.727379553
8256327,HT490340,09/10/2011 08:00:00 AM,088XX S DAUPHIN AVE,0910,MOTOR VEHICLE THEFT,AUTOMOBILE,STREET,false,false,0632,,8,,07,1183955,1846743,,41.73464032,-87.601652273
8256329,HT490338,09/10/2011 02:06:00 PM,003XX N LONG AVE,2820,OTHER OFFENSE,TELEPHONE THREAT,APARTMENT,false,false,1523,,28,,26,1140286,1901629,,41.886163765,-87.76029761
8256332,HT490327,09/10/2011 01:37:00 PM,026XX N MERRIMAC AVE,0460,BATTERY,SIMPLE,RESIDENTIAL YARD (FRONT/BACK),true,false,2512,,29,,08B,1134292,1916924,,41.928242892,-87.781948278
8256333,HT490305,09/10/2011 01:30:00 PM,040XX W MELROSE ST,0520,ASSAULT,AGGRAVATED:KNIFE/CUTTING INSTR,RESIDENCE PORCH/HALLWAY,true,false,1731,,31,,04A,1148942,1921305,,41.939993597,-87.728000517
8256334,HT490248,09/10/2011 01:15:00 PM,013XX E 47TH ST,0560,ASSAULT,SIMPLE,DRUG STORE,false,false,2123,,4,,08A,1185766,1874101,,41.809670667,-87.594156219
8256335,HT490242,09/10/2011 12:37:00 PM,031XX S MICHIGAN AVE,1130,DECEPTIVE PRACTICE,FRAUD OR CONFIDENCE GAME,GAS STATION,false,false,2112,,3,,11,1177699,1884310,,41.837871585,-87.623435005
8256336,HT490058,09/10/2011 10:35:00 AM,010XX E 54TH ST,0890,THEFT,FROM BUILDING,STREET,false,true,2131,,5,,06,1183982,1869811,,41.797940494,-87.600833657
8256337,HT490246,09/10/2011 07:00:00 AM,067XX S DAMEN AVE,0910,MOTOR VEHICLE THEFT,AUTOMOBILE,STREET,false,false,0726,,15,,07,1164183,1860143,,41.771850282,-87.673711855
8256340,HT490174,09/10/2011 11:30:00 AM,064XX S KEDZIE AVE,0820,THEFT,$500 AND UNDER,VEHICLE NON-COMMERCIAL,false,false,0823,,15,,06,1156155,1861929,,41.776916526,-87.703092193
8256341,HT490317,09/10/2011 12:46:00 PM,056XX W MADISON ST,5011,OTHER OFFENSE,LICENSE VIOLATION,SIDEWALK,true,false,1513,,29,,26,1138922,1899461,,41.880239378,-87.765359297
8256342,HT490219,09/10/2011 01:05:00 PM,049XX N MILWAUKEE AVE,1305,CRIMINAL DAMAGE,CRIMINAL DEFACEMENT,OTHER,true,false,1623,,45,,14,1139214,1932513,,41.970932334,-87.763480538
8256343,HT490384,09/10/2011 05:00:00 AM,022XX E 70TH ST,1320,CRIMINAL DAMAGE,TO VEHICLE,STREET,false,false,0331,,5,,14,1192250,1858984,,41.768033125,-87.570866099
8256345,HT490381,09/10/2011 07:30:00 AM,037XX W 111TH ST,0820,THEFT,$500 AND UNDER,STREET,false,false,2211,,19,,06,1153425,1830733,,41.691363714,-87.713923451
8256346,HT490346,09/10/2011 12:00:00 AM,023XX N KENMORE AVE,0910,MOTOR VEHICLE THEFT,AUTOMOBILE,STREET,false,false,1811,,32,,07,1168910,1915622,,41.923988796,-87.654777249
8256347,HT490357,09/10/2011 02:44:00 PM,063XX S EVANS AVE,1811,NARCOTICS,POSS: CANNABIS 30GMS OR LESS,SIDEWALK,true,false,0312,,20,,18,1182306,1863229,,41.779917929,-87.607183625
8256348,HT490359,09/10/2011 02:55:00 PM,062XX S PAULINA ST,1811,NARCOTICS,POSS: CANNABIS 30GMS OR LESS,SIDEWALK,true,false,0714,,15,,18,1166082,1863241,,41.780311417,-87.666662673
8256349,HT490349,09/10/2011 02:38:00 PM,004XX S STATE ST,1330,CRIMINAL TRESPASS,TO LAND,LIBRARY,true,false,0132,,2,,26,1176436,1898416,,41.876607964,-87.627644063
8256350,HT490360,09/10/2011 01:49:00 PM,064XX S CALUMET AVE,1320,CRIMINAL DAMAGE,TO VEHICLE,PARKING LOT/GARAGE(NON.RESID.),true,false,0312,,20,,14,1179564,1862305,,41.77744548,-87.617264301
8256357,HT490339,09/10/2011 02:00:00 PM,075XX S KINGSTON AVE,0486,BATTERY,DOMESTIC BATTERY SIMPLE,APARTMENT,false,true,0421,,7,,08B,1194502,1855525,,41.758486297,-87.562725225
8256359,HT490372,09/10/2011 01:30:00 PM,071XX S ALBANY AVE,0810,THEFT,OVER $500,STREET,false,false,0831,,18,,06,1156937,1857207,,41.763942885,-87.700352781
8256360,HT490421,09/10/2011 08:30:00 AM,087XX S EUCLID AVE,0620,BURGLARY,UNLAWFUL ENTRY,RESIDENCE-GARAGE,false,false,0412,,8,,05,1190703,1847326,,41.736080046,-87.576912158
8256362,HT490405,09/10/2011 09:00:00 AM,029XX N LUNA AVE,0820,THEFT,$500 AND UNDER,STREET,false,false,2514,,31,,06,1138863,1918944,,41.933704097,-87.765102032
8256366,HT490095,09/10/2011 11:30:00 AM,077XX S SOUTH CHICAGO AVE,1477,WEAPONS VIOLATION,RECKLESS FIREARM DISCHARGE,OTHER,false,false,0411,,5,,15,1187197,1853955,,41.754354518,-87.589546782
8256367,HT490299,09/10/2011 01:45:00 PM,032XX N LAKE SHORE DR,0430,BATTERY,AGGRAVATED: OTHER DANG WEAPON,OTHER,true,false,2332,,44,,04B,1173062,1921867,,41.941034149,-87.639335535
8256369,HT490415,09/10/2011 12:00:00 PM,004XX W LAKE ST,0820,THEFT,$500 AND UNDER,PARKING LOT/GARAGE(NON.RESID.),false,false,1212,,42,,06,1173245,1901710,,41.885718307,-87.639262472
8256370,HT490402,09/10/2011 01:00:00 PM,061XX S WESTERN AVE,0860,THEFT,RETAIL THEFT,DEPARTMENT STORE,true,false,0825,,15,,06,1161427,1863804,,41.781954133,-87.683713146
8256374,HT490439,09/10/2011 02:02:00 PM,0000X E RANDOLPH ST,0820,THEFT,$500 AND UNDER,SIDEWALK,false,false,0122,,42,,06,1177130,1901298,,41.884500646,-87.625008612
8256378,HT490432,09/10/2011 12:30:00 PM,004XX N CLARK ST,0890,THEFT,FROM BUILDING,RESTAURANT,true,false,1831,,42,,06,1175456,1903406,,41.890322866,-87.631092347
8256381,HT489547,09/10/2011 12:15:00 AM,024XX W WARREN BLVD,0460,BATTERY,SIMPLE,STREET,false,false,1332,,2,,08B,1160196,1900283,,41.88208211,-87.687220411
8256382,HT490277,09/10/2011 01:15:00 PM,017XX W 77TH ST,1710,OFFENSE INVOLVING CHILDREN,ENDANGERING LIFE/HEALTH CHILD,SIDEWALK,true,true,0611,,17,,26,1166148,1853636,,41.753952607,-87.666693629
8256385,HT490087,09/10/2011 11:15:00 AM,024XX W MARQUETTE RD,1310,CRIMINAL DAMAGE,TO PROPERTY,RESIDENCE,true,false,0832,,15,,14,1161088,1860156,,41.771950534,-87.685056838
8256386,HT490417,09/10/2011 02:40:00 PM,076XX S CICERO AVE,0860,THEFT,RETAIL THEFT,DEPARTMENT STORE,true,false,0833,,13,,06,1145727,1853720,,41.754592961,-87.741528537
8256388,HT490493,09/10/2011 02:00:00 AM,037XX W 58TH ST,0820,THEFT,$500 AND UNDER,STREET,false,false,0822,,14,,06,1152395,1865886,,41.787849932,-87.716772377
8256389,HT490385,09/10/2011 02:13:00 PM,091XX S MICHIGAN AVE,1661,GAMBLING,GAME/DICE,RESIDENTIAL YARD (FRONT/BACK),true,false,0634,,6,,19,1178754,1844478,,41.728544631,-87.620775003
8256392,HT490403,09/10/2011 02:50:00 PM,060XX S ARTESIAN AVE,0486,BATTERY,DOMESTIC BATTERY SIMPLE,APARTMENT,false,true,0825,,15,,08B,1161073,1864568,,41.784057985,-87.684989889
8256394,HT490466,09/10/2011 03:40:00 PM,057XX W MADISON ST,3710,INTERFERENCE WITH PUBLIC OFFICER,RESIST/OBSTRUCT/DISARM OFFICER,POLICE FACILITY/VEH PARKING LOT,true,false,1513,,29,,24,1138058,1899436,,41.880186421,-87.768532463
8256396,HT490419,09/10/2011 02:55:00 PM,027XX W FLOURNOY ST,2022,NARCOTICS,POSS: COCAINE,SIDEWALK,true,false,1135,,2,,18,1158228,1896921,,41.87289689,-87.694538793
8256398,HT490442,09/10/2011 10:00:00 AM,019XX W FULLERTON AVE,0910,MOTOR VEHICLE THEFT,AUTOMOBILE,VEHICLE NON-COMMERCIAL,false,false,1432,,32,,07,1162700,1915953,,41.92502966,-87.677585896
8256399,HT490427,09/10/2011 03:05:00 PM,047XX N BERNARD ST,1200,DECEPTIVE PRACTICE,STOLEN PROP: BUY/RECEIVE/POS.,SIDEWALK,true,false,1723,,33,,13,1152526,1931384,,41.967580878,-87.714560637
8256401,HT490434,09/10/2011 03:15:00 PM,004XX W 75TH ST,1811,NARCOTICS,POSS: CANNABIS 30GMS OR LESS,SIDEWALK,true,false,0621,,17,,18,1174746,1855203,,41.758065506,-87.635138337
8256402,HT490350,09/10/2011 02:15:00 PM,026XX S CALIFORNIA AVE,0460,BATTERY,SIMPLE,JAIL / LOCK-UP FACILITY,true,false,1033,,12,,08B,1158136,1886128,,41.843281635,-87.695171094
8256403,HT490438,09/10/2011 03:20:00 PM,013XX N HUDSON AVE,2027,NARCOTICS,POSS: CRACK,SIDEWALK,true,false,1821,,27,,18,1173068,1909520,,41.907153315,-87.639680572
8256404,HT490366,09/10/2011 06:00:00 AM,022XX W 71ST ST,0486,BATTERY,DOMESTIC BATTERY SIMPLE,RESIDENCE,false,true,0832,,18,,08B,1162502,1857540,,41.764742497,-87.679946378
8256406,HT490361,09/10/2011 02:20:00 PM,019XX W 71ST ST,0810,THEFT,OVER $500,STREET,false,false,0735,,17,,06,1164432,1857581,,41.764814559,-87.672871214
8256407,HT490222,09/10/2011 01:01:00 PM,021XX S TROY ST,0610,BURGLARY,FORCIBLE ENTRY,OTHER,true,false,1022,,24,,05,1155688,1889490,,41.852556914,-87.70406433
8256409,HT490108,09/10/2011 10:00:00 AM,026XX N PULASKI RD,1305,CRIMINAL DAMAGE,CRIMINAL DEFACEMENT,OTHER,false,false,2524,,30,,14,1149272,1917228,,41.928799559,-87.726893646
8256410,HT490477,09/10/2011 03:30:00 PM,014XX S HOMAN AVE,0820,THEFT,$500 AND UNDER,VEHICLE NON-COMMERCIAL,false,false,1021,,24,,06,1153931,1892933,,41.862040051,-87.71042141
8256413,HT490496,09/10/2011 04:20:00 PM,010XX W GRANVILLE AVE,0820,THEFT,$500 AND UNDER,TAXICAB,true,false,2433,,48,,06,1167871,1941340,,41.994582436,-87.657850021
8256415,HT490467,09/10/2011 02:30:00 PM,056XX S HOMAN AVE,0530,ASSAULT,AGGRAVATED: OTHER DANG WEAPON,ALLEY,false,false,0822,,14,,04A,1154671,1867112,,41.791169163,-87.708394447
8256416,HT490428,09/10/2011 03:30:00 PM,115XX S YALE AVE,0460,BATTERY,SIMPLE,RESIDENCE PORCH/HALLWAY,false,false,0522,,34,,08B,1176676,1828429,,41.684550865,-87.628868068
8256419,HT490502,09/10/2011 04:15:00 PM,016XX W 59TH ST,0860,THEFT,RETAIL THEFT,SMALL RETAIL STORE,true,false,0715,,15,,06,1166438,1865585,,41.786736065,-87.665290751
8256421,HT490523,09/10/2011 04:22:00 PM,042XX S COTTAGE GROVE AVE,1811,NARCOTICS,POSS: CANNABIS 30GMS OR LESS,PARKING LOT/GARAGE(NON.RESID.),true,false,0213,,4,,18,1182316,1876931,,41.817517134,-87.606722343
8256422,HT490409,09/10/2011 03:00:00 PM,014XX W 87TH ST,0860,THEFT,RETAIL THEFT,GROCERY FOOD STORE,true,false,2222,,21,,06,1168370,1847058,,41.73585412,-87.658739723
8256425,HT490472,09/10/2011 03:35:00 PM,074XX S VERNON AVE,3710,INTERFERENCE WITH PUBLIC OFFICER,RESIST/OBSTRUCT/DISARM OFFICER,STREET,true,false,0323,,6,,24,1180534,1855767,,41.759482319,-87.613908794
8256426,HT490487,09/10/2011 04:10:00 PM,048XX W FULTON ST,0460,BATTERY,SIMPLE,STREET,false,false,1532,,28,,08B,1144075,1901497,,41.885731267,-87.746386677
8256428,HT490533,09/10/2011 04:21:00 PM,003XX E 69TH ST,2024,NARCOTICS,POSS: HEROIN(WHITE),VACANT LOT/LAND,true,false,0322,,20,,18,1179909,1859349,,41.769326026,-87.616089918
8256429,HT490485,09/10/2011 04:20:00 PM,045XX N MARINE DR,0820,THEFT,$500 AND UNDER,SIDEWALK,false,false,2313,,46,,06,1170541,1930373,,41.964430539,-87.648351215
8256430,HT490534,09/10/2011 04:41:00 PM,063XX S ARTESIAN AVE,1661,GAMBLING,GAME/DICE,SIDEWALK,true,false,0825,,15,,19,1161127,1862600,,41.778656405,-87.684846319
8256432,HT490491,09/10/2011 04:05:00 PM,079XX S MORGAN ST,1811,NARCOTICS,POSS: CANNABIS 30GMS OR LESS,STREET,true,false,0612,,17,,18,1171024,1852187,,41.749871294,-87.648866987
8256433,HT490470,09/10/2011 03:46:00 PM,045XX N MAGNOLIA AVE,2027,NARCOTICS,POSS: CRACK,ALLEY,true,false,2311,,46,,18,1167102,1930222,,41.964090934,-87.660999742
8256434,HT490500,09/10/2011 03:05:00 PM,132XX S PRAIRIE AVE,2900,WEAPONS VIOLATION,UNLAWFUL USE/SALE AIR RIFLE,STREET,false,false,0533,,9,,15,1180350,1817670,,41.654943316,-87.615746643
8256435,HT490347,09/10/2011 04:00:00 AM,043XX N MONITOR AVE,0620,BURGLARY,UNLAWFUL ENTRY,RESIDENTIAL YARD (FRONT/BACK),false,false,1624,,38,,05,1136569,1928172,,41.959068089,-87.773310937
8256436,HT490391,09/10/2011 02:45:00 PM,008XX N MICHIGAN AVE,1330,CRIMINAL TRESPASS,TO LAND,OTHER,true,false,1833,,42,,26,1177339,1906234,,41.89804054,-87.624091323
8256439,HT490577,09/10/2011 05:08:00 PM,042XX N BROADWAY,1811,NARCOTICS,POSS: CANNABIS 30GMS OR LESS,SIDEWALK,true,false,2322,,46,,18,1169214,1928331,,41.95885623,-87.653289775
8256440,HT490506,09/10/2011 03:50:00 PM,056XX W CHICAGO AVE,1811,NARCOTICS,POSS: CANNABIS 30GMS OR LESS,SIDEWALK,true,false,1511,,29,,18,1138792,1904784,,41.894848727,-87.765707358
8256441,HT490514,09/10/2011 03:00:00 PM,0000X W 103RD PL,2825,OTHER OFFENSE,HARASSMENT BY TELEPHONE,APARTMENT,false,false,0512,,34,,26,1177828,1836342,,41.706239348,-87.624412527
8256442,HT490553,09/10/2011 04:30:00 PM,024XX N LOWELL AVE,1320,CRIMINAL DAMAGE,TO VEHICLE,ALLEY,false,false,2524,,31,,14,1146976,1915870,,41.925117332,-87.735365575
8256445,HT490513,09/10/2011 04:00:00 PM,006XX N PULASKI RD,0890,THEFT,FROM BUILDING,CTA GARAGE / OTHER PROPERTY,false,false,1111,,28,,06,1149603,1904210,,41.89307048,-87.726016035
8256449,HT490383,09/10/2011 02:26:00 PM,072XX S LANGLEY AVE,0530,ASSAULT,AGGRAVATED: OTHER DANG WEAPON,STREET,false,true,0323,,6,,04A,1182150,1857082,,41.763053575,-87.607945609
8256450,HT490544,09/10/2011 07:00:00 AM,014XX W EDGEWATER AVE,1320,CRIMINAL DAMAGE,TO VEHICLE,STREET,false,false,2013,,48,,14,1165652,1938317,,41.986334985,-87.666099117
8256455,HT490539,09/10/2011 10:30:00 AM,0000X S PEORIA ST,2825,OTHER OFFENSE,HARASSMENT BY TELEPHONE,RESTAURANT,false,false,1212,,2,,26,1170418,1900119,,41.881414769,-87.649690255
8256456,HT490585,09/10/2011 04:30:00 PM,090XX S LOOMIS ST,0910,MOTOR VEHICLE THEFT,AUTOMOBILE,STREET,true,false,2222,,21,,07,1168581,1844832,,41.729741111,-87.658030682
8256457,HT490600,09/10/2011 04:20:00 PM,061XX S TALMAN AVE,0486,BATTERY,DOMESTIC BATTERY SIMPLE,RESIDENCE,false,true,0825,,15,,08B,1159763,1863784,,41.781933585,-87.689814385
8256460,HT490241,09/10/2011 01:15:00 PM,047XX S UNION AVE,0486,BATTERY,DOMESTIC BATTERY SIMPLE,STREET,true,false,0935,,11,,08B,1172434,1873259,,41.80766439,-87.643080342
8256461,HT490208,09/10/2011 10:30:00 AM,046XX S MARSHFIELD AVE,0910,MOTOR VEHICLE THEFT,AUTOMOBILE,STREET,false,false,0914,,3,,07,1166123,1873942,,41.809675376,-87.666207907
8256462,HT490604,09/10/2011 05:25:00 PM,057XX W ADDISON ST,0560,ASSAULT,SIMPLE,ALLEY,false,false,1633,,38,,08A,1137407,1923356,,41.945837442,-87.770346365
8256463,HT490584,09/10/2011 05:00:00 PM,053XX W BERENICE AVE,0460,BATTERY,SIMPLE,RESIDENCE PORCH/HALLWAY,false,false,1634,,38,,08B,1140172,1925083,,41.950526209,-87.760140588
8256464,HT490543,09/10/2011 03:30:00 PM,045XX W DIVISION ST,0910,MOTOR VEHICLE THEFT,AUTOMOBILE,PARKING LOT/GARAGE(NON.RESID.),false,false,1111,,37,,07,1145668,1907598,,41.902443046,-87.740381959
8256466,HT490535,09/10/2011 04:39:00 PM,080XX S STEWART AVE,041A,BATTERY,AGGRAVATED: HANDGUN,SIDEWALK,false,false,0621,,17,,04B,1175019,1851721,,41.748504389,-87.634241517
8256467,HT490512,09/10/2011 04:10:00 PM,080XX S PERRY AVE,0486,BATTERY,DOMESTIC BATTERY SIMPLE,APARTMENT,true,true,0623,,17,,08B,1177006,1851667,,41.748311674,-87.626962114
8256471,HT490507,09/10/2011 03:36:00 PM,079XX S ABERDEEN ST,1477,WEAPONS VIOLATION,RECKLESS FIREARM DISCHARGE,STREET,false,false,0612,,17,,15,1170364,1852067,,41.74955638,-87.651288994
8256472,HT490431,09/10/2011 03:15:00 PM,080XX S MARSHFIELD AVE,0560,ASSAULT,SIMPLE,SIDEWALK,false,true,0611,,21,,08A,1166742,1851352,,41.74767234,-87.664581873
8256473,HT490587,09/10/2011 04:24:00 PM,030XX W MADISON ST,2170,NARCOTICS,POSSESSION OF DRUG EQUIPMENT,ALLEY,true,false,1124,,28,,18,1156079,1899864,,41.881016393,-87.702349369
8256474,HT490484,09/10/2011 03:57:00 PM,053XX W JACKSON BLVD,143A,WEAPONS VIOLATION,UNLAWFUL POSS OF HANDGUN,SIDEWALK,true,false,1522,,29,,15,1140780,1898151,,41.876610625,-87.758569041
8256475,HT490557,09/10/2011 04:12:00 PM,038XX W 14TH ST,2025,NARCOTICS,POSS: HALLUCINOGENS,RESIDENCE,true,false,1011,,24,,18,1150824,1893100,,41.862559612,-87.721822445
8256477,HT490579,09/10/2011 05:15:00 PM,080XX S SACRAMENTO AVE,0560,ASSAULT,SIMPLE,RESIDENCE,false,true,0835,,18,,08A,1157773,1851257,,41.747598234,-87.697449813
8256479,HT490441,09/10/2011 03:30:00 PM,040XX S MICHIGAN AVE,0560,ASSAULT,SIMPLE,CHA APARTMENT,false,false,0214,,3,,08A,1177825,1878282,,41.82132742,-87.623155514
8256480,HT490588,09/10/2011 04:30:00 PM,006XX S STATE ST,1210,DECEPTIVE PRACTICE,THEFT OF LABOR/SERVICES,CTA PLATFORM,true,false,0132,,2,,11,1176452,1897617,,41.8744151,-87.627609439
8256482,HT490560,09/10/2011 04:10:00 PM,019XX S HARDING AVE,143A,WEAPONS VIOLATION,UNLAWFUL POSS OF HANDGUN,APARTMENT,false,false,1014,,24,,15,1150365,1890181,,41.854558484,-87.723583488
8256484,HT490476,09/10/2011 03:35:00 PM,011XX S MOZART ST,143A,WEAPONS VIOLATION,UNLAWFUL POSS OF HANDGUN,ALLEY,true,false,1135,,28,,15,1157530,1895007,,41.867658906,-87.697153565
8256487,HT490526,09/10/2011 04:25:00 PM,011XX N LAWLER AVE,0320,ROBBERY,STRONGARM - NO WEAPON,SIDEWALK,false,false,1531,,37,,03,1142490,1907039,,41.900968771,-87.752069321
8256491,HT490571,09/10/2011 04:24:00 PM,063XX W FULLERTON AVE,0320,ROBBERY,STRONGARM - NO WEAPON,PARK PROPERTY,false,false,2512,,29,,03,1133552,1915261,,41.92369245,-87.784706661
8256493,HT490563,09/10/2011 04:30:00 PM,006XX S STATE ST,1210,DECEPTIVE PRACTICE,THEFT OF LABOR/SERVICES,CTA PLATFORM,true,false,0132,,2,,11,1176452,1897617,,41.8744151,-87.627609439
8256497,HT489687,09/10/2011 02:30:00 AM,061XX N SHERIDAN RD,0486,BATTERY,DOMESTIC BATTERY SIMPLE,APARTMENT,false,false,2433,,48,,08B,1168513,1941014,,41.993673966,-87.655497959
8256502,HT490524,09/10/2011 03:45:00 PM,067XX S MERRILL AVE,0430,BATTERY,AGGRAVATED: OTHER DANG WEAPON,SIDEWALK,false,false,0331,,5,,04B,1191707,1860613,,41.772516417,-87.572803609
8256504,HT490546,09/10/2011 04:17:00 PM,117XX S MARSHFIELD AVE,0860,THEFT,RETAIL THEFT,GROCERY FOOD STORE,true,false,2234,,34,,06,1167518,1826850,,41.680418426,-87.662437948
8256508,HT490550,09/10/2011 04:15:00 PM,0000X E 72ND ST,1320,CRIMINAL DAMAGE,TO VEHICLE,STREET,false,false,0323,,6,,14,1177640,1857281,,41.763702829,-87.624469434
8256511,HT490650,09/10/2011 03:00:00 PM,005XX S STATE ST,0820,THEFT,$500 AND UNDER,RESTAURANT,false,false,0132,,2,,06,1176446,1897944,,41.875312543,-87.627621596
8256514,HT490590,09/10/2011 02:10:00 PM,068XX S LANGLEY AVE,1477,WEAPONS VIOLATION,RECKLESS FIREARM DISCHARGE,RESIDENCE,false,false,0321,,6,,15,1182068,1859839,,41.770620956,-87.608160957
8256515,HT490445,09/10/2011 02:30:00 PM,005XX N ST CLAIR ST,0890,THEFT,FROM BUILDING,RESTAURANT,false,false,1834,,42,,06,1177743,1904070,,41.892093247,-87.622673321
8256516,HT490592,09/10/2011 02:10:00 PM,068XX S LANGLEY AVE,1477,WEAPONS VIOLATION,RECKLESS FIREARM DISCHARGE,RESIDENCE,false,false,0321,,6,,15,1182068,1859846,,41.770640164,-87.60816074
8256517,HT490637,09/10/2011 05:00:00 PM,051XX N MASON AVE,2820,OTHER OFFENSE,TELEPHONE THREAT,APARTMENT,false,false,1622,,45,,26,1135534,1933873,,41.97473067,-87.776979988
8256518,HT490648,09/10/2011 06:03:00 PM,032XX W 59TH ST,0560,ASSAULT,SIMPLE,SIDEWALK,true,false,0822,,14,,08A,1155631,1865316,,41.786221477,-87.704922437
8256521,HT490529,09/10/2011 04:10:00 PM,0000X E ROOSEVELT RD,1210,DECEPTIVE PRACTICE,THEFT OF LABOR/SERVICES,CTA PLATFORM,true,false,0132,,2,,11,1176818,1895074,,41.867428687,-87.626342565
8256522,HT490602,09/10/2011 03:30:00 AM,101XX S NORMAL AVE,0810,THEFT,OVER $500,RESIDENTIAL YARD (FRONT/BACK),false,false,2232,,9,,06,1174759,1837501,,41.709488593,-87.635616613
8256523,HT490638,09/10/2011 05:45:00 PM,015XX N STATE PKWY,1365,CRIMINAL TRESPASS,TO RESIDENCE,RESIDENTIAL YARD (FRONT/BACK),true,false,1824,,42,,26,1176004,1910713,,41.910361303,-87.6288595
8256524,HT490570,09/10/2011 04:35:00 PM,011XX N CLARK ST,0320,ROBBERY,STRONGARM - NO WEAPON,STREET,true,false,1824,,42,,03,1175338,1907721,,41.902166099,-87.631396045
8256529,HT490275,09/10/2011 12:30:00 PM,014XX W CARMEN AVE,1320,CRIMINAL DAMAGE,TO VEHICLE,PARKING LOT/GARAGE(NON.RESID.),false,false,2033,,46,,14,1165750,1933969,,41.974401843,-87.665863292
8256530,HT490674,09/10/2011 06:00:00 PM,062XX S INDIANA AVE,1320,CRIMINAL DAMAGE,TO VEHICLE,STREET,false,false,0311,,20,,14,1178696,1863783,,41.781521052,-87.620401442
8256532,HT490652,09/10/2011 04:30:00 PM,011XX W ERIE ST,2820,OTHER OFFENSE,TELEPHONE THREAT,RESIDENCE,false,false,1323,,27,,26,1168519,1904430,,41.893285756,-87.656538409
8256534,HT490671,09/10/2011 06:30:00 PM,019XX N WESTERN AVE,0560,ASSAULT,SIMPLE,CTA BUS STOP,true,false,1434,,1,,08A,1160053,1913029,,41.917061131,-87.687393113
8256536,HT490686,09/10/2011 06:40:00 PM,040XX W LAKE ST,1210,DECEPTIVE PRACTICE,THEFT OF LABOR/SERVICES,CTA PLATFORM,true,false,1114,,28,,11,1149512,1901446,,41.885487535,-87.726422045
8256537,HT490670,09/10/2011 06:30:00 PM,009XX E 81ST ST,1811,NARCOTICS,POSS: CANNABIS 30GMS OR LESS,SIDEWALK,true,false,0631,,8,,18,1183759,1851486,,41.747660197,-87.602222699
8256538,HT490691,09/10/2011 06:30:00 PM,011XX W 83RD ST,2826,OTHER OFFENSE,HARASSMENT BY ELECTRONIC MEANS,APARTMENT,false,true,0613,,21,,26,1169958,1849757,,41.743226248,-87.652843687
8256539,HT490460,09/10/2011 03:41:00 PM,071XX S HALSTED ST,0820,THEFT,$500 AND UNDER,GAS STATION,false,false,0733,,6,,06,1172199,1857618,,41.764748911,-87.644401916
8256540,HT490659,09/10/2011 06:07:00 PM,017XX E 73RD ST,502P,OTHER OFFENSE,FALSE/STOLEN/ALTERED TRP,STREET,true,false,0324,,8,,26,1188908,1856917,,41.762441745,-87.583181949
8256541,HT490580,09/10/2011 05:15:00 PM,058XX S ASHLAND AVE,0320,ROBBERY,STRONGARM - NO WEAPON,STREET,false,false,0715,,15,,03,1166666,1866178,,41.788358466,-87.664437865
8256542,HT490690,09/10/2011 06:30:00 PM,061XX S CHAMPLAIN AVE,0486,BATTERY,DOMESTIC BATTERY SIMPLE,APARTMENT,false,true,0313,,20,,08B,1181625,1864440,,41.78325678,-87.609642876
8256543,HT490510,09/10/2011 03:08:00 PM,069XX S ASHLAND AVE,0860,THEFT,RETAIL THEFT,SMALL RETAIL STORE,false,false,0735,,17,,06,1166879,1858694,,41.767816869,-87.663870502
8256551,HT490619,09/10/2011 05:50:00 PM,002XX N LA SALLE ST,0560,ASSAULT,SIMPLE,CTA PLATFORM,true,false,0113,,42,,08A,1175098,1901792,,41.885901992,-87.632455489
8256552,HT490673,09/10/2011 08:00:00 AM,067XX S EAST END AVE,1310,CRIMINAL DAMAGE,TO PROPERTY,APARTMENT,false,false,0332,,5,,14,1188697,1860555,,41.772429772,-87.583839095
8256553,HT490482,09/10/2011 03:50:00 PM,030XX N NARRAGANSETT AVE,1320,CRIMINAL DAMAGE,TO VEHICLE,VEHICLE NON-COMMERCIAL,false,true,2511,,36,,14,1133224,1919339,,41.93488871,-87.785816196
8256554,HT490616,09/10/2011 05:54:00 PM,001XX E 70TH ST,0820,THEFT,$500 AND UNDER,SIDEWALK,true,false,0322,,6,,06,1178481,1858637,,41.767404781,-87.62134587
8256555,HT490714,09/10/2011 01:30:00 AM,041XX W ADDISON ST,0620,BURGLARY,UNLAWFUL ENTRY,RESIDENCE,false,false,1731,,30,,05,1148339,1923613,,41.946338604,-87.730157061
8256556,HT490646,09/10/2011 05:44:00 PM,017XX N CLARK ST,0860,THEFT,RETAIL THEFT,GROCERY FOOD STORE,true,false,1814,,43,,06,1174717,1912135,,41.914292244,-87.633544772
8256557,HT490728,09/10/2011 06:30:00 PM,043XX W ADAMS ST,1320,CRIMINAL DAMAGE,TO VEHICLE,RESIDENTIAL YARD (FRONT/BACK),false,false,1115,,28,,14,1147402,1898657,,41.877874887,-87.734241933
8256558,HT490649,09/10/2011 06:10:00 PM,007XX N DEARBORN ST,0460,BATTERY,SIMPLE,RESIDENCE PORCH/HALLWAY,true,true,1832,,42,,08B,1175800,1905508,,41.896083132,-87.629765732
8256562,HT490682,09/10/2011 11:30:00 AM,016XX S WABASH AVE,1320,CRIMINAL DAMAGE,TO VEHICLE,STREET,false,false,0132,,3,,14,1177027,1892335,,41.85990797,-87.625658189
8256563,HT490447,09/10/2011 03:15:00 PM,005XX W ROOSEVELT RD,0860,THEFT,RETAIL THEFT,DEPARTMENT STORE,false,false,0131,,2,,06,1172744,1894970,,41.867234401,-87.641301791
8256564,HT490593,09/10/2011 04:50:00 PM,042XX W BELDEN AVE,0820,THEFT,$500 AND UNDER,STREET,false,false,2522,,31,,06,1147844,1914954,,41.922587088,-87.732199708
8256566,HT490521,09/10/2011 12:01:00 AM,015XX N KOLIN AVE,0810,THEFT,OVER $500,APARTMENT,false,false,2534,,37,,06,1147100,1909711,,41.908214056,-87.735067809
8256568,HT490630,09/10/2011 03:00:00 PM,013XX W GRENSHAW ST,1310,CRIMINAL DAMAGE,TO PROPERTY,RESIDENCE,false,false,1231,,2,,14,1167687,1895132,,41.867789309,-87.659861997
8256570,HT490723,09/10/2011 07:15:00 PM,008XX N STATE ST,1210,DECEPTIVE PRACTICE,THEFT OF LABOR/SERVICES,CTA PLATFORM,true,false,1832,,42,,11,1176223,1905805,,41.896888586,-87.628203192
8256571,HT490681,09/10/2011 06:30:00 PM,008XX N MICHIGAN AVE,0860,THEFT,RETAIL THEFT,DEPARTMENT STORE,true,false,1833,,42,,06,1177338,1906181,,41.897895128,-87.624096605
8256572,HT490653,09/10/2011 05:50:00 PM,005XX W SUPERIOR ST,0820,THEFT,$500 AND UNDER,STREET,false,false,1831,,42,,06,1172505,1905267,,41.895495322,-87.641874619
8256575,HT490494,09/10/2011 01:30:00 AM,002XX S WELLS ST,1220,DECEPTIVE PRACTICE,THEFT OF LOST/MISLAID PROP,CTA TRAIN,false,false,0112,,2,,11,1174763,1899355,,41.87922222,-87.633758619
8256580,HT490696,09/10/2011 06:11:00 PM,036XX W 79TH PL,0460,BATTERY,SIMPLE,ALLEY,false,false,0834,,18,,08B,1153570,1851640,,41.748733453,-87.71284091
8256582,HT490704,09/10/2011 05:30:00 PM,045XX W NORTH AVE,0860,THEFT,RETAIL THEFT,DEPARTMENT STORE,true,false,2533,,37,,06,1145953,1910249,,41.90971226,-87.73926766
8256583,HT490705,09/10/2011 07:10:00 PM,006XX W 115TH ST,2024,NARCOTICS,POSS: HEROIN(WHITE),SIDEWALK,true,false,0524,,34,,18,1173890,1828613,,41.685117853,-87.639061368
8256585,HT490310,09/10/2011 12:00:00 PM,038XX W BELMONT AVE,0890,THEFT,FROM BUILDING,RESTAURANT,false,false,2523,,30,,06,1150414,1921008,,41.939149955,-87.722598187
8256586,HT490440,09/10/2011 02:45:00 PM,003XX E 132ND ST,0430,BATTERY,AGGRAVATED: OTHER DANG WEAPON,STREET,false,false,0533,,9,,04B,1180788,1817919,,41.655616595,-87.614136394
8256588,HT490629,09/10/2011 05:50:00 PM,075XX S HALSTED ST,1811,NARCOTICS,POSS: CANNABIS 30GMS OR LESS,STREET,true,false,0621,,17,,18,1172274,1854804,,41.757025297,-87.644209647
8256590,HT490709,09/10/2011 07:00:00 PM,018XX N CLYBOURN AVE,0810,THEFT,OVER $500,PARKING LOT/GARAGE(NON.RESID.),false,false,1811,,32,,06,1169032,1912141,,41.914434094,-87.654430232
8256592,HT490666,09/10/2011 06:15:00 PM,001XX N PARKSIDE AVE,0486,BATTERY,DOMESTIC BATTERY SIMPLE,RESIDENCE,false,true,1512,,29,,08B,1138576,1900472,,41.88301997,-87.766605275
8256594,HT490611,09/10/2011 05:45:00 PM,058XX W CHICAGO AVE,0860,THEFT,RETAIL THEFT,GROCERY FOOD STORE,false,false,1511,,29,,06,1137276,1904745,,41.894769094,-87.771276238
8256595,HT490684,09/10/2011 06:15:00 PM,0000X E 121ST ST,0460,BATTERY,SIMPLE,SIDEWALK,false,false,0532,,9,,08B,1178757,1824716,,41.674314888,-87.621362476
8256597,HT490615,09/10/2011 05:45:00 PM,122XX S ELIZABETH ST,0486,BATTERY,DOMESTIC BATTERY SIMPLE,RESIDENCE,false,true,0524,,34,,08B,1170216,1823546,,41.671293614,-87.652657494
8256598,HT490313,09/10/2011 01:15:00 PM,037XX W GRAND AVE,0620,BURGLARY,UNLAWFUL ENTRY,RESIDENCE,false,false,2535,,27,,05,1151107,1908119,,41.903767821,-87.720389799
8256600,HT490640,09/10/2011 12:10:00 PM,056XX S ABERDEEN ST,0610,BURGLARY,FORCIBLE ENTRY,RESIDENCE,false,false,0712,,16,,05,1169945,1867389,,41.791610956,-87.652379846
8256601,HT490633,09/10/2011 12:10:00 PM,056XX S ABERDEEN ST,0610,BURGLARY,FORCIBLE ENTRY,RESIDENCE,false,false,0712,,16,,05,1169945,1867389,,41.791610956,-87.652379846
8256602,HT489669,09/10/2011 02:20:00 AM,066XX S CHAMPLAIN AVE,041A,BATTERY,AGGRAVATED: HANDGUN,RESIDENCE PORCH/HALLWAY,false,false,0321,,20,,04B,1181708,1861107,,41.774108794,-87.609441441
8256603,HT490735,09/10/2011 05:45:00 PM,044XX W THOMAS ST,1365,CRIMINAL TRESPASS,TO RESIDENCE,APARTMENT,true,false,1111,,37,,26,1146529,1906957,,41.900667699,-87.737235695
8256605,HT490667,09/10/2011 06:45:00 PM,014XX S KOLIN AVE,1661,GAMBLING,GAME/DICE,PARK PROPERTY,true,false,1011,,24,,19,1147619,1892689,,41.861493819,-87.733598253
8256606,HT490724,09/10/2011 07:00:00 PM,065XX S WESTERN AVE,0890,THEFT,FROM BUILDING,SMALL RETAIL STORE,false,false,0832,,15,,06,1161495,1861317,,41.775128052,-87.683532739
8256607,HT490754,09/10/2011 07:40:00 PM,062XX S ARTESIAN AVE,143A,WEAPONS VIOLATION,UNLAWFUL POSS OF HANDGUN,SIDEWALK,true,false,0825,,15,,15,1161108,1863305,,41.780591416,-87.684896485
8256608,HT490749,09/10/2011 06:15:00 PM,076XX S CICERO AVE,0820,THEFT,$500 AND UNDER,PARKING LOT/GARAGE(NON.RESID.),false,false,0833,,13,,06,1145727,1853720,,41.754592961,-87.741528537
8256609,HT490777,09/10/2011 07:50:00 PM,067XX S WINCHESTER AVE,0460,BATTERY,SIMPLE,SIDEWALK,false,false,0726,,15,,08B,1164518,1859979,,41.771393186,-87.672488467
8256610,HT490743,09/10/2011 05:00:00 PM,058XX S FAIRFIELD AVE,0486,BATTERY,DOMESTIC BATTERY SIMPLE,APARTMENT,false,false,0824,,16,,08B,1159041,1865785,,41.787439405,-87.692406755
8256612,HT490792,09/10/2011 06:45:00 PM,080XX S CICERO AVE,0820,THEFT,$500 AND UNDER,SMALL RETAIL STORE,false,false,0834,,13,,06,1145821,1850700,,41.746303759,-87.741260209
8256613,HT490720,09/10/2011 07:07:00 PM,028XX S ST LOUIS AVE,0530,ASSAULT,AGGRAVATED: OTHER DANG WEAPON,RESIDENCE,true,true,1032,,22,,04A,1153495,1884940,,41.840114984,-87.712234129
8256615,HT490765,09/10/2011 07:30:00 PM,121XX S INDIANA AVE,0890,THEFT,FROM BUILDING,APARTMENT,false,true,0532,,9,,06,1179768,1824321,,41.673207966,-87.617674109
8256616,HT490581,09/10/2011 03:30:00 PM,018XX S HAMLIN AVE,0560,ASSAULT,SIMPLE,APARTMENT,false,false,1014,,24,,08A,1151340,1890925,,41.856581054,-87.719985296
8256617,HT490454,09/10/2011 07:30:00 AM,003XX E OHIO ST,0820,THEFT,$500 AND UNDER,PARKING LOT/GARAGE(NON.RESID.),false,false,1834,,42,,06,1178915,1904276,,41.892631803,-87.618362824
8256621,HT490812,09/10/2011 08:15:00 PM,051XX W ST PAUL AVE,0610,BURGLARY,FORCIBLE ENTRY,RESIDENCE-GARAGE,false,false,2533,,37,,05,1141972,1911154,,41.912270409,-87.753869895
8256622,HT490727,09/10/2011 06:40:00 PM,011XX W MORSE AVE,1811,NARCOTICS,POSS: CANNABIS 30GMS OR LESS,STREET,true,false,2431,,49,,18,1167274,1946228,,42.008008097,-87.65990463
8256623,HT490775,09/10/2011 06:00:00 PM,070XX W DIVERSEY AVE,0486,BATTERY,DOMESTIC BATTERY SIMPLE,RESIDENCE,true,true,2511,,36,,08B,1128868,1917825,,41.930809331,-87.801859414
8256624,HT490772,09/10/2011 07:50:00 PM,021XX E 68TH ST,0820,THEFT,$500 AND UNDER,APARTMENT,false,true,0331,,5,,06,1191597,1860303,,41.771668422,-87.573216874
8256625,HT490756,09/10/2011 07:00:00 PM,006XX N MICHIGAN AVE,0460,BATTERY,SIMPLE,STREET,false,true,1834,,42,,08B,1177308,1904958,,41.894539838,-87.624243916
8256627,HT490737,09/10/2011 06:00:00 PM,020XX W FARGO AVE,0560,ASSAULT,SIMPLE,SIDEWALK,false,false,2424,,49,,08A,1161236,1949268,,42.016478113,-87.682034674
8256629,HT490788,09/10/2011 11:30:00 AM,001XX E WACKER DR,0890,THEFT,FROM BUILDING,HOTEL/MOTEL,false,false,0124,,42,,06,1177683,1902638,,41.888165132,-87.622937212
8256630,HT490715,09/10/2011 06:06:00 PM,015XX W 76TH ST,2024,NARCOTICS,POSS: HEROIN(WHITE),STREET,true,false,0612,,17,,18,1167325,1854330,,41.755831931,-87.662360479
8256631,HT490760,09/10/2011 07:47:00 PM,023XX E 93RD ST,0920,MOTOR VEHICLE THEFT,ATT: AUTOMOBILE,PARKING LOT/GARAGE(NON.RESID.),false,false,0413,,7,,07,1193360,1843756,,41.726219145,-87.567294437
8256633,HT490779,09/10/2011 07:30:00 PM,062XX S DR MARTIN LUTHER KING JR DR,0560,ASSAULT,SIMPLE,RESIDENTIAL YARD (FRONT/BACK),true,false,0311,,20,,08A,1179989,1863814,,41.781576603,-87.615660095
8256634,HT490814,09/10/2011 07:30:00 PM,039XX W MONROE ST,2027,NARCOTICS,POSS: CRACK,APARTMENT,true,false,1122,,28,,18,1150219,1899373,,41.879785247,-87.723879847
8256635,HT490767,09/10/2011 07:45:00 PM,008XX N STATE ST,1210,DECEPTIVE PRACTICE,THEFT OF LABOR/SERVICES,CTA PLATFORM,true,false,1832,,42,,11,1176223,1905805,,41.896888586,-87.628203192
8256637,HT490785,09/10/2011 12:30:00 AM,049XX W WALTON ST,0620,BURGLARY,UNLAWFUL ENTRY,APARTMENT,false,false,1531,,37,,05,1143345,1905860,,41.897717521,-87.7489583
8256638,HT490787,09/10/2011 07:50:00 PM,064XX S HONORE ST,2023,NARCOTICS,POSS: HEROIN(BRN/TAN),STREET,true,false,0726,,15,,18,1165120,1861941,,41.77676446,-87.670226282
8256639,HT490832,09/10/2011 08:30:00 PM,024XX W 71ST ST,1811,NARCOTICS,POSS: CANNABIS 30GMS OR LESS,SIDEWALK,true,false,0832,,15,,18,1161127,1857503,,41.764669515,-87.684987183
8256640,HT490802,09/10/2011 07:10:00 PM,044XX W MONROE ST,2024,NARCOTICS,POSS: HEROIN(WHITE),STREET,true,false,1113,,28,,18,1146897,1899296,,41.879638036,-87.736079859
8256641,HT490677,09/10/2011 04:55:00 PM,001XX N STATE ST,0860,THEFT,RETAIL THEFT,DEPARTMENT STORE,true,false,0122,,42,,06,1176352,1900927,,41.883500187,-87.627876698
8256642,HT490778,09/10/2011 07:45:00 PM,0000X N STATE ST,0860,THEFT,RETAIL THEFT,DEPARTMENT STORE,true,false,0122,,42,,06,1176365,1900502,,41.88233367,-87.627841791
8256643,HT490809,09/10/2011 07:55:00 PM,086XX S DREXEL AVE,0486,BATTERY,DOMESTIC BATTERY SIMPLE,STREET,false,true,0632,,8,,08B,1183731,1847983,,41.73804824,-87.602434323
8256644,HT490746,09/10/2011 07:14:00 PM,083XX S SAGINAW AVE,0420,BATTERY,AGGRAVATED:KNIFE/CUTTING INSTR,STREET,false,false,0423,,7,,04B,1195282,1850285,,41.744088125,-87.560039248
8256645,HT490744,09/10/2011 07:00:00 PM,048XX S ASHLAND AVE,0313,ROBBERY,ARMED: OTHER DANGEROUS WEAPON,STREET,false,false,0931,,20,,03,1166486,1872725,,41.80632805,-87.664911196
8256646,HT490676,09/10/2011 04:45:00 PM,001XX N STATE ST,0860,THEFT,RETAIL THEFT,DEPARTMENT STORE,true,false,0122,,42,,06,1176352,1900927,,41.883500187,-87.627876698
8256647,HT490820,09/10/2011 03:00:00 PM,0000X E 36TH PL,0910,MOTOR VEHICLE THEFT,AUTOMOBILE,STREET,false,false,0211,,3,,07,1177486,1880981,,41.828741379,-87.624317417
8256648,HT490806,09/10/2011 04:00:00 PM,084XX S COLFAX AVE,0320,ROBBERY,STRONGARM - NO WEAPON,RESIDENCE,false,false,0423,,7,,03,1194965,1849580,,41.742161358,-87.561223921
8256649,HT490816,09/10/2011 07:45:00 PM,099XX S YATES AVE,0560,ASSAULT,SIMPLE,RESIDENTIAL YARD (FRONT/BACK),false,false,0431,,7,,08A,1194134,1839495,,41.714507621,-87.564598637
8256651,HT490781,09/10/2011 05:27:00 PM,026XX W ADAMS ST,3710,INTERFERENCE WITH PUBLIC OFFICER,RESIST/OBSTRUCT/DISARM OFFICER,RESIDENCE PORCH/HALLWAY,true,false,1125,,2,,24,1158791,1898926,,41.878387286,-87.692416783
8256652,HT490443,09/10/2011 03:29:00 PM,092XX S BLACKSTONE AVE,051A,ASSAULT,AGGRAVATED: HANDGUN,STREET,false,false,0413,,8,,04A,1187728,1844037,,41.727125922,-87.587915691
8256653,HT490768,09/10/2011 07:33:00 PM,008XX N STATE ST,1210,DECEPTIVE PRACTICE,THEFT OF LABOR/SERVICES,CTA PLATFORM,true,false,1832,,42,,11,1176223,1905805,,41.896888586,-87.628203192
8256654,HT490847,09/10/2011 06:00:00 PM,008XX N MICHIGAN AVE,0870,THEFT,POCKET-PICKING,STREET,false,false,1833,,42,,06,1177338,1906160,,41.897837503,-87.624097243
8256656,HT490819,09/10/2011 08:24:00 PM,012XX E 72ND ST,1811,NARCOTICS,POSS: CANNABIS 30GMS OR LESS,STREET,true,false,0324,,5,,18,1185571,1857516,,41.764164663,-87.595393536
8256658,HT490813,09/10/2011 07:59:00 PM,037XX W 71ST ST,0320,ROBBERY,STRONGARM - NO WEAPON,SIDEWALK,false,false,0833,,13,,03,1152472,1857260,,41.764177323,-87.716716826
8256659,HT490562,09/10/2011 02:30:00 PM,015XX N CENTRAL AVE,1305,CRIMINAL DAMAGE,CRIMINAL DEFACEMENT,RESIDENCE-GARAGE,false,false,2531,,29,,14,1138714,1909693,,41.908321032,-87.765874575
8256660,HT490798,09/10/2011 07:50:00 PM,009XX E 42ND PL,1811,NARCOTICS,POSS: CANNABIS 30GMS OR LESS,SIDEWALK,true,false,2123,,4,,18,1183164,1877108,,41.817983115,-87.603606159
8256661,HT490830,09/10/2011 07:23:00 PM,046XX N HERMITAGE AVE,0620,BURGLARY,UNLAWFUL ENTRY,RESIDENCE,false,false,1922,,47,,05,1163963,1930839,,41.965851017,-87.672523375
8256662,HT490850,09/10/2011 04:30:00 PM,025XX N CLARK ST,1150,DECEPTIVE PRACTICE,CREDIT CARD FRAUD,SMALL RETAIL STORE,false,false,2333,,43,,11,1172292,1917346,,41.928645417,-87.642299484
8256665,HT490689,09/10/2011 06:48:00 PM,067XX S BLACKSTONE AVE,041A,BATTERY,AGGRAVATED: HANDGUN,SIDEWALK,false,false,0332,,5,,04B,1187364,1860449,,41.772170673,-87.588728782
8256666,HT490871,09/10/2011 05:30:00 PM,017XX E 86TH PL,1310,CRIMINAL DAMAGE,TO PROPERTY,RESIDENCE,false,false,0412,,8,,14,1189357,1847969,,41.737876858,-87.581822774
8256667,HT490867,09/10/2011 08:10:00 PM,040XX W 26TH ST,0470,PUBLIC PEACE VIOLATION,RECKLESS CONDUCT,PARKING LOT/GARAGE(NON.RESID.),true,false,1013,,22,,24,1149758,1886414,,41.844233168,-87.725909252
8256670,HT489755,09/10/2011 04:45:00 AM,092XX S DOBSON AVE,0820,THEFT,$500 AND UNDER,SIDEWALK,false,false,0413,,8,,06,1184829,1843985,,41.727051627,-87.598536614
8256671,HT490518,09/10/2011 03:45:00 PM,074XX S STONY ISLAND AVE,0910,MOTOR VEHICLE THEFT,AUTOMOBILE,GAS STATION,false,false,0324,,5,,07,1188107,1855775,,41.759327126,-87.586154041
8256672,HT490030,09/10/2011 01:45:00 AM,116XX S DOTY AVE W,0460,BATTERY,SIMPLE,PARKING LOT/GARAGE(NON.RESID.),false,false,0532,,9,,08B,1183975,1827711,,41.682413685,-87.602171032
8256674,HT490800,09/10/2011 08:00:00 PM,046XX W BELMONT AVE,0860,THEFT,RETAIL THEFT,GROCERY FOOD STORE,true,false,1731,,30,,06,1144934,1920872,,41.938882125,-87.742742299
8256676,HT490857,09/10/2011 08:30:00 PM,005XX S STATE ST,0460,BATTERY,SIMPLE,CONVENIENCE STORE,true,false,0132,,2,,08B,1176447,1897923,,41.875254895,-87.627618559
8256677,HT490861,09/10/2011 08:32:00 PM,021XX S ALBANY AVE,2027,NARCOTICS,POSS: CRACK,APARTMENT,true,false,1022,,24,,18,1156015,1889710,,41.853154037,-87.702858207
8256679,HT490849,09/10/2011 08:53:00 PM,017XX W 43RD ST,2022,NARCOTICS,POSS: COCAINE,SIDEWALK,true,false,0914,,12,,18,1165645,1876187,,41.815846078,-87.667897375
8256681,HT490844,09/10/2011 08:06:00 PM,059XX W DIVISION ST,1811,NARCOTICS,POSS: CANNABIS 30GMS OR LESS,STREET,true,false,1511,,29,,18,1136597,1907384,,41.902023021,-87.773706834
8256682,HT490492,09/10/2011 04:00:00 PM,004XX S STATE ST,0820,THEFT,$500 AND UNDER,PARK PROPERTY,false,false,0132,,2,,06,1176437,1898392,,41.876542084,-87.627641116
8256683,HT490875,09/10/2011 08:20:00 PM,120XX S PERRY AVE,1811,NARCOTICS,POSS: CANNABIS 30GMS OR LESS,SIDEWALK,true,false,0523,,9,,18,1177763,1825119,,41.675443263,-87.624988506
8256684,HT490745,09/10/2011 07:01:00 PM,0000X E 75TH ST,1811,NARCOTICS,POSS: CANNABIS 30GMS OR LESS,RESIDENCE PORCH/HALLWAY,true,false,0623,,6,,18,1178191,1855307,,41.758273476,-87.622509699
8256685,HT490699,09/10/2011 06:45:00 PM,019XX W 79TH ST,0820,THEFT,$500 AND UNDER,CTA BUS,false,false,0611,,18,,06,1164980,1852281,,41.750259049,-87.671012192
8256686,HT490769,09/10/2011 05:53:00 PM,019XX S WESTERN AVE,0460,BATTERY,SIMPLE,ALLEY,false,false,1223,,25,,08B,1160674,1890593,,41.855481936,-87.685733628
8256687,HT490870,09/10/2011 08:51:00 PM,054XX W SCHUBERT AVE,1811,NARCOTICS,POSS: CANNABIS 30GMS OR LESS,RESIDENTIAL YARD (FRONT/BACK),true,false,2514,,30,,18,1139722,1917420,,41.929506415,-87.761982522
8256688,HT490710,09/10/2011 02:00:00 PM,022XX W HARRISON ST,0820,THEFT,$500 AND UNDER,PARKING LOT/GARAGE(NON.RESID.),true,false,1211,,2,,06,1161456,1897327,,41.873944458,-87.682675985
8256690,HT490852,09/10/2011 08:31:00 PM,046XX W NORTH AVE,0860,THEFT,RETAIL THEFT,DEPARTMENT STORE,false,false,2533,,37,,06,1145011,1910225,,41.909664252,-87.742728815
8256691,HT490783,09/10/2011 07:45:00 PM,015XX W LAKE ST,1563,SEX OFFENSE,CRIMINAL SEXUAL ABUSE,SIDEWALK,true,false,1224,,27,,17,1165955,1901518,,41.885350122,-87.66603818
8256692,HT490839,09/10/2011 08:00:00 PM,017XX N MANGO AVE,0560,ASSAULT,SIMPLE,STREET,false,true,2531,,29,,08A,1137809,1910806,,41.911391616,-87.769172251
8256693,HT490708,09/10/2011 06:11:00 PM,0000X E 102ND ST,0850,THEFT,ATTEMPT THEFT,ALLEY,false,false,0511,,9,,06,1178600,1837360,,41.709015404,-87.621554707
8256696,HT490837,09/10/2011 03:30:00 PM,029XX N MILWAUKEE AVE,0820,THEFT,$500 AND UNDER,SMALL RETAIL STORE,false,false,2523,,35,,06,1151728,1919655,,41.935411425,-87.717804557
8256699,HT490886,09/10/2011 08:45:00 PM,039XX W FILLMORE ST,2027,NARCOTICS,POSS: CRACK,RESIDENCE PORCH/HALLWAY,true,false,1132,,24,,18,1150263,1895081,,41.868006655,-87.723830193
8256700,HT490915,09/10/2011 08:45:00 PM,008XX N MICHIGAN AVE,1330,CRIMINAL TRESPASS,TO LAND,OTHER,true,false,1833,,42,,26,1177339,1906234,,41.89804054,-87.624091323
8256702,HT490866,09/10/2011 05:46:00 PM,043XX S ASHLAND AVE,0470,PUBLIC PEACE VIOLATION,RECKLESS CONDUCT,STREET,true,false,0921,,11,,24,1166399,1875963,,41.815215341,-87.665137944
8256703,HT490894,09/10/2011 09:00:00 PM,042XX W 26TH ST,0470,PUBLIC PEACE VIOLATION,RECKLESS CONDUCT,SIDEWALK,true,false,1031,,22,,24,1148402,1886379,,41.844163333,-87.730886486
8256704,HT490913,09/10/2011 09:35:00 PM,013XX N HOMAN AVE,1811,NARCOTICS,POSS: CANNABIS 30GMS OR LESS,SIDEWALK,true,false,1422,,26,,18,1153458,1908525,,41.904835501,-87.711743161
8256705,HT490791,09/10/2011 07:55:00 PM,024XX E 79TH ST,1330,CRIMINAL TRESPASS,TO LAND,RESTAURANT,true,false,0422,,7,,26,1193792,1853060,,41.751739567,-87.565407903
8256708,HT490910,09/10/2011 09:40:00 PM,010XX N WASHTENAW AVE,2024,NARCOTICS,POSS: HEROIN(WHITE),SIDEWALK,true,false,1311,,1,,18,1158202,1907029,,41.900634699,-87.694357913
8256709,HT490774,09/10/2011 07:30:00 PM,039XX W MONROE ST,0545,ASSAULT,PRO EMP HANDS NO/MIN INJURY,STREET,true,false,1122,,28,,08A,1150219,1899373,,41.879785247,-87.723879847
8256710,HT490851,09/10/2011 08:18:00 PM,048XX N DAMEN AVE,1811,NARCOTICS,POSS: CANNABIS 30GMS OR LESS,STREET,true,false,2032,,47,,18,1162137,1932097,,41.969341473,-87.679201891
8256711,HT490882,09/10/2011 09:00:00 PM,003XX S KOSTNER AVE,2820,OTHER OFFENSE,TELEPHONE THREAT,APARTMENT,false,true,1131,,28,,26,1147109,1898126,,41.876423368,-87.735331352
8256712,HT490622,09/10/2011 05:55:00 PM,069XX S ASHLAND AVE,0340,ROBBERY,ATTEMPT: STRONGARM-NO WEAPON,SIDEWALK,false,false,0735,,17,,03,1166876,1858796,,41.768096835,-87.663878589
8256715,HT490838,09/10/2011 08:15:00 PM,007XX N RUSH ST,0320,ROBBERY,STRONGARM - NO WEAPON,SIDEWALK,false,false,1834,,42,,03,1176973,1905168,,41.895123679,-87.625467895
8256716,HT490893,09/10/2011 07:50:00 PM,067XX S WINCHESTER AVE,0460,BATTERY,SIMPLE,SIDEWALK,false,false,0726,,15,,08B,1164518,1859973,,41.771376721,-87.672488636
8256717,HT490848,09/10/2011 07:45:00 PM,029XX W FOSTER AVE,0430,BATTERY,AGGRAVATED: OTHER DANG WEAPON,STREET,false,false,2011,,40,,04B,1155996,1934403,,41.975795702,-87.701719898
8256718,HT490877,09/10/2011 08:45:00 PM,008XX N STATE ST,1210,DECEPTIVE PRACTICE,THEFT OF LABOR/SERVICES,CTA PLATFORM,true,false,1832,,42,,11,1176223,1905805,,41.896888586,-87.628203192
8256719,HT490884,09/10/2011 09:05:00 PM,022XX W 71ST ST,0560,ASSAULT,SIMPLE,APARTMENT,false,false,0832,,18,,08A,1162502,1857540,,41.764742497,-87.679946378
8256720,HT490845,09/10/2011 08:15:00 PM,062XX S STEWART AVE,0320,ROBBERY,STRONGARM - NO WEAPON,"SCHOOL, PUBLIC, GROUNDS",false,false,0711,,20,,03,1174692,1863689,,41.781353265,-87.635083754
8256721,HT490627,09/10/2011 05:21:00 PM,045XX S HERMITAGE AVE,143A,WEAPONS VIOLATION,UNLAWFUL POSS OF HANDGUN,RESIDENCE,true,false,0914,,20,,15,1165442,1874532,,41.811308882,-87.668688973
8256722,HT490918,09/10/2011 09:40:00 PM,051XX W CHICAGO AVE,1811,NARCOTICS,POSS: CANNABIS 30GMS OR LESS,SIDEWALK,true,false,1531,,37,,18,1141774,1904840,,41.894947739,-87.75475375
8256724,HT490878,09/10/2011 09:00:00 PM,090XX S ESCANABA AVE,1811,NARCOTICS,POSS: CANNABIS 30GMS OR LESS,PARKING LOT/GARAGE(NON.RESID.),true,false,0423,,10,,18,1196958,1845634,,41.731283916,-87.554052661
8256725,HT490912,09/10/2011 09:10:00 PM,037XX N NARRAGANSETT AVE,0486,BATTERY,DOMESTIC BATTERY SIMPLE,RESIDENCE,false,true,1633,,38,,08B,1133053,1924022,,41.947742378,-87.786334815
8256726,HT490881,09/10/2011 08:24:00 PM,044XX W 26TH ST,1330,CRIMINAL TRESPASS,TO LAND,OTHER,true,false,1031,,22,,26,1147306,1886350,,41.84410478,-87.734909395
8256727,HT490899,09/10/2011 09:00:00 PM,091XX S HOUSTON AVE,1811,NARCOTICS,POSS: CANNABIS 30GMS OR LESS,STREET,true,false,0424,,10,,18,1198109,1845043,,41.729633491,-87.549855923
8256729,HT490688,09/10/2011 06:10:00 PM,019XX W LAWRENCE AVE,0860,THEFT,RETAIL THEFT,DEPARTMENT STORE,true,false,2032,,47,,06,1162852,1931901,,41.968788631,-87.676578363
8256730,HT490874,09/10/2011 08:40:00 PM,058XX S INDIANA AVE,1811,NARCOTICS,POSS: CANNABIS 30GMS OR LESS,ALLEY,true,false,0233,,20,,18,1178598,1866297,,41.788421945,-87.620684337
8256732,HT490613,09/10/2011 05:35:00 PM,033XX W WARREN BLVD,051A,ASSAULT,AGGRAVATED: HANDGUN,STREET,false,false,1123,,28,,04A,1154013,1900145,,41.881828918,-87.709928125
8256733,HT490567,09/10/2011 03:00:00 AM,0000X N HAMLIN BLVD,0610,BURGLARY,FORCIBLE ENTRY,APARTMENT,false,false,1122,,28,,05,1151064,1899854,,41.881088655,-87.720764494
8256734,HT490868,09/10/2011 08:45:00 PM,041XX W DIVISION ST,1811,NARCOTICS,POSS: CANNABIS 30GMS OR LESS,STREET,true,false,2534,,37,,18,1148631,1907683,,41.902619579,-87.729496083
8256735,HT490406,09/10/2011 02:35:00 PM,010XX N CENTRAL PARK AVE,0486,BATTERY,DOMESTIC BATTERY SIMPLE,APARTMENT,false,true,1121,,27,,08B,1152187,1906689,,41.899822519,-87.716460448
8256738,HT490934,09/10/2011 09:25:00 PM,015XX N MAGNOLIA AVE,2022,NARCOTICS,POSS: COCAINE,STREET,true,false,1433,,32,,18,1167822,1910489,,41.909927104,-87.658923288
8256739,HT490490,09/10/2011 06:00:00 PM,011XX N RICHMOND ST,0820,THEFT,$500 AND UNDER,RESIDENCE PORCH/HALLWAY,false,false,1311,,26,,06,1156518,1907390,,41.901659567,-87.700533579
8256740,HT490923,09/10/2011 09:25:00 PM,030XX N AVERS AVE,0460,BATTERY,SIMPLE,STREET,true,false,2523,,30,,08B,1150512,1920030,,41.936464326,-87.72226363
8256742,HT490901,09/10/2011 01:00:00 PM,073XX S JEFFERY BLVD,0820,THEFT,$500 AND UNDER,CONVENIENCE STORE,false,false,0333,,5,,06,1190808,1856919,,41.762401555,-87.576218227
8256743,HT490862,09/10/2011 08:35:00 PM,118XX S HALSTED ST,143C,WEAPONS VIOLATION,UNLAWFUL POSS AMMUNITION,STREET,true,false,0524,,34,,15,1173115,1826528,,41.679413382,-87.641959693
8256744,HT490953,09/10/2011 08:00:00 PM,045XX N WESTERN AVE,0486,BATTERY,DOMESTIC BATTERY SIMPLE,STREET,false,true,1911,,47,,08B,1159557,1929975,,41.96357226,-87.688747261
8256745,HT490890,09/10/2011 04:00:00 PM,016XX W WARREN BLVD,0810,THEFT,OVER $500,RESIDENTIAL YARD (FRONT/BACK),false,false,1333,,27,,06,1165458,1900426,,41.882364178,-87.667894343
8256746,HT490965,09/10/2011 10:03:00 PM,061XX S HONORE ST,1811,NARCOTICS,POSS: CANNABIS 30GMS OR LESS,SIDEWALK,true,false,0714,,15,,18,1165069,1864018,,41.782465097,-87.670354543
8256747,HT490922,09/10/2011 09:50:00 PM,001XX W DIVISION ST,1811,NARCOTICS,POSS: CANNABIS 30GMS OR LESS,SIDEWALK,true,false,1821,,42,,18,1175160,1908348,,41.903890612,-87.63203103
8256748,HT490927,09/10/2011 08:50:00 PM,068XX S KEELER AVE,2027,NARCOTICS,POSS: CRACK,STREET,true,false,0833,,13,,18,1149547,1859010,,41.769036653,-87.727392623
8256749,HT489241,09/10/2011 07:36:00 PM,013XX S CALIFORNIA BLVD,0486,BATTERY,DOMESTIC BATTERY SIMPLE,APARTMENT,false,true,1023,,28,,08B,1157904,1893519,,41.863568068,-87.695821111
8256750,HT490948,09/10/2011 09:55:00 PM,062XX S ROCKWELL ST,1330,CRIMINAL TRESPASS,TO LAND,RESIDENCE PORCH/HALLWAY,true,false,0825,,15,,26,1160110,1863250,,41.780461082,-87.688556867
8256751,HT490946,09/10/2011 09:23:00 PM,057XX N WASHTENAW AVE,0470,PUBLIC PEACE VIOLATION,RECKLESS CONDUCT,SIDEWALK,true,false,2011,,40,,24,1157303,1938064,,41.985815117,-87.696813512
8256752,HT490750,09/10/2011 07:00:00 PM,023XX S SAWYER AVE,1310,CRIMINAL DAMAGE,TO PROPERTY,APARTMENT,false,false,1024,,22,,14,1155063,1888237,,41.849131083,-87.706391857
8256753,HT490876,09/10/2011 09:05:00 PM,022XX S STATE ST,0486,BATTERY,DOMESTIC BATTERY SIMPLE,STREET,true,true,0134,,3,,08B,1176662,1889603,,41.852419423,-87.627080475
8256757,HT490748,09/10/2011 04:00:00 PM,056XX N KIMBALL AVE,1310,CRIMINAL DAMAGE,TO PROPERTY,RESIDENCE PORCH/HALLWAY,false,false,1711,,39,,14,1152697,1937254,,41.983685115,-87.713775782
8256760,HT490823,09/10/2011 08:10:00 PM,064XX N CLARK ST,0453,BATTERY,AGGRAVATED PO: OTHER DANG WEAP,POLICE FACILITY/VEH PARKING LOT,true,false,2432,,40,,04B,1164254,1943116,,41.999533347,-87.671104423
8256761,HT490888,09/10/2011 08:57:00 PM,031XX W IRVING PARK RD,0330,ROBBERY,AGGRAVATED,DRUG STORE,true,false,1733,,33,,03,1154535,1926422,,41.953924785,-87.707307
8256764,HT490968,09/10/2011 10:00:00 PM,009XX N HARDING AVE,1811,NARCOTICS,POSS: CANNABIS 30GMS OR LESS,STREET,true,false,1112,,27,,18,1149887,1905893,,41.897683285,-87.724929171
8256765,HT490967,09/10/2011 10:10:00 PM,061XX N HERMITAGE AVE,0320,ROBBERY,STRONGARM - NO WEAPON,ALLEY,false,false,2433,,40,,03,1163651,1940978,,41.993679392,-87.673383316
8256766,HT490932,09/10/2011 09:30:00 PM,097XX S PEORIA ST,0320,ROBBERY,STRONGARM - NO WEAPON,RESIDENCE PORCH/HALLWAY,false,false,2223,,21,,03,1172034,1840118,,41.716730185,-87.645519348
8256767,HT490947,09/10/2011 09:43:00 PM,016XX N MOZART ST,1811,NARCOTICS,POSS: CANNABIS 30GMS OR LESS,STREET,true,false,1421,,1,,18,1157171,1910841,,41.911116159,-87.698041147
8256768,HT490854,09/10/2011 08:43:00 PM,003XX E CHICAGO AVE,1811,NARCOTICS,POSS: CANNABIS 30GMS OR LESS,STREET,true,false,1833,,42,,18,1178720,1905797,,41.896809953,-87.619032466
8256771,HT490971,09/10/2011 10:12:00 PM,062XX N BROADWAY,1811,NARCOTICS,POSS: CANNABIS 30GMS OR LESS,GROCERY FOOD STORE,true,false,2433,,49,,18,1167169,1941557,,41.995193055,-87.660426011
8256772,HT490843,09/10/2011 08:30:00 PM,010XX N CENTRAL AVE,0560,ASSAULT,SIMPLE,RESIDENCE PORCH/HALLWAY,false,true,1511,,29,,08A,1138828,1906269,,41.898923096,-87.765539043
8256773,HT490980,09/10/2011 10:40:00 PM,029XX W SUNNYSIDE AVE,0460,BATTERY,SIMPLE,SIDEWALK,true,false,1724,,33,,08B,1156033,1929761,,41.963057046,-87.701709684
8256775,HT490969,09/10/2011 10:00:00 PM,003XX W 107TH ST,2820,OTHER OFFENSE,TELEPHONE THREAT,RESIDENCE,false,true,0513,,34,,26,1175883,1833969,,41.699771212,-87.63160579
8256776,HT490975,09/10/2011 02:30:00 PM,084XX S ST LAWRENCE AVE,0820,THEFT,$500 AND UNDER,RESIDENCE,false,false,0632,,6,,06,1181705,1849344,,41.741829956,-87.609815098
8256778,HT490997,09/10/2011 05:30:00 PM,020XX W HUTCHINSON ST,0810,THEFT,OVER $500,RESIDENTIAL YARD (FRONT/BACK),false,false,1912,,47,,06,1161910,1928216,,41.95869658,-87.680145357
8256779,HT490551,09/10/2011 03:48:00 PM,004XX S STATE ST,0870,THEFT,POCKET-PICKING,CTA TRAIN,false,false,0113,,2,,06,1176436,1898416,,41.876607964,-87.627644063
8256780,HT490834,09/10/2011 08:00:00 PM,016XX N CALIFORNIA AVE,0620,BURGLARY,UNLAWFUL ENTRY,HOTEL/MOTEL,false,false,1421,,1,,05,1157452,1910805,,41.911011656,-87.697009828
8256781,HT490963,09/10/2011 10:09:00 PM,063XX S FAIRFIELD AVE,1811,NARCOTICS,POSS: CANNABIS 30GMS OR LESS,SIDEWALK,true,false,0825,,15,,18,1159135,1862453,,41.778294007,-87.692153196
8256782,HT490964,09/10/2011 10:15:00 PM,008XX N STATE ST,1210,DECEPTIVE PRACTICE,THEFT OF LABOR/SERVICES,CTA PLATFORM,true,false,1832,,42,,11,1176223,1905805,,41.896888586,-87.628203192
8256783,HT490994,09/10/2011 10:20:00 PM,007XX N RUSH ST,1811,NARCOTICS,POSS: CANNABIS 30GMS OR LESS,STREET,true,false,1833,,42,,18,1176963,1905556,,41.896188596,-87.625492866
8256784,HT490988,09/10/2011 10:00:00 PM,027XX W BELMONT AVE,1811,NARCOTICS,POSS: CANNABIS 30GMS OR LESS,ALLEY,true,false,1733,,33,,18,1157639,1921152,,41.939400783,-87.696040347
8256785,HT490931,09/10/2011 07:45:00 PM,031XX W FRANKLIN BLVD,1790,OFFENSE INVOLVING CHILDREN,CHILD ABDUCTION,APARTMENT,false,false,1313,,27,,20,1155410,1903166,,41.890090875,-87.704717085
8256786,HT490782,09/10/2011 07:07:00 PM,030XX N SHERIDAN RD,0486,BATTERY,DOMESTIC BATTERY SIMPLE,APARTMENT,false,true,2332,,44,,08B,1173045,1920350,,41.936871824,-87.639443146
8256788,HT489555,09/10/2011 12:10:00 AM,030XX W WALTON ST,0560,ASSAULT,SIMPLE,RESIDENCE PORCH/HALLWAY,false,false,1311,,26,,08A,1155716,1906172,,41.898333461,-87.703512274
8256789,HT490747,09/10/2011 06:30:00 PM,040XX W HARRISON ST,143A,WEAPONS VIOLATION,UNLAWFUL POSS OF HANDGUN,VEHICLE NON-COMMERCIAL,true,false,1132,,24,,15,1149520,1897054,,41.87343524,-87.726506704
8256790,HT490906,09/10/2011 09:25:00 PM,027XX W DIVISION ST,0486,BATTERY,DOMESTIC BATTERY SIMPLE,APARTMENT,false,true,1311,,26,,08B,1157896,1907866,,41.902937747,-87.695459011
8256791,HT490661,09/10/2011 03:00:00 AM,020XX N MILWAUKEE AVE,1150,DECEPTIVE PRACTICE,CREDIT CARD FRAUD,BAR OR TAVERN,false,false,1431,,1,,11,1159295,1913552,,41.918511914,-87.690163597
8256792,HT490234,09/10/2011 10:30:00 AM,008XX N HOYNE AVE,0610,BURGLARY,FORCIBLE ENTRY,RESIDENCE,false,false,1312,,32,,05,1162254,1905511,,41.896385408,-87.679517175
8256793,HT490983,09/10/2011 09:45:00 PM,002XX N BREAKWATER ACCESS,1350,CRIMINAL TRESPASS,TO STATE SUP LAND,GOVERNMENT BUILDING/PROPERTY,true,false,0124,,42,,26,1181205,1901996,,41.886322717,-87.610023281
8256795,HT489971,09/10/2011 09:45:00 AM,016XX W SUPERIOR ST,031A,ROBBERY,ARMED: HANDGUN,SIDEWALK,false,false,1324,,1,,03,1165252,1905079,,41.895136747,-87.668518399
8256796,HT489954,09/10/2011 09:26:00 AM,029XX W AUGUSTA BLVD,0460,BATTERY,SIMPLE,STREET,false,false,1311,,26,,08B,1156446,1906511,,41.89924897,-87.700821849
8256797,HT490993,09/10/2011 10:18:00 PM,076XX S COTTAGE GROVE AVE,0460,BATTERY,SIMPLE,STREET,false,false,0624,,6,,08B,1182884,1854628,,41.756302533,-87.605331512
8256798,HT490982,09/10/2011 10:53:00 PM,102XX S YATES AVE,1811,NARCOTICS,POSS: CANNABIS 30GMS OR LESS,STREET,true,false,0431,,10,,18,1194169,1837651,,41.709446645,-87.564530754
8256799,HT490996,09/10/2011 10:45:00 PM,014XX N FAIRFIELD AVE,1811,NARCOTICS,POSS: CANNABIS 30GMS OR LESS,SIDEWALK,true,false,1423,,26,,18,1157819,1909484,,41.907379245,-87.69569767
8256801,HT491014,09/10/2011 11:01:00 PM,005XX W 104TH ST,2027,NARCOTICS,POSS: CRACK,RESIDENCE PORCH/HALLWAY,true,false,2232,,34,,18,1174562,1835929,,41.705179175,-87.636384644
8256803,HT490956,09/10/2011 01:20:00 PM,009XX S MICHIGAN AVE,2826,OTHER OFFENSE,HARASSMENT BY ELECTRONIC MEANS,RESIDENCE,false,false,0132,,2,,26,1177410,1896158,,41.870389849,-87.62413639
8256804,HT491017,09/10/2011 11:20:00 PM,045XX S PAULINA ST,2022,NARCOTICS,POSS: COCAINE,ALLEY,true,false,0914,,3,,18,1165768,1874626,,41.811559904,-87.667490554
8256805,HT490998,09/10/2011 10:50:00 PM,055XX S SHIELDS AVE,1811,NARCOTICS,POSS: CANNABIS 30GMS OR LESS,SIDEWALK,true,false,0711,,3,,18,1174915,1868088,,41.793419613,-87.634135036
8256806,HT491001,09/10/2011 10:30:00 PM,035XX S FEDERAL ST,0326,ROBBERY,AGGRAVATED VEHICULAR HIJACKING,STREET,false,false,0211,,3,,03,1176229,1881694,,41.830726285,-87.628907777
8256808,HT490939,09/10/2011 09:13:00 PM,052XX N SHERIDAN RD,0860,THEFT,RETAIL THEFT,GROCERY FOOD STORE,true,false,2023,,48,,06,1168697,1934885,,41.976851852,-87.654999693
8256809,HT490896,09/10/2011 05:00:00 PM,066XX S ARTESIAN AVE,0610,BURGLARY,FORCIBLE ENTRY,RESIDENCE,false,false,0832,,15,,05,1161182,1860623,,41.773230103,-87.684699351
8256810,HT491016,09/10/2011 10:16:00 PM,059XX N DRAKE AVE,1320,CRIMINAL DAMAGE,TO VEHICLE,STREET,false,false,1711,,39,,14,1151641,1939208,,41.989067896,-87.717607927
8256811,HT490981,09/10/2011 10:30:00 PM,017XX N MAJOR AVE,502P,OTHER OFFENSE,FALSE/STOLEN/ALTERED TRP,STREET,true,false,2531,,29,,26,1138129,1910814,,41.911407787,-87.767996463
8256812,HT490940,09/10/2011 09:45:00 PM,067XX S LANGLEY AVE,1811,NARCOTICS,POSS: CANNABIS 30GMS OR LESS,ALLEY,true,false,0321,,6,,18,1182056,1860407,,41.772179881,-87.608187389
8256813,HT491029,09/10/2011 11:17:00 PM,062XX S EBERHART AVE,0470,PUBLIC PEACE VIOLATION,RECKLESS CONDUCT,STREET,true,false,0313,,20,,24,1180650,1863845,,41.781646505,-87.613235784
8256814,HT491033,09/10/2011 10:00:00 PM,035XX W THORNDALE AVE,1320,CRIMINAL DAMAGE,TO VEHICLE,STREET,false,false,1711,,39,,14,1151541,1938966,,41.988405807,-87.717982139
8256815,HT490989,09/10/2011 10:06:00 PM,058XX N CENTRAL PARK AVE,1320,CRIMINAL DAMAGE,TO VEHICLE,STREET,false,false,1711,,39,,14,1151325,1938633,,41.987496292,-87.718785403
8256816,HT491015,09/10/2011 10:30:00 PM,014XX S ST LOUIS AVE,1811,NARCOTICS,POSS: CANNABIS 30GMS OR LESS,SIDEWALK,true,false,1021,,24,,18,1153270,1892858,,41.861847377,-87.712849844
8256817,HT491006,09/10/2011 10:50:00 PM,062XX S INGLESIDE AVE,1811,NARCOTICS,POSS: CANNABIS 30GMS OR LESS,SIDEWALK,true,false,0313,,20,,18,1183522,1863876,,41.78166509,-87.602705494
8256819,HT491044,09/10/2011 11:30:00 PM,063XX S KOSTNER AVE,1320,CRIMINAL DAMAGE,TO VEHICLE,STREET,false,false,0813,,13,,14,1148123,1862423,,41.778429902,-87.732525002
8256820,HT490872,09/10/2011 01:15:00 PM,078XX S SOUTH SHORE DR,0910,MOTOR VEHICLE THEFT,AUTOMOBILE,RESIDENCE-GARAGE,false,false,0421,,7,,07,1197688,1854219,,41.754823635,-87.551092573
8256821,HT491039,09/10/2011 09:30:00 PM,003XX E ILLINOIS ST,0917,MOTOR VEHICLE THEFT,"CYCLE, SCOOTER, BIKE W-VIN",STREET,false,false,1834,,42,,07,1178453,1903680,,41.891006903,-87.620077737
8256822,HT490984,09/10/2011 10:00:00 AM,087XX S BURLEY AVE,0890,THEFT,FROM BUILDING,APARTMENT,false,false,0424,,7,,06,1199188,1847578,,41.736562706,-87.545818373
8256823,HT491027,09/10/2011 10:50:00 PM,058XX W ADAMS BLVD,1811,NARCOTICS,POSS: CANNABIS 30GMS OR LESS,STREET,true,false,1513,,29,,18,1137576,1898517,,41.877673253,-87.770324476
8256824,HT491004,09/10/2011 02:30:00 PM,004XX S LOCKWOOD AVE,0850,THEFT,ATTEMPT THEFT,STREET,false,false,1522,,29,,06,1141083,1897384,,41.874500305,-87.757475401
8256825,HT491071,09/10/2011 11:50:00 AM,023XX W MADISON ST,1506,PROSTITUTION,SOLICIT ON PUBLIC WAY,STREET,true,false,1211,,2,,16,1160870,1899962,,41.881187307,-87.684754394
8256826,HT490833,09/10/2011 07:36:00 PM,049XX N WESTERN AVE,141C,WEAPONS VIOLATION,UNLAWFUL USE OTHER DANG WEAPON,STREET,true,false,2031,,47,,15,1159473,1932648,,41.97090884,-87.688982191
8256828,HT490991,09/10/2011 10:25:00 PM,062XX S HONORE ST,2091,NARCOTICS,FORFEIT PROPERTY,VEHICLE NON-COMMERCIAL,true,false,0714,,15,,26,1165091,1863262,,41.780390069,-87.670295256
8256829,HT491040,09/10/2011 10:51:00 AM,003XX S WABASH AVE,1330,CRIMINAL TRESPASS,TO LAND,OTHER,true,false,0123,,2,,26,1176860,1898825,,41.877720707,-87.626074914
8256831,HT491069,09/10/2011 11:35:00 AM,023XX S WHIPPLE ST,2220,LIQUOR LAW VIOLATION,ILLEGAL POSSESSION BY MINOR,RESIDENCE PORCH/HALLWAY,true,false,1033,,12,,22,1156391,1888365,,41.849455621,-87.701514477
8256834,HT490974,09/10/2011 10:00:00 PM,006XX W CHICAGO AVE,0810,THEFT,OVER $500,STREET,false,false,1822,,27,,06,1172127,1905620,,41.896472326,-87.643252484
8256837,HT491024,09/10/2011 11:20:00 PM,018XX S LAWNDALE AVE,143A,WEAPONS VIOLATION,UNLAWFUL POSS OF HANDGUN,SIDEWALK,true,false,1014,,24,,15,1151993,1890730,,41.856033126,-87.717593553
8256838,HT491105,09/10/2011 10:00:00 PM,014XX W WEBSTER AVE,0810,THEFT,OVER $500,SIDEWALK,false,false,1811,,32,,06,1166005,1914731,,41.921606424,-87.665476824
8256839,HT491102,09/10/2011 11:40:00 PM,002XX S LEAMINGTON AVE,1811,NARCOTICS,POSS: CANNABIS 30GMS OR LESS,SMALL RETAIL STORE,true,false,1533,,28,,18,1142163,1898751,,41.878231574,-87.753476154
8256840,HT491036,09/10/2011 11:25:00 PM,048XX W JACKSON BLVD,1811,NARCOTICS,POSS: CANNABIS 30GMS OR LESS,SIDEWALK,true,false,1533,,24,,18,1144138,1898232,,41.87677053,-87.746237347
8256841,HT491054,09/10/2011 09:50:00 PM,037XX W CHICAGO AVE,0313,ROBBERY,ARMED: OTHER DANGEROUS WEAPON,STREET,false,false,1112,,27,,03,1151491,1905085,,41.895434688,-87.719059064
8256843,HT491045,09/10/2011 10:45:00 PM,026XX N SHEFFIELD AVE,0470,PUBLIC PEACE VIOLATION,RECKLESS CONDUCT,APARTMENT,true,false,1933,,32,,24,1169169,1917750,,41.929822507,-87.653763616
8256844,HT491025,09/10/2011 11:17:00 PM,001XX E DELAWARE PL,0486,BATTERY,DOMESTIC BATTERY SIMPLE,SIDEWALK,true,true,1833,,42,,08B,1177763,1906672,,41.899232802,-87.622520701
8256845,HT491084,09/10/2011 11:33:00 PM,109XX S AVENUE J,1811,NARCOTICS,POSS: CANNABIS 30GMS OR LESS,SIDEWALK,true,false,0432,,10,,18,1202528,1833022,,41.69653541,-87.534077082
8256846,HT490954,09/10/2011 09:45:00 PM,079XX S MANISTEE AVE,0560,ASSAULT,SIMPLE,RESIDENCE,false,false,0422,,7,,08A,1195891,1852763,,41.750872909,-87.557726016
8256851,HT491050,09/10/2011 10:27:00 PM,001XX W NORTH AVE,0460,BATTERY,SIMPLE,SIDEWALK,true,false,1821,,42,,08B,1175072,1910997,,41.911161566,-87.632274745
8256852,HT491055,09/10/2011 08:30:00 PM,008XX N MICHIGAN AVE,0890,THEFT,FROM BUILDING,RESTAURANT,false,false,1833,,42,,06,1177330,1906499,,41.898767916,-87.624116333
8256853,HT490955,09/10/2011 10:00:00 PM,012XX N PULASKI RD,0313,ROBBERY,ARMED: OTHER DANGEROUS WEAPON,CTA BUS STOP,false,false,2535,,27,,03,1149497,1907816,,41.902967774,-87.726311633
8256855,HT490999,09/10/2011 11:07:00 PM,038XX W CHICAGO AVE,2027,NARCOTICS,POSS: CRACK,STREET,true,false,1112,,27,,18,1150476,1905064,,41.895396943,-87.722787491
8256856,HT491082,09/10/2011 10:30:00 PM,030XX N AVERS AVE,0460,BATTERY,SIMPLE,SIDEWALK,false,false,2523,,30,,08B,1150506,1920023,,41.936445235,-87.722285864
8256857,HT491030,09/10/2011 11:00:00 PM,029XX N LOWELL AVE,0486,BATTERY,DOMESTIC BATTERY SIMPLE,APARTMENT,false,true,2523,,31,,08B,1146814,1919220,,41.93431314,-87.735875068
8256858,HT490937,09/10/2011 09:45:00 PM,029XX N CENTRAL AVE,0320,ROBBERY,STRONGARM - NO WEAPON,ALLEY,false,false,2514,,31,,03,1138527,1919024,,41.933929729,-87.766334891
8256859,HT491009,09/10/2011 10:00:00 PM,014XX N WELLS ST,0560,ASSAULT,SIMPLE,RESIDENCE,false,true,1821,,43,,08A,1174444,1909865,,41.908069367,-87.634615657
8256860,HT491070,09/10/2011 11:06:00 PM,056XX S WOOD ST,0554,ASSAULT,AGG PO HANDS NO/MIN INJURY,SIDEWALK,true,false,0715,,15,,08A,1165309,1867385,,41.791699487,-87.669379304
8256861,HT491129,09/10/2011 05:50:00 PM,027XX W HOWARD ST,0890,THEFT,FROM BUILDING,RESTAURANT,false,false,2411,,50,,06,1156853,1950285,,42.019359173,-87.698135129
8256862,HT491078,09/10/2011 11:45:00 PM,047XX N CENTRAL PARK AVE,0486,BATTERY,DOMESTIC BATTERY SIMPLE,APARTMENT,true,false,1723,,33,,08B,1151531,1931274,,41.967298691,-87.71822208
8256863,HT491057,09/10/2011 11:30:00 PM,034XX W 16TH ST,0486,BATTERY,DOMESTIC BATTERY SIMPLE,STREET,true,true,1021,,24,,08B,1153880,1891832,,41.859019798,-87.710637937
8256866,HT491085,09/10/2011 09:22:00 PM,080XX S UNION AVE,1811,NARCOTICS,POSS: CANNABIS 30GMS OR LESS,STREET,true,false,0621,,21,,18,1173032,1851565,,41.748120376,-87.641527156
8256868,HT491034,09/10/2011 11:04:00 PM,032XX N HALSTED ST,1811,NARCOTICS,POSS: CANNABIS 30GMS OR LESS,STREET,true,false,2332,,44,,18,1170348,1921923,,41.941247675,-87.649308785
8256871,HT491022,09/10/2011 11:08:00 PM,052XX S BLACKSTONE AVE,0486,BATTERY,DOMESTIC BATTERY SIMPLE,VEHICLE NON-COMMERCIAL,true,true,2132,,4,,08B,1186802,1870759,,41.800475468,-87.590462341
8256872,HT491076,09/10/2011 11:40:00 PM,005XX W 79TH ST,1506,PROSTITUTION,SOLICIT ON PUBLIC WAY,SIDEWALK,true,false,0621,,17,,16,1174136,1852527,,41.750735796,-87.63745324
8256873,HT491067,09/10/2011 11:27:00 PM,055XX W LE MOYNE ST,1811,NARCOTICS,POSS: CANNABIS 30GMS OR LESS,STREET,true,false,2532,,37,,18,1138907,1909422,,41.90757387,-87.765172173
8256875,HT491118,09/10/2011 08:39:00 PM,080XX S STEWART AVE,501A,OTHER OFFENSE,ANIMAL ABUSE/NEGLECT,RESIDENTIAL YARD (FRONT/BACK),true,false,0623,,17,,26,1175025,1851526,,41.747969151,-87.634225337
8256876,HT491046,09/10/2011 11:10:00 PM,035XX W REDFIELD DR,1811,NARCOTICS,POSS: CANNABIS 30GMS OR LESS,PARK PROPERTY,true,false,0831,,15,,18,1154189,1857860,,41.76578987,-87.710407606
8256877,HT491147,09/10/2011 01:30:00 PM,052XX N BROADWAY,1150,DECEPTIVE PRACTICE,CREDIT CARD FRAUD,GAS STATION,false,false,2013,,48,,11,1167371,1934848,,41.976779033,-87.659877015
8256880,HT491088,09/10/2011 11:50:00 PM,074XX S UNION AVE,0486,BATTERY,DOMESTIC BATTERY SIMPLE,STREET,false,true,0732,,17,,08B,1172917,1855661,,41.759362853,-87.641827917
8256881,HT491005,09/10/2011 02:00:00 PM,033XX W PETERSON AVE,1320,CRIMINAL DAMAGE,TO VEHICLE,OTHER,false,false,1711,,50,,14,1152820,1939677,,41.990331515,-87.713258888
8256882,HT491031,09/10/2011 11:00:00 PM,066XX S HOYNE AVE,1310,CRIMINAL DAMAGE,TO PROPERTY,RESIDENCE,false,false,0726,,15,,14,1163508,1860563,,41.773016999,-87.676174436
8256886,HT491091,09/10/2011 11:55:00 PM,013XX N LARAMIE AVE,0486,BATTERY,DOMESTIC BATTERY SIMPLE,APARTMENT,true,true,2532,,37,,08B,1141458,1908351,,41.904588175,-87.755827545
8256889,HT490961,09/10/2011 09:30:00 PM,019XX W CULLOM AVE,031A,ROBBERY,ARMED: HANDGUN,STREET,false,false,1922,,47,,03,1162949,1928577,,41.959665385,-87.676315417
8256892,HT491013,09/10/2011 10:23:00 PM,001XX W 112TH ST,0460,BATTERY,SIMPLE,RESIDENCE PORCH/HALLWAY,false,false,0522,,34,,08B,1177303,1830686,,41.690730316,-87.626505017
8256893,HT491093,09/10/2011 06:30:00 PM,115XX S PEORIA ST,0610,BURGLARY,FORCIBLE ENTRY,RESIDENCE,false,false,0524,,34,,05,1172174,1828094,,41.68373141,-87.645358377
8256897,HT489623,09/10/2011 12:50:00 AM,121XX S EMERALD AVE,0460,BATTERY,SIMPLE,STREET,false,false,0523,,34,,08B,1173516,1824301,,41.673293293,-87.640557406
8256900,HT491122,09/10/2011 11:42:00 PM,009XX W FULLERTON AVE,0860,THEFT,RETAIL THEFT,GROCERY FOOD STORE,true,false,1812,,43,,06,1169523,1916139,,41.925394137,-87.652509775
8256901,HT490935,09/10/2011 09:40:00 AM,001XX W NORTH AVE,0486,BATTERY,DOMESTIC BATTERY SIMPLE,APARTMENT,false,true,1821,,42,,08B,1175099,1910997,,41.911160961,-87.632175557
8256906,HT491073,09/10/2011 08:00:00 PM,025XX S CALIFORNIA AVE,0620,BURGLARY,UNLAWFUL ENTRY,APARTMENT,false,false,1033,,12,,05,1158104,1887177,,41.846160861,-87.695259926
8256912,HT491131,09/10/2011 11:45:00 PM,005XX N DEARBORN ST,0910,MOTOR VEHICLE THEFT,AUTOMOBILE,STREET,false,false,1831,,42,,07,1175851,1903669,,41.891035673,-87.629633817
8256917,HT490957,09/10/2011 10:14:00 AM,064XX S YALE AVE,0820,THEFT,$500 AND UNDER,SIDEWALK,false,false,0722,,20,,06,1175609,1862380,,41.777740745,-87.631760999
8256918,HT490992,09/10/2011 07:00:00 PM,047XX N CUMBERLAND AVE,0560,ASSAULT,SIMPLE,GROCERY FOOD STORE,false,false,1614,,36,,08A,1119318,1930490,,41.965720818,-87.836684841
8256921,HT491126,09/10/2011 10:30:00 PM,040XX N AUSTIN AVE,0810,THEFT,OVER $500,APARTMENT,true,false,1624,,38,,06,1135632,1926263,,41.953846355,-87.776801372
8256922,HT491059,09/10/2011 11:30:00 PM,078XX W SEMINOLE ST,0460,BATTERY,SIMPLE,DRIVEWAY - RESIDENTIAL,false,false,1614,,41,,08B,1122674,1936836,,41.983080909,-87.824206535
8256925,HT490239,09/10/2011 01:05:00 PM,033XX N OCONTO AVE,1365,CRIMINAL TRESPASS,TO RESIDENCE,RESIDENCE,false,false,1631,,36,,26,1127163,1921354,,41.940522175,-87.808045606
8256927,HT491023,09/10/2011 11:15:00 PM,061XX N KENMORE AVE,0460,BATTERY,SIMPLE,STREET,true,false,2433,,48,,08B,1168132,1940805,,41.993108732,-87.656905495
8256929,HT491107,09/10/2011 10:26:00 PM,082XX S RIDGELAND AVE,0890,THEFT,FROM BUILDING,RESIDENCE,false,false,0414,,8,,06,1189364,1850595,,41.745082686,-87.581713097
8256930,HT489784,09/10/2011 06:15:00 AM,076XX S CRANDON AVE,0486,BATTERY,DOMESTIC BATTERY SIMPLE,RESIDENCE,false,false,0414,,7,,08B,1192862,1854722,,41.756322957,-87.568761731
8256932,HT491038,09/10/2011 11:05:00 PM,022XX W WASHINGTON BLVD,0460,BATTERY,SIMPLE,STREET,false,false,1332,,2,,08B,1161423,1900645,,41.883050032,-87.682704795
8256939,HT491186,09/10/2011 01:30:00 PM,028XX N MONITOR AVE,0610,BURGLARY,FORCIBLE ENTRY,APARTMENT,false,false,2514,,30,,05,1136894,1918358,,41.932131632,-87.772352224
8256941,HT491116,09/10/2011 07:30:00 PM,017XX N NEW ENGLAND AVE,0610,BURGLARY,FORCIBLE ENTRY,RESIDENCE,false,false,2513,,36,,05,1130155,1910874,,41.911712924,-87.797289534
8256944,HT491002,09/10/2011 10:49:00 PM,045XX N LINCOLN AVE,0420,BATTERY,AGGRAVATED:KNIFE/CUTTING INSTR,SIDEWALK,true,false,1911,,47,,04B,1160455,1930089,,41.963866497,-87.685442441
8256946,HT491062,09/10/2011 11:27:00 PM,061XX S KIMBARK AVE,0420,BATTERY,AGGRAVATED:KNIFE/CUTTING INSTR,RESIDENCE PORCH/HALLWAY,true,false,0314,,20,,04B,1185698,1864517,,41.783373035,-87.594707671
8256948,HT489728,09/10/2011 04:01:00 AM,062XX S KENWOOD AVE,0910,MOTOR VEHICLE THEFT,AUTOMOBILE,RESIDENTIAL YARD (FRONT/BACK),false,false,0314,,20,,07,1186146,1863909,,41.78169406,-87.593084365
8256956,HT491241,09/10/2011 10:30:00 PM,007XX N HALSTED ST,0810,THEFT,OVER $500,VEHICLE NON-COMMERCIAL,false,false,1323,,27,,06,1170911,1905385,,41.895854224,-87.647725496
8256957,HT491133,09/10/2011 01:30:00 PM,023XX W HADDON AVE,0610,BURGLARY,FORCIBLE ENTRY,APARTMENT,false,false,1312,,1,,05,1160625,1907584,,41.902107796,-87.685442691
8256959,HT491123,09/10/2011 11:55:00 PM,031XX W HARRISON ST,0620,BURGLARY,UNLAWFUL ENTRY,POLICE FACILITY/VEH PARKING LOT,true,false,1134,,24,,05,1155457,1897193,,41.873699424,-87.704705156
8256964,HT491257,09/10/2011 08:00:00 PM,022XX N KNOX AVE,0620,BURGLARY,UNLAWFUL ENTRY,APARTMENT,false,false,2522,,31,,05,1145022,1914470,,41.92131276,-87.74258099
8256965,HT491157,09/10/2011 11:30:00 PM,011XX W 15TH ST,0820,THEFT,$500 AND UNDER,PARKING LOT/GARAGE(NON.RESID.),false,false,1232,,2,,06,1168935,1892896,,41.861626586,-87.655345221
8256974,HT491100,09/10/2011 04:45:00 PM,070XX S DANTE AVE,1710,OFFENSE INVOLVING CHILDREN,ENDANGERING LIFE/HEALTH CHILD,APARTMENT,true,true,0332,,5,,26,1187175,1858616,,41.767145249,-87.589479702
8256976,HT491083,09/10/2011 03:00:00 PM,019XX W OGDEN AVE,0810,THEFT,OVER $500,PARKING LOT/GARAGE(NON.RESID.),false,false,1211,,2,,06,1163748,1897574,,41.874574262,-87.674253889
8256978,HT489766,09/10/2011 05:40:00 AM,005XX E 44TH ST,1310,CRIMINAL DAMAGE,TO PROPERTY,APARTMENT,false,true,0222,,3,,14,1180488,1875954,,41.81487839,-87.613457926
8256999,HT491058,09/10/2011 11:50:00 PM,011XX N PULASKI RD,0460,BATTERY,SIMPLE,SIDEWALK,false,false,1111,,27,,08B,1149509,1907406,,41.901842459,-87.726278212
8257001,HT489771,09/10/2011 04:40:00 AM,026XX W EVERGREEN AVE,0810,THEFT,OVER $500,APARTMENT,false,false,1423,,26,,06,1158629,1908880,,41.905705259,-87.692738744
8257002,HT490977,09/10/2011 09:54:00 PM,039XX W CHICAGO AVE,0460,BATTERY,SIMPLE,PARKING LOT/GARAGE(NON.RESID.),false,false,1112,,27,,08B,1149775,1905050,,41.895372185,-87.725362479
8257003,HT489737,09/10/2011 04:10:00 AM,020XX W NORTH AVE,0810,THEFT,OVER $500,STREET,false,false,1434,,32,,06,1162519,1910645,,41.910467943,-87.678399919
8257004,HT490959,09/10/2011 10:00:00 PM,039XX W CHICAGO AVE,0560,ASSAULT,SIMPLE,PARKING LOT/GARAGE(NON.RESID.),false,false,1112,,27,,08A,1149775,1905050,,41.895372185,-87.725362479
8257005,HT489713,09/10/2011 03:22:00 AM,029XX W BELMONT AVE,0630,BURGLARY,ATTEMPT FORCIBLE ENTRY,BAR OR TAVERN,false,false,1411,,33,,05,1156016,1921128,,41.939367879,-87.702005997
8257010,HT491008,09/10/2011 11:15:00 PM,029XX W DICKENS AVE,0486,BATTERY,DOMESTIC BATTERY SIMPLE,RESIDENTIAL YARD (FRONT/BACK),false,true,1414,,35,,08B,1156472,1913914,,41.919562899,-87.700525746
8257012,HT491117,09/10/2011 11:36:00 PM,051XX S LAMON AVE,0325,ROBBERY,VEHICULAR HIJACKING,ALLEY,true,false,0814,,23,,03,1144564,1870024,,41.799355793,-87.745382147
8257014,HT491296,09/10/2011 10:00:00 PM,051XX S CENTRAL AVE,0620,BURGLARY,UNLAWFUL ENTRY,RESIDENCE,false,false,0811,,23,,05,1139896,1869981,,41.799324135,-87.762502241
8257024,HT490986,09/10/2011 04:00:00 PM,026XX S WELLS ST,0610,BURGLARY,FORCIBLE ENTRY,APARTMENT,false,false,2113,,11,,05,1175061,1886676,,41.844423497,-87.633044163
8257026,HT490976,09/10/2011 10:30:00 PM,013XX E 47TH ST,0820,THEFT,$500 AND UNDER,STREET,false,false,2123,,4,,06,1185700,1874100,,41.80966948,-87.594398324
8257029,HT491279,09/10/2011 11:00:00 PM,052XX S DREXEL AVE,0610,BURGLARY,FORCIBLE ENTRY,APARTMENT,false,false,0233,,4,,05,1183131,1870549,,41.799985483,-87.603931416
8257034,HT490936,09/10/2011 09:45:00 PM,078XX S DREXEL AVE,0560,ASSAULT,SIMPLE,RESIDENCE,false,false,0624,,6,,08A,1183590,1853267,,41.752551386,-87.602786549
8257040,HT490740,09/10/2011 07:00:00 PM,052XX S PAYNE DR,0460,BATTERY,SIMPLE,PARK PROPERTY,false,false,0234,,4,,08B,1182095,1870493,,41.799855875,-87.607732415
8257043,HT490596,09/10/2011 05:20:00 PM,054XX S WENTWORTH AVE,0560,ASSAULT,SIMPLE,PARKING LOT/GARAGE(NON.RESID.),false,false,0232,,3,,08A,1175887,1869033,,41.795991039,-87.630542489
8257051,HT489888,09/10/2011 12:00:00 AM,088XX S EXCHANGE AVE,0915,MOTOR VEHICLE THEFT,"TRUCK, BUS, MOTOR HOME",STREET,false,false,0423,,10,,07,1197299,1846974,,41.734952506,-87.55275896
8257052,HT489745,09/10/2011 02:00:00 AM,024XX S SPAULDING AVE,0810,THEFT,OVER $500,STREET,false,false,1024,,22,,06,1154746,1887697,,41.847655605,-87.707569729
8257054,HT489754,09/10/2011 04:45:00 AM,058XX S MICHIGAN AVE,0920,MOTOR VEHICLE THEFT,ATT: AUTOMOBILE,STREET,false,false,0233,,20,,07,1178152,1866426,,41.788786066,-87.622315729
8257058,HT491179,09/10/2011 11:00:00 AM,001XX W ROOSEVELT RD,0486,BATTERY,DOMESTIC BATTERY SIMPLE,HOTEL/MOTEL,false,true,0131,,2,,08B,1175629,1895043,,41.867370409,-87.630708452
8257061,HT491032,09/10/2011 06:00:00 PM,089XX S BEVERLY AVE,1310,CRIMINAL DAMAGE,TO PROPERTY,RESIDENTIAL YARD (FRONT/BACK),false,false,2221,,21,,14,1165706,1845180,,41.73075749,-87.668552804
8257065,HT491258,09/10/2011 08:30:00 PM,007XX N SPRINGFIELD AVE,0460,BATTERY,SIMPLE,SIDEWALK,true,false,1112,,27,,08B,1150256,1904668,,41.894314571,-87.72360584
8257067,HT489708,09/10/2011 03:00:00 AM,063XX S INGLESIDE AVE,0486,BATTERY,DOMESTIC BATTERY SIMPLE,RESIDENCE,false,true,0314,,20,,08B,1183814,1863207,,41.779822481,-87.601655835
8257069,HT490035,09/10/2011 10:45:00 AM,082XX S DR MARTIN LUTHER KING JR DR,0486,BATTERY,DOMESTIC BATTERY SIMPLE,APARTMENT,false,true,0631,,6,,08B,1180334,1850479,,41.744976048,-87.614803635
8257076,HT490137,09/10/2011 07:00:00 AM,082XX S INGLESIDE AVE,0486,BATTERY,DOMESTIC BATTERY SIMPLE,APARTMENT,false,true,0631,,8,,08B,1183999,1850549,,41.745083371,-87.601372483
8257079,HT491061,09/10/2011 10:00:00 PM,008XX N LATROBE AVE,1310,CRIMINAL DAMAGE,TO PROPERTY,APARTMENT,false,true,1524,,37,,14,1141204,1905054,,41.89554551,-87.756841955
8257080,HT490028,09/10/2011 10:37:00 AM,004XX W 75TH ST,0460,BATTERY,SIMPLE,CTA BUS,false,false,0621,,17,,08B,1174841,1855206,,41.758071622,-87.634790084
8257091,HT490433,09/10/2011 03:35:00 PM,079XX S CARPENTER ST,1477,WEAPONS VIOLATION,RECKLESS FIREARM DISCHARGE,RESIDENTIAL YARD (FRONT/BACK),false,false,0612,,17,,15,1170695,1852090,,41.749612288,-87.650075406
8257095,HT491340,09/10/2011 10:00:00 AM,010XX E 76TH ST,0460,BATTERY,SIMPLE,SMALL RETAIL STORE,false,false,0624,,8,,08B,1184291,1854826,,41.756813077,-87.60016902
8257096,HT490702,09/10/2011 06:50:00 PM,076XX S ASHLAND AVE,1345,CRIMINAL DAMAGE,TO CITY OF CHICAGO PROPERTY,STREET,false,false,0611,,17,,14,1166999,1854155,,41.755358678,-87.663560189
8257100,HT491104,09/10/2011 08:30:00 PM,022XX N MILWAUKEE AVE,0810,THEFT,OVER $500,STREET,false,false,1431,,1,,06,1158176,1914451,,41.921001793,-87.694250288
8257110,HT491344,09/10/2011 11:00:00 PM,071XX S STONY ISLAND AVE,0460,BATTERY,SIMPLE,VEHICLE NON-COMMERCIAL,false,false,0324,,5,,08B,1188042,1858120,,41.765763563,-87.586317625
8257115,HT490274,09/10/2011 12:45:00 PM,019XX N KEDZIE AVE,0460,BATTERY,SIMPLE,APARTMENT,false,false,1421,,35,,08B,1154733,1912842,,41.916656277,-87.706943876
8257132,HT491375,09/10/2011 09:00:00 AM,032XX N KARLOV AVE,0620,BURGLARY,UNLAWFUL ENTRY,APARTMENT,false,false,1731,,31,,05,1148494,1921083,,41.93939308,-87.729652818
8257136,HT491370,09/10/2011 07:00:00 PM,014XX W JUNEWAY TER,0820,THEFT,$500 AND UNDER,STREET,false,false,2422,,49,,06,1165227,1951396,,42.022233105,-87.66728803
8257138,HT491383,09/10/2011 06:00:00 PM,049XX W ALTGELD ST,1320,CRIMINAL DAMAGE,TO VEHICLE,ALLEY,false,false,2521,,31,,14,1143043,1916183,,41.926050588,-87.749809575
8257142,HT490266,09/10/2011 12:10:00 PM,068XX S KOLIN AVE,0495,BATTERY,AGGRAVATED OF A SENIOR CITIZEN,ALLEY,false,false,0833,,13,,04B,1148550,1858989,,41.768998243,-87.731047739
8257144,HT491236,09/10/2011 11:30:00 PM,033XX W OGDEN AVE,2820,OTHER OFFENSE,TELEPHONE THREAT,POLICE FACILITY/VEH PARKING LOT,false,false,1024,,24,,26,1154489,1891024,,41.856790413,-87.708424071
8257146,HT491074,09/10/2011 11:21:00 PM,035XX W 72ND ST,0486,BATTERY,DOMESTIC BATTERY SIMPLE,RESIDENCE,false,true,0831,,18,,08B,1154034,1856638,,41.762439587,-87.711008144
8257147,HT491414,09/10/2011 11:59:00 PM,051XX S PARKSIDE AVE,1310,CRIMINAL DAMAGE,TO PROPERTY,RESIDENCE-GARAGE,false,false,0811,,23,,14,1139563,1870022,,41.799442708,-87.763722463
8257148,HT491412,09/10/2011 11:00:00 PM,040XX S FRANCISCO AVE,1320,CRIMINAL DAMAGE,TO VEHICLE,STREET,false,false,0912,,14,,14,1157697,1877432,,41.819427711,-87.697018512
8257149,HT489951,09/10/2011 09:46:00 AM,015XX S AVERS AVE,033A,ROBBERY,ATTEMPT: ARMED-HANDGUN,APARTMENT,false,false,1014,,24,,03,1150961,1892263,,41.860260107,-87.721341433
8257150,HT491395,09/10/2011 09:00:00 PM,123XX S YALE AVE,0610,BURGLARY,FORCIBLE ENTRY,RESIDENCE-GARAGE,false,false,0523,,9,,05,1176844,1823026,,41.669720424,-87.628414883
8257151,HT490092,09/10/2011 02:00:00 AM,120XX S HALSTED ST,0910,MOTOR VEHICLE THEFT,AUTOMOBILE,STREET,false,false,0524,,34,,07,1173161,1825111,,41.675523891,-87.641832941
8257153,HT490085,09/10/2011 11:15:00 AM,033XX W MONROE ST,0460,BATTERY,SIMPLE,RESIDENCE,false,false,1124,,28,,08B,1154199,1899339,,41.879613461,-87.709266655
8257155,HT490451,09/10/2011 04:05:45 PM,049XX W JACKSON BLVD,1811,NARCOTICS,POSS: CANNABIS 30GMS OR LESS,VEHICLE NON-COMMERCIAL,false,false,1533,,24,,18,1143611,1898219,,41.876744732,-87.748172677
8257156,HT490658,09/10/2011 05:45:00 PM,047XX S KOMENSKY AVE,1310,CRIMINAL DAMAGE,TO PROPERTY,APARTMENT,false,false,0815,,14,,14,1150160,1872864,,41.807042303,-87.724786189
8257157,HT490078,09/10/2011 08:15:00 AM,022XX S KOLIN AVE,0281,CRIM SEXUAL ASSAULT,NON-AGGRAVATED,RESIDENCE,false,false,1013,,22,,02,1148000,1888703,,41.850548421,-87.73230208
8257167,HT491388,09/10/2011 02:32:00 AM,003XX W CHICAGO AVE,1121,DECEPTIVE PRACTICE,COUNTERFEITING DOCUMENT,GAS STATION,false,false,1823,,27,,10,1173639,1905658,,41.896543094,-87.637698101
8257177,HT490091,09/10/2011 10:30:00 AM,028XX N CLARK ST,0820,THEFT,$500 AND UNDER,OTHER,false,false,1932,,44,,06,1171402,1919138,,41.933582379,-87.645517082
8257180,HT490235,09/10/2011 01:00:00 PM,033XX N ASHLAND AVE,1122,DECEPTIVE PRACTICE,COUNTERFEIT CHECK,BANK,false,false,1924,,44,,10,1165056,1922403,,41.942679049,-87.668745178
8257182,HT491387,09/10/2011 03:00:00 AM,067XX N RIDGE BLVD,0560,ASSAULT,SIMPLE,SMALL RETAIL STORE,false,false,2412,,50,,08A,1161864,1944903,,42.004487311,-87.679846425
8257183,HT490315,09/10/2011 02:10:00 PM,059XX S HALSTED ST,0520,ASSAULT,AGGRAVATED:KNIFE/CUTTING INSTR,STREET,false,false,0712,,16,,04A,1171984,1865568,,41.786569368,-87.644956704
8257185,HT490295,09/10/2011 01:45:00 PM,057XX S PEORIA ST,1310,CRIMINAL DAMAGE,TO PROPERTY,APARTMENT,false,false,0712,,16,,14,1171285,1866863,,41.790138322,-87.647481719
8257188,HT491419,09/10/2011 07:00:00 PM,013XX W BALMORAL AVE,0910,MOTOR VEHICLE THEFT,AUTOMOBILE,STREET,false,false,2013,,48,,07,1166188,1935979,,41.979907971,-87.664194906
8257190,HT490314,09/10/2011 01:15:00 PM,042XX W 47TH ST,0820,THEFT,$500 AND UNDER,VEHICLE-COMMERCIAL,false,false,0815,,14,,06,1149055,1873134,,41.807804622,-87.728832074
8257200,HT491439,09/10/2011 09:00:00 PM,058XX N CENTRAL PARK AVE,1320,CRIMINAL DAMAGE,TO VEHICLE,STREET,false,false,1711,,39,,14,1151327,1938558,,41.987290448,-87.718780026
8257202,HT491409,09/10/2011 11:00:00 PM,010XX N LARRABEE ST,0610,BURGLARY,FORCIBLE ENTRY,CONVENIENCE STORE,false,false,1822,,27,,05,1172155,1907178,,41.900746949,-87.643103609
8257206,HT491411,09/10/2011 07:00:00 PM,071XX S ALBANY AVE,0610,BURGLARY,FORCIBLE ENTRY,RESIDENCE-GARAGE,false,false,0831,,18,,05,1156940,1857112,,41.763682129,-87.700344347
8257207,HT491394,09/10/2011 12:07:00 AM,061XX S TALMAN AVE,0610,BURGLARY,FORCIBLE ENTRY,RESIDENCE,false,false,0825,,15,,05,1159762,1863797,,41.78196928,-87.689817695
8257209,HT491441,09/10/2011 05:00:00 PM,053XX S ARTESIAN AVE,1320,CRIMINAL DAMAGE,TO VEHICLE,STREET,false,false,0911,,14,,14,1160949,1868977,,41.796159432,-87.68532268
8257225,HT491505,09/10/2011 08:30:00 PM,022XX N LAKEWOOD AVE,0820,THEFT,$500 AND UNDER,STREET,false,false,1811,,32,,06,1167275,1915093,,41.922572536,-87.660800103
8257226,HT491473,09/10/2011 08:00:00 PM,015XX W WINNEMAC AVE,0820,THEFT,$500 AND UNDER,STREET,false,false,2032,,46,,06,1165016,1933614,,41.973443371,-87.668572546
8257227,HT491509,09/10/2011 11:30:00 PM,022XX W 18TH PL,1320,CRIMINAL DAMAGE,TO VEHICLE,OTHER,false,false,1223,,25,,14,1161650,1891039,,41.856685549,-87.682138831
8257229,HT491477,09/10/2011 10:00:00 PM,030XX N DRAKE AVE,0820,THEFT,$500 AND UNDER,STREET,false,false,1412,,35,,06,1152189,1920137,,41.936724976,-87.716097594
8257234,HT491489,09/10/2011 04:35:00 PM,069XX S JEFFERY BLVD,2820,OTHER OFFENSE,TELEPHONE THREAT,APARTMENT,false,false,0331,,5,,26,1190743,1859341,,41.769049288,-87.576378338
8257241,HT491511,09/10/2011 09:00:00 AM,044XX S ARTESIAN AVE,0610,BURGLARY,FORCIBLE ENTRY,RESIDENCE,false,false,0914,,12,,05,1160761,1875262,,41.813410154,-87.685838464
8257248,HT491518,09/10/2011 10:00:00 PM,088XX S EAST END AVE,0610,BURGLARY,FORCIBLE ENTRY,RESIDENCE-GARAGE,false,false,0412,,8,,05,1189093,1846807,,41.734694537,-87.582827113
8257249,HT491418,09/10/2011 05:00:00 PM,106XX S EGGLESTON AVE,1310,CRIMINAL DAMAGE,TO PROPERTY,RESIDENCE-GARAGE,false,false,2233,,34,,14,1175172,1834315,,41.700736554,-87.63419888
8257265,HT490304,09/10/2011 06:45:00 AM,021XX S SAWYER AVE,0910,MOTOR VEHICLE THEFT,AUTOMOBILE,STREET,false,false,1022,,24,,07,1155019,1889720,,41.853201487,-87.706513613
8257266,HT491514,09/10/2011 04:00:00 PM,048XX W NORTH AVE,0910,MOTOR VEHICLE THEFT,AUTOMOBILE,PARKING LOT/GARAGE(NON.RESID.),false,false,2533,,37,,07,1143866,1910199,,41.909614463,-87.746935761
8257267,HT490012,09/10/2011 10:50:00 AM,031XX W OGDEN AVE,0820,THEFT,$500 AND UNDER,STREET,true,false,1022,,24,,06,1155890,1891743,,41.858735332,-87.703262246
8257271,HT491495,09/10/2011 07:00:00 PM,089XX S BLACKSTONE AVE,0910,MOTOR VEHICLE THEFT,AUTOMOBILE,STREET,false,false,0413,,8,,07,1187676,1846057,,41.73267025,-87.588042102
8257273,HT490288,09/10/2011 12:00:00 PM,043XX W 25TH ST,1365,CRIMINAL TRESPASS,TO RESIDENCE,APARTMENT,false,false,1013,,22,,26,1147737,1887029,,41.845959794,-87.733310277
8257276,HT491527,09/10/2011 09:30:00 AM,058XX S GREEN ST,0910,MOTOR VEHICLE THEFT,AUTOMOBILE,STREET,false,false,0712,,16,,07,1171643,1865953,,41.787633336,-87.646195703
8257280,HT491369,09/10/2011 09:00:00 PM,025XX S ST LOUIS AVE,1320,CRIMINAL DAMAGE,TO VEHICLE,STREET,false,false,1024,,22,,14,1153441,1886904,,41.845505512,-87.712380181
8257284,HT491561,09/10/2011 08:00:00 PM,016XX N HUMBOLDT BLVD,0630,BURGLARY,ATTEMPT FORCIBLE ENTRY,RESIDENCE,false,false,1421,,35,,05,1156125,1910742,,41.91086569,-87.701886485
8257287,HT489839,09/10/2011 08:00:00 AM,014XX S ST LOUIS AVE,1320,CRIMINAL DAMAGE,TO VEHICLE,PARKING LOT/GARAGE(NON.RESID.),false,false,1021,,24,,14,1153269,1892882,,41.861913256,-87.712852878
8257291,HT490263,09/10/2011 01:30:00 PM,070XX S EMERALD AVE,1310,CRIMINAL DAMAGE,TO PROPERTY,RESIDENCE,false,false,0732,,6,,14,1172521,1858268,,41.766525507,-87.643202585
8257293,HT491432,09/10/2011 06:00:00 PM,008XX W 76TH ST,1310,CRIMINAL DAMAGE,TO PROPERTY,VACANT LOT/LAND,false,false,0621,,17,,14,1172119,1854463,,41.756092956,-87.644787698
8257295,HT491487,09/10/2011 11:00:00 PM,081XX S COTTAGE GROVE AVE,0890,THEFT,FROM BUILDING,APARTMENT,false,false,0631,,6,,06,1182970,1851301,,41.747170897,-87.605119541
8257297,HT490308,09/10/2011 01:55:00 PM,015XX W 59TH ST,1320,CRIMINAL DAMAGE,TO VEHICLE,ALLEY,false,false,0713,,15,,14,1166919,1865597,,41.786758725,-87.663526805
8257300,HT491570,09/10/2011 10:30:00 PM,046XX N GREENVIEW AVE,0820,THEFT,$500 AND UNDER,RESIDENCE-GARAGE,false,false,1922,,47,,06,1165236,1931096,,41.966529198,-87.667835481
8257301,HT491488,09/10/2011 10:00:00 PM,004XX E RANDOLPH ST,0927,MOTOR VEHICLE THEFT,"ATTEMPT: CYCLE, SCOOTER, BIKE W-VIN",STREET,false,false,0124,,42,,07,1179325,1901333,,41.884546689,-87.616947314
8257325,HT491433,09/10/2011 11:30:00 PM,027XX W NORTH AVE,0486,BATTERY,DOMESTIC BATTERY SIMPLE,SIDEWALK,false,true,1421,,1,,08B,1158043,1910528,,41.910239494,-87.694846269
8257329,HT491438,09/10/2011 05:45:00 PM,105XX S UNION AVE,1310,CRIMINAL DAMAGE,TO PROPERTY,RESIDENCE PORCH/HALLWAY,false,false,2233,,34,,14,1173505,1835078,,41.702867313,-87.640280328
8257335,HT490217,09/10/2011 12:50:00 PM,048XX W NORTH AVE,0486,BATTERY,DOMESTIC BATTERY SIMPLE,PARKING LOT/GARAGE(NON.RESID.),false,true,2533,,37,,08B,1143844,1910199,,41.909614875,-87.747016581
8257338,HT491492,09/10/2011 02:00:00 PM,032XX N KARLOV AVE,0810,THEFT,OVER $500,RESIDENCE,false,false,1731,,31,,06,1148494,1921083,,41.93939308,-87.729652818
8257348,HT491521,09/10/2011 02:00:00 AM,012XX W ROOSEVELT RD,0486,BATTERY,DOMESTIC BATTERY SIMPLE,SIDEWALK,false,true,1231,,2,,08B,1168473,1894848,,41.866993033,-87.656984681
8257350,HT491363,09/10/2011 04:00:00 PM,069XX S PEORIA ST,0610,BURGLARY,FORCIBLE ENTRY,APARTMENT,false,false,0733,,17,,05,1171504,1858768,,41.767919899,-87.646915641
8257362,HT491011,09/10/2011 11:00:00 PM,061XX S CARPENTER ST,0820,THEFT,$500 AND UNDER,RESIDENCE PORCH/HALLWAY,false,false,0712,,16,,06,1170365,1864100,,41.782576421,-87.650935508
8257365,HT491658,09/10/2011 06:00:00 PM,050XX N MARINE DR,0810,THEFT,OVER $500,STREET,false,false,2024,,48,,06,1169716,1933892,,41.974104832,-87.651281486
8257372,HT491644,09/10/2011 11:00:00 PM,002XX S SANGAMON ST,1320,CRIMINAL DAMAGE,TO VEHICLE,STREET,false,false,1213,,2,,14,1170134,1899089,,41.878594579,-87.650763163
8257375,HT490200,09/10/2011 07:00:00 AM,002XX N HAMLIN BLVD,2820,OTHER OFFENSE,TELEPHONE THREAT,RESIDENCE,false,true,1122,,28,,26,1151019,1901074,,41.884437347,-87.720897763
8257378,HT491428,09/10/2011 01:00:00 PM,031XX W POLK ST,0610,BURGLARY,FORCIBLE ENTRY,OTHER,false,false,1134,,24,,05,1155503,1896198,,41.870968116,-87.704563026
8257383,HT491623,09/10/2011 05:00:00 PM,050XX W PENSACOLA AVE,1152,DECEPTIVE PRACTICE,ILLEGAL USE CASH CARD,STREET,false,false,1624,,45,,11,1142035,1928453,,41.959739395,-87.753208398
8257386,HT491607,09/10/2011 06:00:00 PM,017XX N KEDVALE AVE,1320,CRIMINAL DAMAGE,TO VEHICLE,STREET,false,false,2534,,30,,14,1148451,1911148,,41.912131362,-87.730067748
8257387,HT491584,09/10/2011 04:00:00 PM,002XX S SANGAMON ST,0820,THEFT,$500 AND UNDER,STREET,false,false,1213,,2,,06,1170133,1899122,,41.878685155,-87.650765871
8257391,HT490322,09/10/2011 02:00:00 PM,014XX N CENTRAL PARK AVE,0340,ROBBERY,ATTEMPT: STRONGARM-NO WEAPON,SIDEWALK,false,false,1422,,26,,03,1152105,1909216,,41.906758466,-87.716694918
8257396,HT491678,09/10/2011 06:00:00 PM,111XX S WASHTENAW AVE,0820,THEFT,$500 AND UNDER,RESIDENTIAL YARD (FRONT/BACK),false,false,2212,,19,,06,1160369,1830598,,41.690853414,-87.688504216
8257397,HT491550,09/10/2011 07:00:00 PM,042XX W WILCOX ST,1320,CRIMINAL DAMAGE,TO VEHICLE,STREET,false,false,1115,,28,,14,1148248,1899001,,41.878802616,-87.731126737
8257398,HT491633,09/10/2011 08:30:00 AM,075XX W BELMONT AVE,0486,BATTERY,DOMESTIC BATTERY SIMPLE,RESIDENCE,false,true,2511,,36,,08B,1125088,1920406,,41.937955382,-87.815693164
8257399,HT491665,09/10/2011 10:30:00 AM,047XX W SHAKESPEARE AVE,2820,OTHER OFFENSE,TELEPHONE THREAT,RESIDENCE,false,true,2522,,31,,26,1144411,1913874,,41.919688804,-87.744841006
8257401,HT491613,09/10/2011 08:00:00 PM,008XX S LEAVITT ST,0820,THEFT,$500 AND UNDER,STREET,false,false,1224,,25,,06,1161850,1896275,,41.871049469,-87.681258746
8257412,HT491476,09/10/2011 11:30:00 PM,0000X E 26TH ST,0460,BATTERY,SIMPLE,RESIDENCE,false,false,2113,,2,,08B,1177330,1887132,,41.845623723,-87.624703584
8257414,HT490184,09/10/2011 12:30:00 PM,043XX S MAPLEWOOD AVE,0460,BATTERY,SIMPLE,SIDEWALK,false,false,0914,,12,,08B,1160088,1875742,,41.814741221,-87.688293862
8257416,HT490237,09/10/2011 12:45:00 PM,030XX W 40TH PL,0486,BATTERY,DOMESTIC BATTERY SIMPLE,RESIDENCE,false,true,0912,,14,,08B,1156809,1877621,,41.81996435,-87.700270965
8257417,HT490231,09/10/2011 01:06:00 PM,091XX S COMMERCIAL AVE,0460,BATTERY,SIMPLE,SMALL RETAIL STORE,false,true,0424,,10,,08B,1197735,1844844,,41.729096752,-87.551232582
8257422,HT490883,09/10/2011 05:00:00 PM,114XX S UNION AVE,0610,BURGLARY,FORCIBLE ENTRY,RESIDENCE,false,false,2233,,34,,05,1173692,1829107,,41.686477843,-87.639771635
8257424,HT490761,09/10/2011 12:10:00 PM,097XX S MORGAN ST,0610,BURGLARY,FORCIBLE ENTRY,RESIDENCE,false,false,2223,,21,,05,1171372,1840090,,41.716667836,-87.647944766
8257450,HT491415,09/10/2011 09:00:00 PM,062XX N HAMLIN AVE,1310,CRIMINAL DAMAGE,TO PROPERTY,RESIDENCE,false,false,1711,,39,,14,1149904,1941223,,41.994631261,-87.723944159
8257453,HT491621,09/10/2011 10:00:00 PM,061XX S CAMPBELL AVE,0486,BATTERY,DOMESTIC BATTERY SIMPLE,STREET,false,true,0825,,15,,08B,1160759,1863785,,41.781915817,-87.686162745
8257461,HT490230,09/10/2011 01:00:00 PM,033XX N HARLEM AVE,0486,BATTERY,DOMESTIC BATTERY SIMPLE,RESIDENCE,false,true,1631,,36,,08B,1127495,1921266,,41.940275103,-87.80682735
8257468,HT491737,09/10/2011 10:00:00 PM,070XX N PAULINA ST,1310,CRIMINAL DAMAGE,TO PROPERTY,APARTMENT,false,false,2423,,49,,14,1163912,1946761,,42.009542563,-87.672259013
8257469,HT491725,09/10/2011 11:00:00 PM,054XX N ROCKWELL ST,0910,MOTOR VEHICLE THEFT,AUTOMOBILE,STREET,false,false,2011,,40,,07,1158034,1935864,,41.979763278,-87.694185305
8257484,HT490029,09/10/2011 01:00:00 AM,038XX S RACINE AVE,0910,MOTOR VEHICLE THEFT,AUTOMOBILE,STREET,false,false,0922,,11,,07,1168963,1879517,,41.824912785,-87.655629973
8257500,HT490795,09/10/2011 12:15:00 PM,002XX S DEARBORN ST,0820,THEFT,$500 AND UNDER,CTA PLATFORM,false,false,0112,,42,,06,1175965,1899328,,41.87912116,-87.62934594
8257502,HT491442,09/10/2011 11:00:00 PM,013XX W ROSCOE ST,0620,BURGLARY,UNLAWFUL ENTRY,RESIDENCE,false,false,1924,,44,,05,1166720,1922693,,41.943439258,-87.662620881
8257525,HT491755,09/10/2011 12:30:00 AM,025XX N LAWNDALE AVE,0810,THEFT,OVER $500,RESIDENTIAL YARD (FRONT/BACK),false,false,2524,,35,,06,1151289,1916564,,41.9269381,-87.719499245
8257530,HT491874,09/10/2011 09:15:00 PM,025XX N WASHTENAW AVE,0610,BURGLARY,FORCIBLE ENTRY,APARTMENT,false,false,1431,,35,,05,1157943,1916651,,41.927043518,-87.695046216
8257549,HT491940,09/10/2011 05:00:00 PM,070XX S OAKLEY AVE,0820,THEFT,$500 AND UNDER,RESIDENTIAL YARD (FRONT/BACK),false,false,0832,,17,,06,1162282,1857943,,41.76585297,-87.680741536
8257553,HT491826,09/10/2011 08:00:00 PM,005XX N LAWLER AVE,0915,MOTOR VEHICLE THEFT,"TRUCK, BUS, MOTOR HOME",ALLEY,false,false,1532,,28,,07,1142605,1903028,,41.889959979,-87.75174678
8257559,HT491901,09/10/2011 09:00:00 PM,022XX N CLARK ST,1150,DECEPTIVE PRACTICE,CREDIT CARD FRAUD,SMALL RETAIL STORE,false,false,1812,,43,,11,1173140,1915498,,41.923555631,-87.639238366
8257573,HT491846,09/10/2011 11:00:00 PM,035XX N RETA AVE,0890,THEFT,FROM BUILDING,RESIDENCE,false,false,2331,,44,,06,1169966,1923683,,41.946085542,-87.650661256
8257580,HT491795,09/10/2011 03:00:00 PM,033XX S ASHLAND AVE,1320,CRIMINAL DAMAGE,TO VEHICLE,STREET,false,true,0922,,11,,14,1166209,1882730,,41.833788757,-87.665641988
8257582,HT491832,09/10/2011 02:00:00 PM,005XX S MAPLEWOOD AVE,0910,MOTOR VEHICLE THEFT,AUTOMOBILE,RESIDENTIAL YARD (FRONT/BACK),false,false,1135,,2,,07,1159290,1897540,,41.874573731,-87.690622669
8257584,HT491800,09/10/2011 08:00:00 PM,005XX E 74TH ST,1310,CRIMINAL DAMAGE,TO PROPERTY,APARTMENT,false,false,0323,,6,,14,1181293,1856074,,41.760307307,-87.611117656
8257585,HT491820,09/10/2011 05:30:00 PM,053XX S ARTESIAN AVE,1320,CRIMINAL DAMAGE,TO VEHICLE,STREET,false,false,0911,,14,,14,1160947,1869057,,41.796379004,-87.685327803
8257591,HT491810,09/10/2011 10:00:00 PM,122XX S YALE AVE,0925,MOTOR VEHICLE THEFT,"ATT: TRUCK, BUS, MOTOR HOME",STREET,false,false,0523,,34,,07,1176820,1823735,,41.671666571,-87.628481496
8257599,HT491779,09/10/2011 11:15:00 PM,022XX W WASHINGTON BLVD,0460,BATTERY,SIMPLE,STREET,false,false,1332,,2,,08B,1161369,1900643,,41.883045668,-87.682903142
8257601,HT490707,09/10/2011 03:30:00 PM,060XX W TOUHY AVE,4387,OTHER OFFENSE,VIOLATE ORDER OF PROTECTION,ATHLETIC CLUB,true,true,1621,,41,,26,1135340,1947448,,42.01198504,-87.777369305
8257602,HT491769,09/10/2011 12:00:00 PM,073XX S EMERALD AVE,0890,THEFT,FROM BUILDING,RESIDENCE,false,false,0732,,17,,06,1172573,1856139,,41.760682126,-87.643074607
8257604,HT491754,09/10/2011 08:30:00 PM,031XX N SAWYER AVE,0910,MOTOR VEHICLE THEFT,AUTOMOBILE,STREET,false,false,1412,,35,,07,1154170,1920615,,41.937997275,-87.70880433
8257608,HT490905,09/10/2011 08:10:00 PM,045XX W JACKSON BLVD,0486,BATTERY,DOMESTIC BATTERY SIMPLE,APARTMENT,false,true,1131,,24,,08B,1146319,1898306,,41.876932377,-87.738227419
8257609,HT491456,09/10/2011 08:00:00 PM,010XX S PLYMOUTH CT,0850,THEFT,ATTEMPT THEFT,STREET,false,false,0132,,2,,06,1176206,1895801,,41.86943743,-87.628567375
8257610,HT490660,09/10/2011 06:15:00 PM,051XX N MASON AVE,2820,OTHER OFFENSE,TELEPHONE THREAT,RESIDENCE,false,false,1622,,45,,26,1135534,1933873,,41.97473067,-87.776979988
8257611,HT491741,09/10/2011 06:00:00 PM,051XX N GLENWOOD AVE,0820,THEFT,$500 AND UNDER,RESIDENTIAL YARD (FRONT/BACK),false,false,2033,,46,,06,1166062,1934128,,41.974831468,-87.664711417
8257614,HT490642,09/10/2011 05:45:00 PM,048XX W DIVERSEY AVE,0320,ROBBERY,STRONGARM - NO WEAPON,PARKING LOT/GARAGE(NON.RESID.),true,false,2521,,31,,03,1143737,1918183,,41.931525797,-87.747209193
8257617,HT490536,09/10/2011 06:30:00 AM,002XX N WELLS ST,0820,THEFT,$500 AND UNDER,PARKING LOT/GARAGE(NON.RESID.),false,false,0113,,42,,06,1174695,1901798,,41.885927479,-87.633935196
8257619,HT490930,09/10/2011 09:30:00 PM,072XX S HOYNE AVE,051A,ASSAULT,AGGRAVATED: HANDGUN,ALLEY,false,true,0735,,17,,04A,1163610,1856817,,41.762735316,-87.675905488
8257629,HT490733,09/10/2011 06:50:00 PM,010XX N AVERS AVE,1310,CRIMINAL DAMAGE,TO PROPERTY,RESIDENCE,false,false,1112,,27,,14,1150530,1906603,,41.89961906,-87.72254892
8257631,HT490766,09/10/2011 07:00:00 PM,048XX W QUINCY ST,0486,BATTERY,DOMESTIC BATTERY SIMPLE,SIDEWALK,false,true,1533,,28,,08B,1144155,1898564,,41.877681259,-87.746166588
8257640,HT490598,09/10/2011 05:00:00 PM,001XX S LEAVITT ST,0530,ASSAULT,AGGRAVATED: OTHER DANG WEAPON,APARTMENT,false,false,1211,,2,,04A,1161763,1899343,,41.879470151,-87.681492612
8257642,HT490635,09/10/2011 06:13:00 PM,045XX W JACKSON BLVD,0486,BATTERY,DOMESTIC BATTERY SIMPLE,APARTMENT,false,true,1131,,24,,08B,1146132,1898301,,41.876922212,-87.738914161
8257651,HT490858,09/10/2011 08:15:00 PM,053XX S WOLCOTT AVE,0460,BATTERY,SIMPLE,STREET,false,false,0915,,16,,08B,1164592,1869271,,41.79689007,-87.671955212
8257655,HT490522,09/10/2011 04:30:00 PM,042XX W CONGRESS PKWY,0320,ROBBERY,STRONGARM - NO WEAPON,SIDEWALK,false,false,1132,,24,,03,1148306,1897357,,41.874290173,-87.730956137
8257657,HT490418,09/10/2011 03:25:00 PM,011XX S INDEPENDENCE BLVD,0460,BATTERY,SIMPLE,STREET,false,false,1133,,24,,08B,1151264,1894902,,41.867495897,-87.72016
8257659,HT490353,09/10/2011 02:30:00 PM,047XX W MONROE ST,1310,CRIMINAL DAMAGE,TO PROPERTY,RESIDENCE,false,false,1113,,28,,14,1144885,1899148,,41.87927009,-87.743471447
8257662,HT490479,09/10/2011 03:30:00 PM,011XX S CALIFORNIA AVE,051A,ASSAULT,AGGRAVATED: HANDGUN,SIDEWALK,false,false,1135,,28,,04A,1157865,1894893,,41.867339259,-87.695926828
8257667,HT490618,09/10/2011 12:30:00 AM,025XX W 51ST ST,0460,BATTERY,SIMPLE,OTHER,false,false,0911,,14,,08B,1160140,1870767,,41.801088123,-87.688240094
8257668,HT490731,09/10/2011 07:05:00 PM,042XX S ALBANY AVE,0486,BATTERY,DOMESTIC BATTERY SIMPLE,SIDEWALK,false,true,0912,,14,,08B,1156384,1876542,,41.817012018,-87.701859148
8257669,HT490603,09/10/2011 07:45:00 AM,002XX E 108TH ST,1310,CRIMINAL DAMAGE,TO PROPERTY,RESIDENCE,false,false,0513,,9,,14,1179933,1833410,,41.69814573,-87.616793511
8257670,HT490734,09/10/2011 07:00:00 PM,107XX S STATE ST,1477,WEAPONS VIOLATION,RECKLESS FIREARM DISCHARGE,RESIDENCE,false,false,0513,,34,,15,1178154,1833784,,41.699212468,-87.623295969
8257673,HT491962,09/10/2011 05:00:00 PM,034XX S RHODES AVE,0910,MOTOR VEHICLE THEFT,AUTOMOBILE,PARKING LOT/GARAGE(NON.RESID.),false,false,2122,,4,,07,1180461,1882209,,41.832043206,-87.613364699
8257675,HT490846,09/10/2011 08:12:00 PM,017XX N TRIPP AVE,0630,BURGLARY,ATTEMPT FORCIBLE ENTRY,RESIDENCE-GARAGE,false,false,2534,,30,,05,1147784,1911180,,41.912232021,-87.732517316
8257683,HT491278,09/10/2011 11:18:00 PM,009XX N CALIFORNIA AVE,0820,THEFT,$500 AND UNDER,RESIDENCE,false,false,1311,,26,,06,1157556,1906021,,41.897881839,-87.696758186
8257687,HT491979,09/10/2011 12:00:00 PM,041XX W WEST END AVE,2820,OTHER OFFENSE,TELEPHONE THREAT,APARTMENT,false,false,1114,,28,,26,1148799,1900652,,41.883322519,-87.72906087
8257711,HT490950,09/10/2011 10:00:00 PM,093XX S ESSEX AVE,0810,THEFT,OVER $500,STREET,false,false,0423,,7,,06,1194470,1843485,,41.725448318,-87.563237374
8257715,HT492057,09/10/2011 11:30:00 PM,034XX W LE MOYNE ST,1310,CRIMINAL DAMAGE,TO PROPERTY,APARTMENT,false,false,1422,,26,,14,1153131,1909755,,41.90821723,-87.712911658
8257730,HT491968,09/10/2011 02:00:00 PM,021XX N HALSTED ST,0890,THEFT,FROM BUILDING,CHA APARTMENT,false,false,1812,,43,,06,1170603,1914380,,41.920543756,-87.648592978
8257731,HT491943,09/10/2011 07:00:00 PM,005XX W DELAWARE PL,0560,ASSAULT,SIMPLE,APARTMENT,false,true,1823,,27,,08A,1172454,1906668,,41.899340874,-87.642020467
8257735,HT491987,09/10/2011 09:00:00 PM,013XX N SEDGWICK ST,0910,MOTOR VEHICLE THEFT,AUTOMOBILE,STREET,false,false,1821,,27,,07,1173413,1909042,,41.905833996,-87.638427474
8257737,HT491714,09/10/2011 06:00:00 PM,040XX N KEYSTONE AVE,1320,CRIMINAL DAMAGE,TO VEHICLE,STREET,false,false,1722,,39,,14,1148570,1926501,,41.954259042,-87.729233149
8257746,HT491759,09/10/2011 12:00:00 PM,079XX S ABERDEEN ST,1477,WEAPONS VIOLATION,RECKLESS FIREARM DISCHARGE,PARKING LOT/GARAGE(NON.RESID.),false,false,0612,,17,,15,1170363,1852081,,41.74959482,-87.651292252
8257747,HT492125,09/10/2011 06:00:00 PM,048XX N CLARK ST,0890,THEFT,FROM BUILDING,RESIDENCE-GARAGE,false,false,2032,,46,,06,1165287,1932307,,41.969851141,-87.667613365
8257757,HT491771,09/10/2011 04:00:00 AM,011XX W ARGYLE ST,0820,THEFT,$500 AND UNDER,CTA TRAIN,false,false,2033,,48,,06,1167734,1933570,,41.973264324,-87.658579133
8257758,HT491705,09/10/2011 10:30:00 PM,048XX W DEMING PL,1750,OFFENSE INVOLVING CHILDREN,CHILD ABUSE,RESIDENCE,false,true,2521,,31,,20,1143716,1916531,,41.92699294,-87.747327857
8257763,HT492153,09/10/2011 10:00:00 PM,037XX W 83RD ST,1320,CRIMINAL DAMAGE,TO VEHICLE,STREET,false,false,0834,,18,,14,1152921,1849286,,41.742286494,-87.715281068
8257773,HT492126,09/10/2011 10:00:00 PM,013XX W GRENSHAW ST,1310,CRIMINAL DAMAGE,TO PROPERTY,RESIDENCE,false,false,1231,,2,,14,1167578,1895130,,41.867786167,-87.660262211
8257776,HT492164,09/10/2011 04:30:00 PM,034XX W 64TH ST,0910,MOTOR VEHICLE THEFT,AUTOMOBILE,STREET,false,false,0823,,15,,07,1154565,1861965,,41.777047144,-87.708920186
8257778,HT492139,09/10/2011 09:00:00 PM,047XX S CICERO AVE,0330,ROBBERY,AGGRAVATED,PARKING LOT/GARAGE(NON.RESID.),false,false,0814,,23,,03,1145155,1872875,,41.80716827,-87.743142974
8257782,HT490784,09/10/2011 07:45:00 PM,087XX S COTTAGE GROVE AVE,0486,BATTERY,DOMESTIC BATTERY SIMPLE,SIDEWALK,false,false,0632,,8,,08B,1183097,1846984,,41.735321624,-87.604788103
8257793,HT492021,09/10/2011 07:00:00 PM,009XX W MONTROSE AVE,0910,MOTOR VEHICLE THEFT,AUTOMOBILE,STREET,false,false,2313,,46,,07,1169276,1929405,,41.961801972,-87.653030492
8257796,HT491783,09/10/2011 08:00:00 PM,073XX N WINCHESTER AVE,0820,THEFT,$500 AND UNDER,STREET,false,false,2424,,49,,06,1162043,1948825,,42.015245624,-87.679077605
8257810,HT490032,09/10/2011 10:55:00 AM,029XX N PARKSIDE AVE,0460,BATTERY,SIMPLE,STREET,false,true,2514,,31,,08B,1138194,1919078,,41.934083948,-87.767557365
8257832,HT492171,09/10/2011 11:00:00 PM,024XX N SEMINARY AVE,0430,BATTERY,AGGRAVATED: OTHER DANG WEAPON,SIDEWALK,false,false,1933,,43,,04B,1168558,1916328,,41.925933733,-87.65605014
8257852,HT492111,09/10/2011 11:30:00 AM,087XX S BUFFALO AVE,0486,BATTERY,DOMESTIC BATTERY SIMPLE,RESIDENCE,false,true,0424,,10,,08B,1199557,1847712,,41.736921138,-87.544462011
8257866,HT492118,09/10/2011 10:00:00 AM,024XX N PARKSIDE AVE,0910,MOTOR VEHICLE THEFT,AUTOMOBILE,STREET,false,false,2515,,30,,07,1138308,1915556,,41.924417134,-87.76722387
8257885,HT492279,09/10/2011 03:23:00 PM,111XX S TROY ST,2825,OTHER OFFENSE,HARASSMENT BY TELEPHONE,APARTMENT,false,false,2211,,19,,26,1157341,1830641,,41.691033081,-87.699588895
8257898,HT492012,09/10/2011 05:05:00 PM,016XX N BOSWORTH AVE,0460,BATTERY,SIMPLE,SIDEWALK,false,false,1433,,1,,08B,1165742,1910902,,41.911105026,-87.666552531
8257942,HT492361,09/10/2011 02:00:00 PM,036XX W PALMER ST,0460,BATTERY,SIMPLE,RESIDENCE,false,true,2525,,26,,08B,1151581,1914374,,41.92092281,-87.718483965
8257979,HT492386,09/10/2011 06:00:00 PM,053XX W DAKIN ST,2825,OTHER OFFENSE,HARASSMENT BY TELEPHONE,APARTMENT,false,false,1634,,38,,26,1140112,1925735,,41.95231646,-87.760345123
8257999,HT489671,09/10/2011 02:18:00 AM,008XX N DAMEN AVE,0460,BATTERY,SIMPLE,SIDEWALK,false,false,1322,,32,,08B,1162914,1905799,,41.897161875,-87.67708503
8258003,HT492343,09/10/2011 10:58:00 PM,062XX S ROCKWELL ST,1310,CRIMINAL DAMAGE,TO PROPERTY,APARTMENT,false,false,0825,,15,,14,1160110,1863264,,41.7804995,-87.688556482
8258026,HT492445,09/10/2011 06:00:00 PM,016XX W 18TH ST,0890,THEFT,FROM BUILDING,RESIDENCE-GARAGE,false,false,1222,,25,,06,1165626,1891465,,41.857770857,-87.667532667
8258027,HT492428,09/10/2011 08:00:00 PM,023XX W LAKE ST,0820,THEFT,$500 AND UNDER,STREET,false,false,1332,,2,,06,1160765,1901231,,41.884671732,-87.685104751
8258039,HT492315,09/10/2011 04:00:00 AM,009XX W LAKE ST,0320,ROBBERY,STRONGARM - NO WEAPON,SIDEWALK,false,false,1212,,27,,03,1170233,1901649,,41.885617236,-87.650324848
8258047,HT491256,09/10/2011 09:30:00 PM,0000X E CHESTNUT ST,0890,THEFT,FROM BUILDING,RESTAURANT,false,false,1833,,42,,06,1176645,1906341,,41.898349868,-87.626637054
8258048,HT491221,09/10/2011 03:30:00 PM,005XX W MONROE ST,0820,THEFT,$500 AND UNDER,PARKING LOT/GARAGE(NON.RESID.),false,false,0111,,2,,06,1173053,1899838,,41.88058568,-87.640023065
8258050,HT492459,09/10/2011 05:00:00 PM,070XX N WOLCOTT AVE,1320,CRIMINAL DAMAGE,TO VEHICLE,STREET,false,false,2424,,49,,14,1162327,1946829,,42.009762594,-87.678088806
8258059,HT490797,09/10/2011 05:00:00 PM,049XX S ARTESIAN AVE,0460,BATTERY,SIMPLE,APARTMENT,false,false,0911,,14,,08B,1160868,1871652,,41.803501652,-87.685545789
8258115,HT492404,09/10/2011 01:00:00 PM,038XX W 27TH ST,0915,MOTOR VEHICLE THEFT,"TRUCK, BUS, MOTOR HOME",STREET,false,false,1031,,22,,07,1151046,1885776,,41.84245732,-87.721199163
8258147,HT489651,09/10/2011 01:20:00 AM,002XX W 117TH ST,1320,CRIMINAL DAMAGE,TO VEHICLE,VEHICLE NON-COMMERCIAL,false,true,0522,,34,,14,1176572,1827352,,41.681597745,-87.629280999
8258177,HT489552,09/10/2011 11:50:00 PM,088XX S COMMERCIAL AVE,0610,BURGLARY,FORCIBLE ENTRY,OTHER,false,false,0424,,10,,05,1197676,1846998,,41.735008973,-87.551377022
8258182,HT491048,09/10/2011 11:30:00 PM,015XX S PULASKI RD,0486,BATTERY,DOMESTIC BATTERY SIMPLE,STREET,true,true,1012,,24,,08B,1149966,1892248,,41.860238349,-87.724994244
8258225,HT491049,09/10/2011 10:50:00 PM,077XX S CONSTANCE AVE,0460,BATTERY,SIMPLE,SIDEWALK,false,false,0414,,8,,08B,1189882,1853924,,41.754205331,-87.579708255
8258246,HT492694,09/10/2011 08:30:00 PM,0000X E 103RD ST,0460,BATTERY,SIMPLE,SIDEWALK,false,false,0511,,9,,08B,1178149,1836683,,41.707167842,-87.623226752
8258287,HT492704,09/10/2011 08:00:00 PM,030XX N WOLCOTT AVE,1320,CRIMINAL DAMAGE,TO VEHICLE,STREET,false,false,1931,,32,,14,1163138,1920383,,41.937176645,-87.67585166
8258445,HT491906,09/10/2011 10:00:00 AM,012XX N MENARD AVE,0560,ASSAULT,SIMPLE,RESIDENCE,false,false,2531,,29,,08A,1137462,1907572,,41.902523387,-87.770524988
8258475,HT492793,09/10/2011 09:00:00 PM,012XX W GRAND AVE,1152,DECEPTIVE PRACTICE,ILLEGAL USE CASH CARD,ATM (AUTOMATIC TELLER MACHINE),false,false,1324,,27,,11,1167811,1903613,,41.891059146,-87.659162198
8258517,HT490165,09/10/2011 11:25:00 AM,117XX S UNION AVE,0560,ASSAULT,SIMPLE,RESIDENCE PORCH/HALLWAY,false,false,0524,,34,,08A,1173579,1826876,,41.68035812,-87.640251012
8258527,HT492849,09/10/2011 06:20:00 AM,023XX N ASHLAND AVE,1320,CRIMINAL DAMAGE,TO VEHICLE,OTHER,false,false,1811,,32,,14,1165277,1915788,,41.924522422,-87.668121549
8258553,HT489732,09/10/2011 04:08:00 AM,105XX S WENTWORTH AVE,0460,BATTERY,SIMPLE,STREET,false,false,0512,,34,,08B,1176810,1835237,,41.703230009,-87.628173505
8258557,HT490326,09/10/2011 02:00:00 PM,118XX S EGGLESTON AVE,0560,ASSAULT,SIMPLE,SIDEWALK,false,true,0522,,34,,08A,1175424,1826494,,41.679268926,-87.633508806
8258564,HT489616,09/10/2011 12:40:00 AM,120XX S DOTY AVE E,0460,BATTERY,SIMPLE,OTHER,true,false,0532,,10,,08B,1184351,1825106,,41.675256442,-87.600875726
8258573,HT490762,09/10/2011 07:00:00 PM,010XX E 133RD ST,2825,OTHER OFFENSE,HARASSMENT BY TELEPHONE,CHA APARTMENT,false,false,0533,,9,,26,1185887,1817277,,41.653736594,-87.59549906
8258574,HT492861,09/10/2011 05:00:00 PM,007XX N WABASH AVE,1320,CRIMINAL DAMAGE,TO VEHICLE,PARKING LOT/GARAGE(NON.RESID.),false,false,1833,,42,,14,1176598,1905516,,41.89608709,-87.626834633
8258608,HT492763,09/10/2011 05:30:00 PM,054XX W DIVERSEY AVE,1310,CRIMINAL DAMAGE,TO PROPERTY,COMMERCIAL / BUSINESS OFFICE,false,false,2514,,30,,14,1139457,1918079,,41.931319622,-87.762940225
8258664,HT492907,09/10/2011 12:15:00 AM,023XX W FULLERTON AVE,0820,THEFT,$500 AND UNDER,GAS STATION,false,false,1432,,32,,06,1160058,1915887,,41.924903583,-87.687295639
8258665,HT489873,09/10/2011 05:00:00 AM,063XX S NORMAL BLVD,0320,ROBBERY,STRONGARM - NO WEAPON,SIDEWALK,false,false,0722,,20,,03,1174033,1863083,,41.779704993,-87.637517763
8258725,HT492910,09/10/2011 02:00:00 PM,046XX S FRANCISCO AVE,2826,OTHER OFFENSE,HARASSMENT BY ELECTRONIC MEANS,RESIDENCE,false,true,0912,,14,,26,1157813,1873832,,41.809546494,-87.696690815
8258748,HT491661,09/10/2011 01:30:00 PM,037XX S PAULINA ST,0610,BURGLARY,FORCIBLE ENTRY,RESIDENCE-GARAGE,false,false,0922,,11,,05,1165627,1880021,,41.826367373,-87.667854475
8258858,HT492766,09/10/2011 05:33:00 PM,009XX N MICHIGAN AVE,0860,THEFT,RETAIL THEFT,SMALL RETAIL STORE,false,false,1833,,42,,06,1177320,1906851,,41.899734047,-87.624142375
8258879,HT492857,09/10/2011 10:30:00 PM,013XX W ARTHUR AVE,1310,CRIMINAL DAMAGE,TO PROPERTY,RESIDENCE,false,false,2432,,40,,14,1165938,1943442,,42.000391992,-87.664900085
8258913,HT490126,09/10/2011 05:30:00 AM,091XX S COMMERCIAL AVE,0890,THEFT,FROM BUILDING,COMMERCIAL / BUSINESS OFFICE,false,false,0423,,10,,06,1197734,1844871,,41.729170867,-87.551235346
8258972,HT491504,09/10/2011 01:00:00 AM,014XX W MONROE ST,0820,THEFT,$500 AND UNDER,STREET,false,false,1211,,2,,06,1166801,1899660,,41.880233534,-87.662984821
8258976,HT493108,09/10/2011 12:00:00 AM,104XX S LONGWOOD DR,1150,DECEPTIVE PRACTICE,CREDIT CARD FRAUD,RESIDENCE,false,false,2212,,19,,11,1165162,1835312,,41.703689631,-87.670823843
8258989,HT492764,09/10/2011 01:00:00 PM,026XX W FITCH AVE,0610,BURGLARY,FORCIBLE ENTRY,APARTMENT,false,false,2411,,50,,05,1157525,1947336,,42.011253315,-87.695743074
8259086,HT490990,09/10/2011 10:25:00 AM,121XX S EMERALD AVE,1811,NARCOTICS,POSS: CANNABIS 30GMS OR LESS,ALLEY,true,false,0523,,34,,18,1173514,1824348,,41.673422313,-87.640563343
8259121,HT491458,09/10/2011 05:00:00 PM,063XX S DR MARTIN LUTHER KING JR DR,0610,BURGLARY,FORCIBLE ENTRY,APARTMENT,false,false,0312,,20,,05,1180013,1862930,,41.779150271,-87.615599158
8259127,HT493121,09/10/2011 05:00:00 PM,009XX W SUPERIOR ST,0810,THEFT,OVER $500,STREET,false,false,1323,,27,,06,1170119,1905252,,41.895506593,-87.650638207
8259131,HT492780,09/10/2011 10:00:00 PM,029XX N CENTRAL AVE,0610,BURGLARY,FORCIBLE ENTRY,SMALL RETAIL STORE,false,false,2514,,31,,05,1138527,1919024,,41.933929729,-87.766334891
8259157,HT492809,09/10/2011 10:00:00 AM,048XX W NORTH AVE,0840,THEFT,FINANCIAL ID THEFT: OVER $300,RESIDENCE,false,false,2533,,37,,06,1143667,1910194,,41.909604473,-87.747666936
8259357,HT492996,09/10/2011 08:00:00 PM,013XX N DAMEN AVE,1305,CRIMINAL DAMAGE,CRIMINAL DEFACEMENT,RESIDENCE,false,false,1424,,1,,14,1162816,1909138,,41.906326399,-87.677351194
8259373,HT493041,09/10/2011 02:00:00 PM,015XX W WABANSIA AVE,0915,MOTOR VEHICLE THEFT,"TRUCK, BUS, MOTOR HOME",STREET,false,false,1433,,1,,07,1165585,1911394,,41.912458454,-87.667115255
8259382,HT491655,09/10/2011 09:00:00 PM,047XX N LEAMINGTON AVE,0610,BURGLARY,FORCIBLE ENTRY,RESIDENCE-GARAGE,false,false,1623,,45,,05,1141189,1930900,,41.966469849,-87.756258127
8259387,HT493045,09/10/2011 01:00:00 PM,044XX W WILCOX ST,0281,CRIM SEXUAL ASSAULT,NON-AGGRAVATED,RESIDENCE PORCH/HALLWAY,false,true,1113,,28,,02,1146805,1898968,,41.878739722,-87.73642605
8259458,HT489845,09/10/2011 04:49:00 AM,015XX E 67TH ST,0610,BURGLARY,FORCIBLE ENTRY,DRUG STORE,false,false,0332,,5,,05,1187705,1860871,,41.773320568,-87.587465382
8259460,HT491813,09/10/2011 01:42:00 PM,026XX S CALIFORNIA AVE,0530,ASSAULT,AGGRAVATED: OTHER DANG WEAPON,STREET,false,false,1033,,12,,04A,1158126,1886449,,41.844162699,-87.695199039
8259465,HT493250,09/10/2011 01:00:00 AM,100XX S WENTWORTH AVE,031A,ROBBERY,ARMED: HANDGUN,SIDEWALK,false,false,0511,,9,,03,1176714,1838358,,41.711796628,-87.628431483
8259486,HT493383,09/10/2011 11:00:00 PM,090XX S CLYDE AVE,1320,CRIMINAL DAMAGE,TO VEHICLE,STREET,false,false,0413,,7,,14,1191749,1845502,,41.731049527,-87.573139075
8259544,HT493538,09/10/2011 05:00:00 PM,033XX N NORMANDY AVE,1320,CRIMINAL DAMAGE,TO VEHICLE,STREET,false,false,1632,,36,,14,1131158,1921488,,41.940821771,-87.793359195
8259556,HT493310,09/10/2011 05:40:00 AM,016XX N MONTICELLO AVE,0610,BURGLARY,FORCIBLE ENTRY,RESIDENCE-GARAGE,false,false,2535,,26,,05,1151794,1910744,,41.91095757,-87.717797076
8259595,HT493625,09/10/2011 05:15:00 AM,042XX N MILWAUKEE AVE,1305,CRIMINAL DAMAGE,CRIMINAL DEFACEMENT,COMMERCIAL / BUSINESS OFFICE,false,false,1624,,45,,14,1142264,1927896,,41.958206681,-87.752380363
8259637,HT493673,09/10/2011 03:00:00 AM,026XX W CORTEZ ST,0460,BATTERY,SIMPLE,TAXICAB,false,false,1311,,1,,08B,1158626,1906885,,41.900230875,-87.692804482
8259684,HT493339,09/10/2011 05:30:00 PM,104XX S UNION AVE,0820,THEFT,$500 AND UNDER,STREET,false,false,2233,,34,,06,1173488,1835615,,41.704341297,-87.640326754
8259710,HT493708,09/10/2011 12:30:00 PM,084XX S BURLEY AVE,0890,THEFT,FROM BUILDING,APARTMENT,false,false,0424,,10,,06,1199277,1849661,,41.742276375,-87.545422445
8259733,HT493833,09/10/2011 08:00:00 PM,049XX N MONTICELLO AVE,1320,CRIMINAL DAMAGE,TO VEHICLE,PARKING LOT/GARAGE(NON.RESID.),false,false,1712,,39,,14,1151162,1932553,,41.970815612,-87.719545169
8259781,HT490626,09/10/2011 06:00:00 PM,002XX S STATE ST,0870,THEFT,POCKET-PICKING,CTA PLATFORM,false,false,0113,,42,,06,1176417,1899156,,41.878638996,-87.627691486
8259823,HT493808,09/10/2011 12:30:00 PM,015XX S KILBOURN AVE,0930,MOTOR VEHICLE THEFT,THEFT/RECOVERY: AUTOMOBILE,VACANT LOT/LAND,false,false,1012,,24,,07,1146636,1892134,,41.859989615,-87.737220847
8259848,HT493396,09/10/2011 03:00:00 PM,071XX S HALSTED ST,0910,MOTOR VEHICLE THEFT,AUTOMOBILE,GAS STATION,false,false,0733,,6,,07,1172199,1857618,,41.764748911,-87.644401916
8259862,HT493882,09/10/2011 05:00:00 PM,005XX W CERMAK RD,0910,MOTOR VEHICLE THEFT,AUTOMOBILE,STREET,false,true,1233,,25,,07,1172919,1889693,,41.852750046,-87.640815604
8259939,HT493752,09/10/2011 06:00:00 PM,021XX W CHICAGO AVE,0915,MOTOR VEHICLE THEFT,"TRUCK, BUS, MOTOR HOME",STREET,false,false,1312,,32,,07,1161937,1905313,,41.895848703,-87.680686988
8259967,HT494044,09/10/2011 12:01:00 AM,012XX N NOBLE ST,0910,MOTOR VEHICLE THEFT,AUTOMOBILE,STREET,false,false,1433,,32,,07,1166822,1908562,,41.904660809,-87.662652211
8260010,HT492651,09/10/2011 12:05:00 AM,025XX S DAMEN AVE,0610,BURGLARY,FORCIBLE ENTRY,PARKING LOT/GARAGE(NON.RESID.),false,false,1034,,25,,05,1163438,1887245,,41.846237041,-87.675682564
8260022,HT491035,09/10/2011 11:11:00 PM,117XX S WALLACE ST,0326,ROBBERY,AGGRAVATED VEHICULAR HIJACKING,STREET,false,false,0524,,34,,03,1174405,1827406,,41.681794251,-87.637211788
8260129,HT489607,09/10/2011 12:01:00 AM,012XX N CALIFORNIA AVE,0880,THEFT,PURSE-SNATCHING,SIDEWALK,false,false,1423,,26,,06,1157498,1908307,,41.904156,-87.696908927
8260146,HT491101,09/10/2011 10:30:00 PM,020XX E 67TH ST,0486,BATTERY,DOMESTIC BATTERY SIMPLE,STREET,false,false,0331,,5,,08B,1190782,1860948,,41.773458079,-87.576183528
8260215,HT490107,09/10/2011 11:40:00 AM,043XX S MICHIGAN AVE,0486,BATTERY,DOMESTIC BATTERY SIMPLE,STREET,false,true,0221,,3,,08B,1177878,1876372,,41.816085018,-87.623019008
8260280,HT494382,09/10/2011 12:00:00 AM,002XX W WASHINGTON ST,1150,DECEPTIVE PRACTICE,CREDIT CARD FRAUD,RESIDENCE,false,false,0113,,42,,11,1174594,1900807,,41.883210375,-87.634335728
8260535,HT489892,09/10/2011 02:30:00 AM,038XX N ST LOUIS AVE,0910,MOTOR VEHICLE THEFT,AUTOMOBILE,STREET,false,false,1732,,35,,07,1152369,1925482,,41.9513885,-87.715294431
8260870,HT490195,09/10/2011 11:00:00 AM,021XX E 71ST ST,0460,BATTERY,SIMPLE,BANK,false,false,0333,,5,,08B,1191527,1858274,,41.766102387,-87.573539169
8260944,HT494816,09/10/2011 06:00:00 PM,024XX W FILLMORE ST,0910,MOTOR VEHICLE THEFT,AUTOMOBILE,STREET,false,false,1135,,28,,07,1160200,1895304,,41.868419187,-87.687343325
8260954,HT490821,09/10/2011 08:05:00 PM,080XX S SAGINAW AVE,0486,BATTERY,DOMESTIC BATTERY SIMPLE,RESIDENCE PORCH/HALLWAY,true,true,0422,,7,,08B,1195241,1852136,,41.749168427,-87.560128529
8261000,HT494785,09/10/2011 04:20:00 PM,042XX W GLADYS AVE,0890,THEFT,FROM BUILDING,RESIDENCE,false,false,1132,,24,,06,1148186,1898017,,41.8761036,-87.731379732
8261049,HT490280,09/10/2011 08:00:00 AM,028XX S SHORT ST,1150,DECEPTIVE PRACTICE,CREDIT CARD FRAUD,APARTMENT,false,false,0923,,11,,11,1167613,1886000,,41.84273189,-87.660396405
8261263,HT490501,09/10/2011 04:10:00 PM,055XX S EVERETT AVE,0810,THEFT,OVER $500,ALLEY,false,false,2132,,5,,06,1188987,1868573,,41.794424835,-87.582519409
8261269,HT490398,09/10/2011 01:31:00 PM,069XX S PRAIRIE AVE,0430,BATTERY,AGGRAVATED: OTHER DANG WEAPON,STREET,false,false,0322,,6,,04B,1179235,1859232,,41.769020363,-87.618564034
8261373,HT494937,09/10/2011 08:45:00 PM,044XX S PULASKI RD,0810,THEFT,OVER $500,RESTAURANT,false,false,0815,,14,,06,1150422,1874984,,41.812854794,-87.723770092
8261379,HT490422,09/10/2011 03:07:00 PM,012XX S KEELER AVE,0560,ASSAULT,SIMPLE,APARTMENT,false,true,1011,,24,,08A,1148576,1894154,,41.865495558,-87.730047459
8261380,HT494911,09/10/2011 10:00:00 PM,004XX N AVERS AVE,051A,ASSAULT,AGGRAVATED: HANDGUN,STREET,true,false,1122,,27,,04A,1150648,1902600,,41.888632111,-87.722220226
8261399,HT490371,09/10/2011 02:00:00 PM,049XX N WINTHROP AVE,0810,THEFT,OVER $500,PARKING LOT/GARAGE(NON.RESID.),false,false,2024,,48,,06,1167972,1933281,,41.972466152,-87.657712339
8261517,HT495154,09/10/2011 01:00:00 PM,110XX S EDBROOKE AVE,0610,BURGLARY,FORCIBLE ENTRY,VACANT LOT/LAND,false,false,0513,,9,,05,1179207,1831788,,41.693711277,-87.619500953
8261603,HT494773,09/10/2011 10:28:00 PM,016XX N LA SALLE DR,2820,OTHER OFFENSE,TELEPHONE THREAT,APARTMENT,false,false,1814,,43,,26,1174829,1911351,,41.912138405,-87.633156819
8261614,HT495029,09/10/2011 03:00:00 PM,080XX S DOBSON AVE,0520,ASSAULT,AGGRAVATED:KNIFE/CUTTING INSTR,APARTMENT,false,false,0631,,8,,04A,1184620,1851917,,41.748822787,-87.599054294
8261706,HT495349,09/10/2011 10:00:00 AM,019XX N KENMORE AVE,1150,DECEPTIVE PRACTICE,CREDIT CARD FRAUD,RESIDENCE,false,false,1811,,32,,11,1169044,1913008,,41.91681293,-87.654360929
8261783,HT494973,09/10/2011 11:00:00 PM,0000X E 102ND ST,0910,MOTOR VEHICLE THEFT,AUTOMOBILE,STREET,false,false,0511,,9,,07,1178675,1837362,,41.709019191,-87.621279991
8261815,HT490410,09/10/2011 03:00:00 PM,034XX N NEENAH AVE,0820,THEFT,$500 AND UNDER,ALLEY,false,false,1632,,36,,06,1132106,1922131,,41.942569796,-87.789859899
8261819,HT490919,09/10/2011 09:00:00 PM,051XX W BERENICE AVE,0820,THEFT,$500 AND UNDER,RESIDENTIAL YARD (FRONT/BACK),false,false,1634,,45,,06,1141412,1925107,,41.950569221,-87.755581789
8261948,HT489611,09/10/2011 12:23:00 AM,076XX S SOUTH SHORE DR,0820,THEFT,$500 AND UNDER,APARTMENT,false,true,0421,,7,,06,1196700,1855421,,41.758146602,-87.554673357
8261949,HT495667,09/10/2011 01:00:00 PM,047XX S FEDERAL ST,0890,THEFT,FROM BUILDING,PARK PROPERTY,false,false,0231,,3,,06,1176385,1873673,,41.808712454,-87.628576793
8262195,HT490141,09/10/2011 10:39:41 AM,056XX S HERMITAGE AVE,2027,NARCOTICS,POSS: CRACK,RESIDENCE,true,false,0715,,15,,18,1165641,1867284,,41.791415288,-87.668164785
8262233,HT492657,09/10/2011 04:50:00 AM,018XX W GRACE ST,0820,THEFT,$500 AND UNDER,,false,false,1923,,47,,06,1163287,1925261,,41.950559003,-87.675166409
8262242,HT494470,09/10/2011 11:00:00 PM,028XX W HOWARD ST,0890,THEFT,FROM BUILDING,BAR OR TAVERN,false,false,2411,,50,,06,1156213,1950260,,42.019303581,-87.700490941
8262256,HT490914,09/10/2011 09:47:56 PM,066XX S ARTESIAN AVE,0560,ASSAULT,SIMPLE,STREET,true,false,0832,,15,,08A,1161182,1860623,,41.773230103,-87.684699351
8262277,HT490244,09/10/2011 12:30:00 PM,003XX W 107TH ST,1305,CRIMINAL DAMAGE,CRIMINAL DEFACEMENT,RESIDENCE-GARAGE,false,true,0513,,34,,14,1175883,1833969,,41.699771212,-87.63160579
8262392,HT490179,09/10/2011 01:30:00 AM,0000X S CICERO AVE,0610,BURGLARY,FORCIBLE ENTRY,COMMERCIAL / BUSINESS OFFICE,false,false,1113,,28,,05,1144395,1899445,,41.880094322,-87.745263194
8262393,HT489774,09/10/2011 05:45:00 AM,039XX N SHERIDAN RD,1330,CRIMINAL TRESPASS,TO LAND,BAR OR TAVERN,false,false,2324,,44,,26,1168903,1926152,,41.952883741,-87.654496585
8262394,HT491110,09/10/2011 09:15:00 PM,027XX W LAWRENCE AVE,0820,THEFT,$500 AND UNDER,RESTAURANT,false,false,1911,,47,,06,1157398,1931773,,41.968550364,-87.696636085
8262395,HT491729,09/10/2011 10:30:00 PM,016XX E 79TH ST,0610,BURGLARY,FORCIBLE ENTRY,RESTAURANT,false,false,0414,,8,,05,1188726,1852930,,41.751505413,-87.583976281
8262679,HT492994,09/10/2011 02:10:00 AM,036XX S ALBANY AVE,1330,CRIMINAL TRESPASS,TO LAND,PARKING LOT/GARAGE(NON.RESID.),false,false,0913,,12,,26,1156291,1880443,,41.827718731,-87.702095166
8262990,HT490835,09/10/2011 08:30:00 PM,034XX W ADAMS ST,0320,ROBBERY,STRONGARM - NO WEAPON,STREET,false,true,1123,,28,,03,1153574,1898863,,41.878319716,-87.711574237
8263092,HT490525,09/10/2011 07:00:00 AM,113XX S CHURCH ST,1320,CRIMINAL DAMAGE,TO VEHICLE,STREET,false,false,2212,,19,,14,1166137,1829568,,41.68790649,-87.667416188
8263123,HT495604,09/10/2011 12:00:00 PM,011XX W 19TH PL,0560,ASSAULT,SIMPLE,APARTMENT,false,true,1233,,25,,08A,1169343,1890824,,41.855931995,-87.653907722
8263163,HT495473,09/10/2011 12:00:00 PM,035XX W BELDEN AVE,1150,DECEPTIVE PRACTICE,CREDIT CARD FRAUD,APARTMENT,false,false,1413,,26,,11,1152172,1915056,,41.922782629,-87.716294456
8263165,HT495332,09/10/2011 06:00:00 PM,021XX W CATON ST,1320,CRIMINAL DAMAGE,TO VEHICLE,STREET,false,false,1434,,32,,14,1161865,1911163,,41.911903051,-87.680787989
8263209,HT491012,09/10/2011 10:00:00 PM,049XX W GRACE ST,0820,THEFT,$500 AND UNDER,RESIDENTIAL YARD (FRONT/BACK),false,false,1634,,45,,06,1142764,1924809,,41.949726365,-87.750619326
8263215,HT490908,09/10/2011 08:00:00 AM,045XX W AGATITE AVE,0820,THEFT,$500 AND UNDER,STREET,false,false,1722,,45,,06,1145127,1929063,,41.96135528,-87.741825202
8263310,HT497081,09/10/2011 03:00:00 PM,062XX S KNOX AVE,0890,THEFT,FROM BUILDING,RESIDENCE,false,false,0813,,13,,06,1146448,1862783,,41.779449752,-87.738656614
8263364,HT497138,09/10/2011 05:00:00 PM,033XX W SCHUBERT AVE,0910,MOTOR VEHICLE THEFT,AUTOMOBILE,STREET,false,false,1412,,35,,07,1153527,1917756,,41.930164786,-87.711243739
8263431,HT497135,09/10/2011 10:35:00 AM,011XX S CANAL ST,0810,THEFT,OVER $500,DEPARTMENT STORE,true,false,0131,,2,,06,1173303,1895451,,41.868541914,-87.639235361
8263732,HT489768,09/10/2011 05:00:00 AM,020XX W COULTER ST,0486,BATTERY,DOMESTIC BATTERY SIMPLE,APARTMENT,false,true,1034,,25,,08B,1163106,1888260,,41.849029273,-87.676872509
8264218,HT490136,09/10/2011 11:30:00 AM,011XX N RIDGEWAY AVE,0910,MOTOR VEHICLE THEFT,AUTOMOBILE,STREET,true,false,1112,,27,,07,1151168,1907403,,41.901801851,-87.720184528
8264274,HT490979,09/10/2011 10:20:00 PM,001XX E 113TH ST,1340,CRIMINAL DAMAGE,TO STATE SUP PROP,RESIDENCE,false,false,0531,,9,,14,1179349,1830075,,41.68900733,-87.619033068
8264403,HT495043,09/10/2011 01:00:00 PM,062XX S DREXEL AVE,0890,THEFT,FROM BUILDING,ATHLETIC CLUB,false,false,0313,,20,,06,1183077,1863924,,41.781807171,-87.604335461
8264470,HT490262,09/10/2011 01:15:00 PM,027XX N NEW ENGLAND AVE,0486,BATTERY,DOMESTIC BATTERY SIMPLE,RESIDENCE,false,true,2512,,36,,08B,1129953,1917472,,41.929822131,-87.797880287
8264507,HT497913,09/10/2011 02:41:00 PM,130XX S AVENUE O,2825,OTHER OFFENSE,HARASSMENT BY TELEPHONE,RESIDENCE,false,false,0433,,10,,26,1201070,1819097,,41.658360833,-87.539884763
8264725,HT498021,09/10/2011 10:00:00 AM,090XX S BURLEY AVE,1120,DECEPTIVE PRACTICE,FORGERY,RESIDENCE,false,false,0424,,10,,10,1199242,1845609,,41.731158264,-87.545686555
8264795,HT490897,09/10/2011 08:55:00 PM,058XX N KENMORE AVE,0560,ASSAULT,SIMPLE,ALLEY,false,false,2022,,48,,08A,1168186,1939021,,41.988212228,-87.656758708
8264816,HT498255,09/10/2011 01:00:00 PM,059XX W BELDEN AVE,0910,MOTOR VEHICLE THEFT,AUTOMOBILE,STREET,false,false,2515,,37,,07,1136481,1914675,,41.922032472,-87.773958264
8264858,HT490282,09/10/2011 02:00:00 AM,098XX S BEVERLY AVE,2820,OTHER OFFENSE,TELEPHONE THREAT,RESIDENCE,false,false,2213,,21,,26,1168034,1839502,,41.715126542,-87.660187176
8264910,HT498219,09/10/2011 08:00:00 PM,019XX E 74TH ST,0840,THEFT,FINANCIAL ID THEFT: OVER $300,RESIDENCE,false,false,0333,,8,,06,1190271,1856285,,41.760674759,-87.578206773
8264913,HT498364,09/10/2011 01:00:00 PM,128XX S PARNELL AVE,0281,CRIM SEXUAL ASSAULT,NON-AGGRAVATED,OTHER,false,false,0523,,9,,02,1174974,1819918,,41.661233333,-87.635350952
8264977,HT498406,09/10/2011 12:00:00 PM,065XX N ASHLAND AVE,0820,THEFT,$500 AND UNDER,STREET,false,false,2432,,40,,06,1164428,1943459,,42.000470853,-87.670454556
8265363,HT489731,09/10/2011 03:34:00 AM,053XX S ARTESIAN AVE,0460,BATTERY,SIMPLE,STREET,false,false,0911,,14,,08B,1160949,1868966,,41.796129247,-87.685322984
8265430,HT492434,09/10/2011 07:00:00 PM,009XX E 61ST ST,0820,THEFT,$500 AND UNDER,RESIDENCE,false,false,0313,,20,,06,1183248,1864756,,41.784086273,-87.603682655
8265606,HT489827,09/10/2011 07:40:00 AM,009XX N HARDING AVE,2014,NARCOTICS,MANU/DELIVER: HEROIN (WHITE),VEHICLE NON-COMMERCIAL,true,false,1112,,27,,18,1149884,1905974,,41.897905616,-87.72493808
8265694,HT496448,09/10/2011 12:00:00 AM,013XX N WASHTENAW AVE,0560,ASSAULT,SIMPLE,RESIDENCE,false,false,1423,,26,,08A,1158157,1908751,,41.905360932,-87.694476097
8265790,HT495293,09/10/2011 02:00:00 AM,0000X W 95TH ST,0870,THEFT,POCKET-PICKING,CTA TRAIN,false,false,0634,,21,,06,1177762,1841949,,41.721627204,-87.624485177
8265978,HT490011,09/10/2011 10:40:00 AM,013XX S CANAL ST,0460,BATTERY,SIMPLE,GROCERY FOOD STORE,false,false,0131,,2,,08B,1173336,1893976,,41.864493678,-87.639158
8266184,HT499487,09/10/2011 03:30:00 AM,007XX S WABASH AVE,1152,DECEPTIVE PRACTICE,ILLEGAL USE CASH CARD,ATM (AUTOMATIC TELLER MACHINE),false,false,0132,,2,,11,1176906,1897024,,41.872777617,-87.625960515
8266261,HT499688,09/10/2011 08:00:00 PM,001XX N WABASH AVE,0820,THEFT,$500 AND UNDER,SIDEWALK,false,false,0122,,42,,06,1176800,1900945,,41.883539463,-87.626231082
8266540,HT500112,09/10/2011 12:00:00 PM,0000X E 61ST ST,1750,OFFENSE INVOLVING CHILDREN,CHILD ABUSE,RESIDENCE,true,true,0311,,20,,20,1177972,1864591,,41.783754727,-87.623031304
8266543,HT490698,09/10/2011 04:50:00 PM,070XX S CALIFORNIA AVE,0430,BATTERY,AGGRAVATED: OTHER DANG WEAPON,SIDEWALK,false,false,0831,,18,,04B,1158921,1857936,,41.765903076,-87.693061017
8266570,HT493619,09/10/2011 06:00:00 PM,019XX N KEELER AVE,5002,OTHER OFFENSE,OTHER VEHICLE OFFENSE,PARKING LOT/GARAGE(NON.RESID.),false,true,2534,,30,,26,1148075,1912656,,41.91627671,-87.731410198
8266577,HT500022,09/10/2011 09:00:00 AM,016XX W 119TH ST,0890,THEFT,FROM BUILDING,SMALL RETAIL STORE,false,false,2234,,34,,06,1167246,1825785,,41.677501688,-87.663463911
8266592,HT498630,09/10/2011 09:00:00 AM,026XX S TROY ST,0810,THEFT,OVER $500,RESIDENCE,false,false,1033,,12,,06,1155786,1886299,,41.843798471,-87.703790497
8266619,HT500009,09/10/2011 10:00:00 PM,001XX S MICHIGAN AVE,0810,THEFT,OVER $500,PARK PROPERTY,false,false,0124,,42,,06,1177319,1899845,,41.880509252,-87.624358666
8266662,HT499913,09/10/2011 03:00:00 PM,049XX W EDDY ST,1130,DECEPTIVE PRACTICE,FRAUD OR CONFIDENCE GAME,RESIDENCE,false,false,1634,,38,,11,1142739,1923167,,41.945221033,-87.750752249
8266728,HT490678,09/10/2011 05:50:00 PM,011XX N CLARK ST,0860,THEFT,RETAIL THEFT,DRUG STORE,false,false,1824,,42,,06,1175324,1908199,,41.903478069,-87.631433102
8266730,HT500180,09/10/2011 12:00:00 PM,047XX W BELMONT AVE,0610,BURGLARY,FORCIBLE ENTRY,OTHER,false,false,2521,,31,,05,1144353,1920858,,41.938854671,-87.744877998
8267022,HT490599,09/10/2011 05:48:24 PM,071XX S NORMAL BLVD,3730,INTERFERENCE WITH PUBLIC OFFICER,OBSTRUCTING JUSTICE,STREET,false,false,0732,,6,,24,1174197,1857519,,41.764433097,-87.637081657
8267080,HT491687,09/10/2011 10:00:00 PM,058XX S DR MARTIN LUTHER KING JR DR,1320,CRIMINAL DAMAGE,TO VEHICLE,STREET,false,true,0234,,20,,14,1179919,1866481,,41.788896709,-87.615835136
8267112,HT496458,09/10/2011 11:30:00 AM,069XX S CLYDE AVE,0810,THEFT,OVER $500,STREET,false,false,0331,,5,,06,1191410,1859356,,41.769074314,-87.573932993
8267122,HT498076,09/10/2011 03:00:00 PM,015XX S KILDARE AVE,0910,MOTOR VEHICLE THEFT,AUTOMOBILE,STREET,false,false,1012,,24,,07,1147968,1892175,,41.860076642,-87.732330334
8267155,HT498087,09/10/2011 02:00:00 AM,033XX W 47TH ST,0890,THEFT,FROM BUILDING,BAR OR TAVERN,false,false,0821,,14,,06,1154724,1873271,,41.808069268,-87.70803582
8267209,HT489881,09/10/2011 08:00:00 AM,003XX N HAMLIN AVE,0496,BATTERY,AGGRAVATED DOMESTIC BATTERY: KNIFE/CUTTING INST,APARTMENT,false,true,1122,,27,,04B,1151008,1901535,,41.885702596,-87.720926076
8267215,HT489922,09/10/2011 02:00:00 AM,009XX W WAVELAND AVE,0810,THEFT,OVER $500,DRIVEWAY - RESIDENTIAL,false,false,2324,,44,,06,1169439,1924767,,41.949071582,-87.652566672
8267218,HT490255,09/10/2011 01:20:00 PM,0000X S KARLOV AVE,0313,ROBBERY,ARMED: OTHER DANGEROUS WEAPON,SIDEWALK,false,false,1115,,28,,03,1149066,1899557,,41.880312553,-87.728108776
8267268,HT500967,09/10/2011 01:00:00 AM,060XX N CENTRAL PARK AVE,0820,THEFT,$500 AND UNDER,RESIDENTIAL YARD (FRONT/BACK),false,false,1711,,50,,06,1151291,1939849,,41.990833733,-87.718878368
8267320,HT489987,09/10/2011 05:00:00 AM,006XX W 119TH ST,0496,BATTERY,AGGRAVATED DOMESTIC BATTERY: KNIFE/CUTTING INST,RESIDENCE,false,true,0524,,34,,04B,1174329,1825973,,41.677863555,-87.637532352
8267324,HT499379,09/10/2011 04:58:00 PM,001XX W 127TH ST,1152,DECEPTIVE PRACTICE,ILLEGAL USE CASH CARD,GAS STATION,false,false,0523,,9,,11,1177579,1820730,,41.663403306,-87.625793875
8267344,HT501060,09/10/2011 04:00:00 PM,040XX S INDIANA AVE,0890,THEFT,FROM BUILDING,RESIDENCE-GARAGE,false,false,0214,,3,,06,1178265,1878307,,41.821386031,-87.621540625
8267496,HT501195,09/10/2011 03:00:00 PM,078XX S MUSKEGON AVE,0610,BURGLARY,FORCIBLE ENTRY,RESIDENCE,false,false,0421,,7,,05,1196482,1853609,,41.753179756,-87.555532326
8267616,HT501391,09/10/2011 09:00:00 AM,084XX S MUSKEGON AVE,0610,BURGLARY,FORCIBLE ENTRY,RESIDENCE,false,false,0423,,7,,05,1196622,1849523,,41.741963988,-87.555154709
8267727,HT501618,09/10/2011 07:00:00 PM,001XX W NORTH AVE,0486,BATTERY,DOMESTIC BATTERY SIMPLE,COMMERCIAL / BUSINESS OFFICE,false,true,1821,,42,,08B,1175099,1910997,,41.911160961,-87.632175557
8268565,HT489930,09/10/2011 09:00:00 AM,039XX W HURON ST,0820,THEFT,$500 AND UNDER,RESIDENCE PORCH/HALLWAY,false,false,1112,,27,,06,1150061,1904387,,41.893547279,-87.724329346
8268896,HT490801,09/10/2011 08:00:00 PM,032XX W NORTH AVE,0460,BATTERY,SIMPLE,SMALL RETAIL STORE,false,false,1422,,26,,08B,1154551,1910454,,41.910107045,-87.707676543
8269057,HT503325,09/10/2011 12:00:00 AM,045XX S DREXEL BLVD,2820,OTHER OFFENSE,TELEPHONE THREAT,RESIDENCE,false,true,2123,,4,,26,1182955,1875130,,41.812560204,-87.604434374
8269127,HT503339,09/10/2011 07:00:00 PM,029XX S PARNELL AVE,2825,OTHER OFFENSE,HARASSMENT BY TELEPHONE,OTHER,false,true,0923,,11,,26,1173104,1885438,,41.841069887,-87.640262638
8269402,HT503683,09/10/2011 08:00:00 AM,036XX S HERMITAGE AVE,2820,OTHER OFFENSE,TELEPHONE THREAT,RESIDENCE,false,false,0922,,11,,26,1165281,1880542,,41.8278044,-87.669109101
8269513,HT490121,09/10/2011 08:00:00 AM,037XX W DICKENS AVE,0486,BATTERY,DOMESTIC BATTERY SIMPLE,RESIDENCE,false,false,2525,,26,,08B,1151184,1913697,,41.919072863,-87.719960433
8269536,HT491500,09/10/2011 03:00:00 PM,064XX S CALUMET AVE,1320,CRIMINAL DAMAGE,TO VEHICLE,VEHICLE NON-COMMERCIAL,false,false,0312,,20,,14,1179564,1862305,,41.77744548,-87.617264301
8269552,HT490119,09/10/2011 11:15:00 AM,010XX N KARLOV AVE,0486,BATTERY,DOMESTIC BATTERY SIMPLE,APARTMENT,false,true,1111,,37,,08B,1148863,1906606,,41.899659697,-87.728671783
8269773,HT503873,09/10/2011 06:37:00 PM,081XX S ESCANABA AVE,2826,OTHER OFFENSE,HARASSMENT BY ELECTRONIC MEANS,RESIDENCE,false,true,0422,,7,,26,1196911,1851559,,41.747543751,-87.554028283
8269998,HT489895,09/10/2011 08:18:00 AM,015XX W 62ND ST,1506,PROSTITUTION,SOLICIT ON PUBLIC WAY,STREET,true,false,0713,,16,,16,1166936,1863609,,41.781303044,-87.663521255
8270082,HT489906,09/10/2011 08:45:00 AM,073XX S HALSTED ST,1512,PROSTITUTION,SOLICIT FOR PROSTITUTE,STREET,true,false,0732,,17,,16,1172237,1856211,,41.760887094,-87.644303945
8270338,HT503618,09/10/2011 04:00:00 PM,034XX N BELL AVE,0810,THEFT,OVER $500,RESIDENCE PORCH/HALLWAY,false,false,1913,,32,,06,1160757,1922827,,41.943932904,-87.684534216
8270626,HT504678,09/10/2011 01:02:00 PM,008XX E 48TH ST,2820,OTHER OFFENSE,TELEPHONE THREAT,RESIDENCE,false,true,2124,,4,,26,1182622,1873365,,41.807724651,-87.605710618
8270928,HT489905,09/10/2011 09:00:00 AM,008XX W 74TH ST,1512,PROSTITUTION,SOLICIT FOR PROSTITUTE,STREET,true,false,0733,,17,,16,1172060,1855789,,41.759732962,-87.644965035
8271480,HT505709,09/10/2011 01:00:00 PM,044XX S GREENWOOD AVE,2825,OTHER OFFENSE,HARASSMENT BY TELEPHONE,STREET,false,false,2123,,4,,26,1184335,1875662,,41.813987819,-87.599355926
8272126,HT490962,09/10/2011 03:30:00 PM,048XX S WESTERN AVE,1320,CRIMINAL DAMAGE,TO VEHICLE,STREET,false,false,0911,,12,,14,1161186,1872582,,41.806047106,-87.684353768
8272417,HT500963,09/10/2011 01:30:00 PM,044XX S ASHLAND AVE,0890,THEFT,FROM BUILDING,OTHER,false,false,0914,,12,,06,1166414,1875375,,41.813601484,-87.665099694
8272478,HT490286,09/10/2011 01:00:00 PM,005XX N LECLAIRE AVE,0820,THEFT,$500 AND UNDER,APARTMENT,false,true,1532,,28,,06,1142266,1903177,,41.890375151,-87.752988054
8272491,HT490013,09/10/2011 10:17:00 AM,036XX W 16TH ST,031A,ROBBERY,ARMED: HANDGUN,OTHER,false,false,1014,,24,,03,1152199,1891796,,41.858954299,-87.716809329
8272592,HT505441,09/10/2011 06:11:00 PM,048XX N MILWAUKEE AVE,0820,THEFT,$500 AND UNDER,CURRENCY EXCHANGE,false,false,1623,,45,,06,1139745,1931741,,41.968804191,-87.761546918
8272880,HT490053,09/10/2011 10:50:00 AM,074XX S PHILLIPS AVE,2027,NARCOTICS,POSS: CRACK,VEHICLE NON-COMMERCIAL,true,false,0334,,7,,18,1193934,1856157,,41.760234497,-87.564786164
8274576,HT508761,09/10/2011 08:00:00 AM,068XX S PAULINA ST,0810,THEFT,OVER $500,RESIDENTIAL YARD (FRONT/BACK),false,false,0725,,17,,06,1166188,1859423,,41.769832073,-87.666382614
8275030,HT509119,09/10/2011 07:30:00 AM,029XX N WESTERN AVE,0810,THEFT,OVER $500,WAREHOUSE,true,false,1411,,1,,06,1159848,1919618,,41.935146038,-87.687964082
8276686,HT510550,09/10/2011 05:00:00 PM,004XX W 117TH ST,1152,DECEPTIVE PRACTICE,ILLEGAL USE CASH CARD,RESIDENCE,false,false,0522,,34,,11,1175249,1827319,,41.681536754,-87.634124869
8277360,HT510541,09/10/2011 07:00:00 PM,043XX N LOWELL AVE,0560,ASSAULT,SIMPLE,SIDEWALK,false,false,1722,,38,,08A,1146447,1928442,,41.959626101,-87.736988005
8277428,HT490143,09/10/2011 03:00:00 AM,105XX S MICHIGAN AVE,0810,THEFT,OVER $500,STREET,false,false,0512,,9,,06,1178853,1835179,,41.7030247,-87.620694297
8277432,HT491402,09/10/2011 08:00:00 PM,001XX E 120TH PL,0620,BURGLARY,UNLAWFUL ENTRY,RESIDENCE,false,false,0532,,9,,05,1179248,1825091,,41.675332798,-87.61955399
8277448,HT497598,09/10/2011 07:00:00 PM,105XX S VERNON AVE,1310,CRIMINAL DAMAGE,TO PROPERTY,RESIDENCE-GARAGE,false,false,0512,,9,,14,1181110,1835189,,41.703000593,-87.61242945
8277500,HT489802,09/10/2011 06:20:00 AM,108XX S MICHIGAN AVE,0610,BURGLARY,FORCIBLE ENTRY,CHURCH/SYNAGOGUE/PLACE OF WORSHIP,false,false,0513,,9,,05,1178827,1833144,,41.697440967,-87.620851148
8277510,HT492901,09/10/2011 02:00:00 AM,112XX S WENTWORTH AVE,0460,BATTERY,SIMPLE,STREET,false,false,0522,,34,,08B,1176936,1830594,,41.690486111,-87.627851381
8277588,HT489986,09/10/2011 08:15:00 AM,010XX N MILWAUKEE AVE,2093,NARCOTICS,FOUND SUSPECT NARCOTICS,OTHER,true,false,1323,,27,,26,1166678,1907321,,41.90125851,-87.663216772
8277694,HT496226,09/10/2011 08:45:00 PM,065XX S COTTAGE GROVE AVE,1320,CRIMINAL DAMAGE,TO VEHICLE,STREET,false,false,0321,,20,,14,1182684,1861922,,41.776322631,-87.605838376
8278466,HT512045,09/10/2011 11:45:00 PM,033XX N HALSTED ST,0870,THEFT,POCKET-PICKING,STREET,false,false,2331,,44,,06,1170327,1922601,,41.943108594,-87.649366085
8278494,HT508731,09/10/2011 02:00:00 PM,032XX W 84TH ST,1130,DECEPTIVE PRACTICE,FRAUD OR CONFIDENCE GAME,RESIDENCE,false,false,0834,,18,,11,1156283,1848716,,41.740655398,-87.702977878
8278522,HT512387,09/10/2011 06:30:00 PM,056XX S HALSTED ST,0820,THEFT,$500 AND UNDER,VACANT LOT/LAND,false,false,0711,,20,,06,1171932,1867463,,41.791770601,-87.645091743
8278890,HT513689,09/10/2011 02:30:00 PM,016XX S MICHIGAN AVE,0620,BURGLARY,UNLAWFUL ENTRY,OTHER,false,false,0133,,2,,05,1177484,1892349,,41.859936038,-87.623980263
8279394,HT513957,09/10/2011 12:50:00 PM,021XX N ELSTON AVE,0860,THEFT,RETAIL THEFT,DEPARTMENT STORE,true,false,1432,,32,,06,1164551,1914302,,41.92046017,-87.67083136
8279802,HT495047,09/10/2011 11:00:00 PM,110XX S MICHIGAN AVE,0810,THEFT,OVER $500,CONVENIENCE STORE,false,false,0513,,9,,06,1178803,1831679,,41.693421344,-87.620983384
8279803,HT498792,09/10/2011 08:00:00 PM,036XX W 16TH ST,0610,BURGLARY,FORCIBLE ENTRY,RESTAURANT,false,false,1014,,24,,05,1152214,1891796,,41.858954003,-87.716754268
8280036,HT514824,09/10/2011 02:00:00 PM,049XX N RIDGEWAY AVE,0610,BURGLARY,FORCIBLE ENTRY,OTHER,false,false,1712,,39,,05,1150500,1932478,,41.970622796,-87.721981386
8280994,HT491128,09/10/2011 12:00:00 PM,061XX S KENWOOD AVE,5002,OTHER OFFENSE,OTHER VEHICLE OFFENSE,STREET,false,false,0314,,20,,26,1186129,1864582,,41.78354123,-87.59312545
8280995,HT491042,09/10/2011 02:45:00 PM,001XX E 87TH ST,1150,DECEPTIVE PRACTICE,CREDIT CARD FRAUD,ATHLETIC CLUB,false,false,0632,,6,,11,1178808,1847346,,41.736413551,-87.620490178
8281740,HT489990,09/10/2011 04:00:00 AM,074XX S STATE ST,0820,THEFT,$500 AND UNDER,STREET,false,false,0323,,6,,06,1177565,1855811,,41.75967068,-87.624788703
8281812,HT516326,09/10/2011 03:00:00 PM,055XX N MILWAUKEE AVE,0820,THEFT,$500 AND UNDER,ATM (AUTOMATIC TELLER MACHINE),false,false,1622,,45,,06,1136378,1936644,,41.982319454,-87.773809725
8287052,HT521058,09/10/2011 09:00:00 AM,106XX S VERNON AVE,0843,THEFT,ATTEMPT FINANCIAL IDENTITY THEFT,RESIDENCE,false,false,0512,,9,,06,1181131,1834469,,41.701024334,-87.612374624
8287717,HT490407,09/10/2011 04:30:00 AM,009XX W FULTON MARKET,0337,ROBBERY,ATTEMPT: ARMED-OTHER DANG WEAP,STREET,false,false,1212,,27,,03,1170282,1902068,,41.88676593,-87.650132662
8289438,HT516486,09/10/2011 09:00:00 AM,050XX W CRYSTAL ST,1150,DECEPTIVE PRACTICE,CREDIT CARD FRAUD,RESIDENCE,false,false,2533,,37,,11,1142556,1907852,,41.903198508,-87.751806652
8290778,HT490102,09/10/2011 11:45:00 AM,016XX W 60TH ST,0810,THEFT,OVER $500,VEHICLE NON-COMMERCIAL,false,false,0714,,15,,06,1166629,1864927,,41.784926357,-87.664609206
8290847,HT525200,09/10/2011 12:01:00 AM,063XX W BELMONT AVE,1130,DECEPTIVE PRACTICE,FRAUD OR CONFIDENCE GAME,COMMERCIAL / BUSINESS OFFICE,false,false,2511,,36,,11,1133645,1920601,,41.938344392,-87.784239277
8291880,HT526136,09/10/2011 03:00:00 PM,041XX W 25TH PL,1310,CRIMINAL DAMAGE,TO PROPERTY,RESIDENCE,false,false,1013,,22,,14,1149543,1886742,,41.845137412,-87.726689769
8292232,HT490114,09/10/2011 11:35:00 AM,029XX N MILWAUKEE AVE,0340,ROBBERY,ATTEMPT: STRONGARM-NO WEAPON,SIDEWALK,false,false,1412,,35,,03,1152342,1919160,,41.934040986,-87.71556117
8293334,HT492145,09/10/2011 06:30:00 PM,0000X E CEDAR ST,0560,ASSAULT,SIMPLE,SIDEWALK,false,false,1824,,42,,08A,1176456,1907811,,41.902387887,-87.627286794
8297577,HT490647,09/10/2011 03:46:00 PM,031XX W 26TH ST,2210,LIQUOR LAW VIOLATION,SELL/GIVE/DEL LIQUOR TO MINOR,RESTAURANT,true,false,1033,,12,,22,1156005,1886571,,41.844540463,-87.70297948
8297868,HT531413,09/10/2011 05:00:00 PM,005XX N MICHIGAN AVE,0890,THEFT,FROM BUILDING,HOTEL/MOTEL,false,false,1834,,42,,06,1177337,1904039,,41.892017399,-87.624165306
8298345,HT530575,09/10/2011 03:00:00 PM,028XX N MASON AVE,2820,OTHER OFFENSE,TELEPHONE THREAT,APARTMENT,false,false,2514,,30,,26,1136234,1918328,,41.932061133,-87.774778393
8298493,HT490828,09/10/2011 07:57:00 PM,034XX W 64TH ST,1792,KIDNAPPING,CHILD ABDUCTION/STRANGER,ALLEY,false,false,0823,,15,,20,1154640,1861967,,41.777051138,-87.708645181
8300445,HT534640,09/10/2011 01:00:00 PM,072XX S CHRISTIANA AVE,0610,BURGLARY,FORCIBLE ENTRY,RESIDENCE-GARAGE,false,false,0831,,18,,05,1155291,1856421,,41.761819057,-87.706406806
8301393,HT491026,09/10/2011 10:45:00 PM,062XX S ASHLAND AVE,0820,THEFT,$500 AND UNDER,PARKING LOT/GARAGE(NON.RESID.),false,false,0713,,16,,06,1166740,1863356,,41.780612967,-87.664247053
8314163,HT548255,09/10/2011 01:00:00 AM,024XX W FLOURNOY ST,0820,THEFT,$500 AND UNDER,STREET,false,false,1135,,2,,06,1160304,1896964,,41.872972237,-87.686915626
8321500,HT555878,09/10/2011 12:00:00 PM,029XX W 40TH ST,1310,CRIMINAL DAMAGE,TO PROPERTY,RESIDENTIAL YARD (FRONT/BACK),false,false,0912,,14,,14,1157340,1877972,,41.820916786,-87.698313499
8348836,HT582224,09/10/2011 06:48:00 PM,016XX N WESTERN AVE,1130,DECEPTIVE PRACTICE,FRAUD OR CONFIDENCE GAME,COMMERCIAL / BUSINESS OFFICE,false,false,1434,,1,,11,1160112,1910792,,41.910921416,-87.68723826
8360836,HT589070,09/10/2011 10:00:00 AM,049XX W GLADYS AVE,0910,MOTOR VEHICLE THEFT,AUTOMOBILE,STREET,false,false,1533,,24,,07,1143717,1897892,,41.87584542,-87.747791664
8402339,HT635081,09/10/2011 08:00:00 PM,099XX S GREEN ST,0810,THEFT,OVER $500,RESIDENCE,false,false,2232,,34,,06,1172396,1839033,,41.713744843,-87.644225315
8449423,HV127421,09/10/2011 12:00:00 PM,027XX W 25TH ST,1320,CRIMINAL DAMAGE,TO VEHICLE,STREET,false,false,1034,,12,,14,1158530,1887293,,41.846470482,-87.693693358
8449482,HT491937,09/10/2011 12:00:00 PM,034XX N BROADWAY,0820,THEFT,$500 AND UNDER,SIDEWALK,false,false,2331,,44,,06,1171339,1923176,,41.944664197,-87.645629557
8489802,HV167109,09/10/2011 12:00:00 PM,058XX S KOSTNER AVE,0460,BATTERY,SIMPLE,"SCHOOL, PUBLIC, BUILDING",false,false,0813,,13,,08B,1148032,1865537,,41.786976965,-87.732778884
8795193,HV469295,09/10/2011 12:01:00 AM,044XX S PRAIRIE AVE,0840,THEFT,FINANCIAL ID THEFT: OVER $300,RESIDENCE,false,false,0215,,3,,06,1178782,1875663,,41.814118909,-87.619724575
8796916,HV470747,09/10/2011 09:00:00 AM,010XX N LONG AVE,0560,ASSAULT,SIMPLE,RESIDENCE,false,false,1524,,37,,08A,1140114,1906578,,41.899747577,-87.760807974
8877843,HT492922,09/10/2011 04:00:00 PM,048XX S HERMITAGE AVE,0486,BATTERY,DOMESTIC BATTERY SIMPLE,RESIDENCE,false,true,0931,,20,,08B,1165496,1872603,,41.806014339,-87.668545635
8905808,HT491041,09/10/2011 11:00:00 PM,045XX S WOOD ST,2220,LIQUOR LAW VIOLATION,ILLEGAL POSSESSION BY MINOR,STREET,false,false,0924,,20,,22,1165109,1874593,,41.811483334,-87.66990867
9895941,HX545263,09/10/2011 07:14:00 AM,128XX S LOWE AVE,2825,OTHER OFFENSE,HARASSMENT BY TELEPHONE,RESIDENCE,false,false,0523,,9,,26,1174318,1819884,,41.661154584,-87.637752513
8266581,HT490729,09/10/2011 07:00:00 PM,021XX N CENTRAL AV OVERPASS,0810,THEFT,OVER $500,STREET,false,false,2515,,37,,06,1138706,1913656,,41.919196104,-87.765807631
8259144,HT493110,09/10/2011 02:00:00 PM,015XX W WABANSIA AVE,0610,BURGLARY,FORCIBLE ENTRY,OTHER,false,false,1433,,32,,05,1165585,1911394,,41.912458454,-87.667115255
