ID,Case Number,Date,Block,IUCR,Primary Type,Description,Location Description,Arrest,Domestic,Beat,District,Ward,Community Area,FBI Code,X Coordinate,Y Coordinate,Updated On,Latitude,Longitude
,HW304161,06/16/2010 09:00:00 AM,050XX W ERIE ST,0840,THEFT,FINANCIAL ID THEFT: OVER $300,RESIDENCE,false,false,1532,,28,,06,1142587,1903850,,41.89221598,-87.751792425
,HS361929,06/16/2010 02:00:00 AM,043XX W 87TH ST,0110,HOMICIDE,FIRST DEGREE MURDER,STREET,false,false,0834,,18,,01A,1148833,1846485,,41.734679636,-87.730331611
,HS361999,06/16/2010 12:05:00 AM,038XX W ROOSEVELT RD,1811,NARCOTICS,POSS: CANNABIS 30GMS OR LESS,SIDEWALK,true,false,1011,,24,,18,1151043,1894439,,41.866229701,-87.720983457
,HS362015,06/16/2010 12:20:00 AM,057XX W MADISON ST,2093,NARCOTICS,FOUND SUSPECT NARCOTICS,POLICE FACILITY/VEH PARKING LOT,true,false,1513,,29,,26,1138036,1899436,,41.880186818,-87.768613245
,HS361995,06/16/2010 12:05:00 AM,006XX W 43RD PL,1811,NARCOTICS,POSS: CANNABIS 30GMS OR LESS,SIDEWALK,true,false,0935,,11,,18,1172616,1876053,,41.815327389,-87.64233042
,HS362017,06/16/2010 12:02:00 AM,055XX S PAYNE DR,1811,NARCOTICS,POSS: CANNABIS 30GMS OR LESS,STREET,true,false,0234,,20,,18,1182172,1868631,,41.794744605,-87.607507695
,HS362023,06/16/2010 12:05:00 AM,052XX N PULASKI RD,1330,CRIMINAL TRESPASS,TO LAND,CEMETARY,true,false,1712,,39,,26,1148780,1934489,,41.976174622,-87.728253779
,HS361997,06/16/2010 12:20:00 AM,082XX S EXCHANGE AVE,1811,NARCOTICS,POSS: CANNABIS 30GMS OR LESS,SIDEWALK,true,false,0424,,10,,18,1197262,1850683,,41.745131211,-87.552771262
,HS362031,06/16/2010 12:15:00 AM,034XX S INDIANA AVE,0810,THEFT,OVER $500,APARTMENT,false,true,2112,,3,,06,1178164,1882284,,41.83230153,-87.621790307
,HS362010,06/16/2010 12:02:00 AM,016XX E MUSEUM DR,143A,WEAPONS VIOLATION,UNLAWFUL POSS OF HANDGUN,PARK PROPERTY,true,false,0331,,5,,15,1188302,1867578,,41.791710871,-87.585063
,HS362066,06/16/2010 01:20:00 AM,040XX N MC VICKER AVE,1320,CRIMINAL DAMAGE,TO VEHICLE,STREET,false,false,1624,,38,,14,1135301,1926178,,41.953618998,-87.778020211
,HS362053,06/16/2010 12:50:00 AM,007XX N SAWYER AVE,3710,INTERFERENCE WITH PUBLIC OFFICER,RESIST/OBSTRUCT/DISARM OFFICER,OTHER,true,false,1121,,27,,24,1154575,1904721,,41.89437469,-87.707741961
,HS362029,06/16/2010 12:17:00 AM,010XX W 14TH ST,0820,THEFT,$500 AND UNDER,CHA APARTMENT,false,false,1232,,25,,06,1169818,1893573,,41.863465148,-87.652084184
,HS361996,06/16/2010 12:20:00 AM,005XX N MONTICELLO AVE,4387,OTHER OFFENSE,VIOLATE ORDER OF PROTECTION,RESIDENCE PORCH/HALLWAY,true,true,1122,,27,,26,1151964,1903181,,41.890200615,-87.717372039
,HS362055,06/16/2010 01:00:00 AM,002XX N KOLIN AVE,0560,ASSAULT,SIMPLE,SIDEWALK,false,true,1114,,28,,08A,1147359,1900764,,41.883657562,-87.734345824
,HS362007,06/16/2010 12:25:00 AM,035XX W IRVING PARK RD,1811,NARCOTICS,POSS: CANNABIS 30GMS OR LESS,STREET,true,false,1723,,33,,18,1152261,1926366,,41.953816395,-87.715668018
,HS362074,06/16/2010 01:16:00 AM,012XX S AVERS AVE,1812,NARCOTICS,POSS: CANNABIS MORE THAN 30GMS,APARTMENT,true,false,1011,,24,,18,1150907,1894132,,41.865389918,-87.721490761
,HS362075,06/16/2010 01:16:00 AM,012XX S AVERS AVE,1812,NARCOTICS,POSS: CANNABIS MORE THAN 30GMS,APARTMENT,true,false,1011,,24,,18,1150907,1894132,,41.865389918,-87.721490761
,HS362085,06/16/2010 01:17:00 AM,012XX W HOLLYWOOD AVE,0820,THEFT,$500 AND UNDER,RESIDENTIAL YARD (FRONT/BACK),true,false,2013,,48,,06,1167029,1938008,,41.985457533,-87.661043482
,HS362054,06/16/2010 01:00:00 AM,009XX E 83RD ST,0497,BATTERY,AGGRAVATED DOMESTIC BATTERY: OTHER DANG WEAPON,STREET,false,true,0632,,8,,04B,1183851,1850157,,41.744011134,-87.601926981
,HS362078,06/16/2010 01:40:00 AM,010XX W 58TH ST,0486,BATTERY,DOMESTIC BATTERY SIMPLE,APARTMENT,false,true,0712,,16,,08B,1170539,1866358,,41.788768843,-87.650231803
,HS362082,06/16/2010 01:46:00 AM,023XX W DEVON AVE,0460,BATTERY,SIMPLE,SIDEWALK,false,false,2413,,50,,08B,1159699,1942437,,41.997765594,-87.687879909
,HS362087,06/16/2010 01:37:00 AM,059XX S CALIFORNIA AVE,1811,NARCOTICS,POSS: CANNABIS 30GMS OR LESS,STREET,true,false,0824,,16,,18,1158725,1865240,,41.785950308,-87.693580269
,HS362084,06/16/2010 01:36:00 AM,036XX W WILSON AVE,031A,ROBBERY,ARMED: HANDGUN,ALLEY,false,false,1723,,33,,03,1151100,1930321,,41.964692075,-87.719831919
,HS362004,06/16/2010 12:10:00 AM,067XX S PERRY AVE,1310,CRIMINAL DAMAGE,TO PROPERTY,RESIDENCE,false,false,0722,,6,,14,1176560,1860218,,41.77178664,-87.628339611
,HS362067,06/16/2010 01:27:00 AM,073XX S ARTESIAN AVE,0486,BATTERY,DOMESTIC BATTERY SIMPLE,APARTMENT,false,true,0835,,18,,08B,1161315,1855877,,41.760203643,-87.684343072
,HS362027,06/16/2010 12:20:00 AM,079XX S EVANS AVE,0486,BATTERY,DOMESTIC BATTERY SIMPLE,RESIDENCE,false,true,0624,,6,,08B,1182601,1852561,,41.750637034,-87.60643264
,HS362095,06/16/2010 02:20:00 AM,014XX W 79TH ST,0486,BATTERY,DOMESTIC BATTERY SIMPLE,STREET,true,true,0612,,17,,08B,1168287,1852366,,41.750421805,-87.658891391
,HS362050,06/16/2010 12:01:00 AM,029XX W 59TH ST,0560,ASSAULT,SIMPLE,RESIDENTIAL YARD (FRONT/BACK),false,false,0824,,14,,08A,1157611,1865374,,41.786340696,-87.697661133
,HS362060,06/16/2010 12:56:00 AM,075XX S COLES AVE,502P,OTHER OFFENSE,FALSE/STOLEN/ALTERED TRP,STREET,true,false,0421,,7,,26,1195815,1855771,,41.759128963,-87.557905161
,HS362032,06/16/2010 12:15:00 AM,075XX S KINGSTON AVE,1310,CRIMINAL DAMAGE,TO PROPERTY,APARTMENT,false,true,0421,,7,,14,1194502,1855532,,41.758505506,-87.562724995
,HS362100,06/16/2010 02:40:00 AM,097XX S TORRENCE AVE,0486,BATTERY,DOMESTIC BATTERY SIMPLE,RESIDENCE,false,true,0431,,7,,08B,1195426,1840951,,41.718471269,-87.559818981
,HS362107,06/16/2010 02:30:00 AM,032XX S PRAIRIE AVE,0486,BATTERY,DOMESTIC BATTERY SIMPLE,APARTMENT,false,true,2112,,3,,08B,1178466,1883520,,41.835686337,-87.620644613
,HS362076,06/16/2010 01:50:00 AM,055XX W VAN BUREN ST,0420,BATTERY,AGGRAVATED:KNIFE/CUTTING INSTR,ALLEY,false,false,1522,,29,,04B,1139713,1897469,,41.874758668,-87.762503437
,HS362096,06/16/2010 02:34:00 AM,012XX S AVERS AVE,0560,ASSAULT,SIMPLE,RESIDENCE PORCH/HALLWAY,true,false,1011,,24,,08A,1150907,1894132,,41.865389918,-87.721490761
,HS362093,06/16/2010 01:56:00 AM,034XX W 31ST ST,0930,MOTOR VEHICLE THEFT,THEFT/RECOVERY: AUTOMOBILE,STREET,false,false,1032,,22,,07,1154048,1883858,,41.837134851,-87.710233636
,HS362061,06/16/2010 01:17:00 AM,038XX W ROOSEVELT RD,1811,NARCOTICS,POSS: CANNABIS 30GMS OR LESS,STREET,true,false,1133,,24,,18,1150993,1894437,,41.866225191,-87.721167065
,HS362079,06/16/2010 01:50:00 AM,064XX S DR MARTIN LUTHER KING JR DR,0486,BATTERY,DOMESTIC BATTERY SIMPLE,APARTMENT,false,true,0312,,20,,08B,1180028,1862378,,41.777635185,-87.615561058
,HS362099,06/16/2010 02:30:00 AM,011XX N CENTRAL PARK AVE,0460,BATTERY,SIMPLE,STREET,false,false,1121,,26,,08B,1152155,1907646,,41.902449251,-87.716552713
,HS362037,06/16/2010 12:40:00 AM,035XX W GRAND AVE,0460,BATTERY,SIMPLE,SIDEWALK,false,false,1121,,27,,08B,1152861,1907203,,41.901219659,-87.713971194
,HS362077,06/16/2010 01:50:00 AM,005XX N LONG AVE,0460,BATTERY,SIMPLE,RESIDENCE,false,false,1523,,37,,08B,1140224,1903260,,41.890640567,-87.760485307
,HS362123,06/16/2010 03:30:00 AM,072XX S KEDZIE AVE,0620,BURGLARY,UNLAWFUL ENTRY,RESIDENCE-GARAGE,true,false,0831,,18,,05,1156291,1856453,,41.761886812,-87.702740801
,HS362128,06/16/2010 03:47:00 AM,009XX N CICERO AVE,502P,OTHER OFFENSE,FALSE/STOLEN/ALTERED TRP,STREET,false,false,1531,,37,,26,1144184,1905972,,41.898009138,-87.745873891
,HS362103,06/16/2010 03:04:00 AM,074XX S HALSTED ST,143A,WEAPONS VIOLATION,UNLAWFUL POSS OF HANDGUN,STREET,true,false,0733,,17,,15,1172251,1855670,,41.759402215,-87.644268517
,HS362097,06/16/2010 02:35:00 AM,002XX N RACINE AVE,0486,BATTERY,DOMESTIC BATTERY SIMPLE,APARTMENT,false,true,1212,,27,,08B,1168465,1901726,,41.88586696,-87.656815026
,HS362116,06/16/2010 03:30:00 AM,024XX N KEDZIE BLVD,0486,BATTERY,DOMESTIC BATTERY SIMPLE,APARTMENT,true,false,1413,,35,,08B,1154629,1916060,,41.925488816,-87.707239652
,HS362112,06/16/2010 03:26:00 AM,014XX W 63RD ST,0820,THEFT,$500 AND UNDER,POLICE FACILITY/VEH PARKING LOT,false,false,0713,,16,,06,1167639,1862965,,41.779520772,-87.660962362
,HS362030,06/16/2010 12:30:00 AM,020XX W GARFIELD BLVD,0820,THEFT,$500 AND UNDER,RESIDENTIAL YARD (FRONT/BACK),false,false,0715,,15,,06,1163517,1868039,,41.793531935,-87.675931917
,HS362104,06/16/2010 02:45:00 AM,026XX W EVERGREEN AVE,0520,ASSAULT,AGGRAVATED:KNIFE/CUTTING INSTR,APARTMENT,true,false,1423,,26,,04A,1158650,1908880,,41.905704829,-87.692661603
,HS362106,06/16/2010 02:45:00 AM,001XX W CHESTNUT ST,1513,PROSTITUTION,SOLICIT FOR BUSINESS,RESIDENCE,true,false,1832,,42,,16,1175283,1906190,,41.897966193,-87.631644061
,HS362102,06/16/2010 02:46:00 AM,021XX W CATON ST,1320,CRIMINAL DAMAGE,TO VEHICLE,RESIDENTIAL YARD (FRONT/BACK),false,false,1434,,32,,14,1161914,1911165,,41.911907516,-87.680607921
,HS362062,06/16/2010 01:10:00 AM,075XX S KINGSTON AVE,1345,CRIMINAL DAMAGE,TO CITY OF CHICAGO PROPERTY,OTHER,true,false,0421,,7,,14,1194502,1855532,,41.758505506,-87.562724995
,HS362132,06/16/2010 04:35:00 AM,105XX S AVENUE O,1310,CRIMINAL DAMAGE,TO PROPERTY,RESIDENCE,false,false,0432,,10,,14,1200858,1835629,,41.703731612,-87.540103547
,HS362147,06/16/2010 12:30:00 AM,052XX W WARNER AVE,0810,THEFT,OVER $500,RESIDENTIAL YARD (FRONT/BACK),false,false,1624,,38,,06,1140658,1927090,,41.95602467,-87.758304564
,HS362157,06/16/2010 01:30:00 AM,034XX W ALTGELD ST,1320,CRIMINAL DAMAGE,TO VEHICLE,STREET,false,false,1413,,26,,14,1153158,1916407,,41.926470359,-87.712635616
,HS362044,06/16/2010 12:55:00 AM,057XX W RACE AVE,0486,BATTERY,DOMESTIC BATTERY SIMPLE,APARTMENT,true,true,1512,,29,,08B,1138093,1903043,,41.890083865,-87.76831674
,HS362046,06/16/2010 01:05:00 AM,055XX W VAN BUREN ST,0486,BATTERY,DOMESTIC BATTERY SIMPLE,RESIDENCE,false,true,1522,,29,,08B,1139713,1897469,,41.874758668,-87.762503437
,HS362035,06/16/2010 12:50:00 AM,0000X N LATROBE AVE,0497,BATTERY,AGGRAVATED DOMESTIC BATTERY: OTHER DANG WEAPON,SIDEWALK,false,true,1522,,28,,04B,1141388,1899702,,41.880855572,-87.75629834
,HS362126,06/16/2010 04:20:00 AM,053XX W MONROE ST,0486,BATTERY,DOMESTIC BATTERY SIMPLE,APARTMENT,true,true,1522,,29,,08B,1140801,1899144,,41.879335159,-87.758467514
,HS362169,06/16/2010 02:00:00 AM,056XX N VIRGINIA AVE,0810,THEFT,OVER $500,STREET,false,false,2011,,40,,06,1154992,1937378,,41.983979513,-87.705331786
,HS362177,06/16/2010 12:30:00 AM,028XX W WASHINGTON BLVD,0910,MOTOR VEHICLE THEFT,AUTOMOBILE,STREET,false,false,1331,,2,,07,1157252,1900552,,41.882880585,-87.698023476
,HS362114,06/16/2010 02:13:00 AM,080XX S EXCHANGE AVE,1255,DECEPTIVE PRACTICE,UNIDENTIFIABLE RECORDING SOUND,STREET,true,false,0422,,7,,11,1197226,1852251,,41.749434816,-87.552851055
,HS362149,06/16/2010 04:45:00 AM,016XX E 95TH ST,0460,BATTERY,SIMPLE,STREET,true,false,0413,,8,,08B,1188674,1842304,,41.722347855,-87.584505639
,HS362175,06/16/2010 12:00:00 AM,068XX S SOUTH SHORE DR,1320,CRIMINAL DAMAGE,TO VEHICLE,RESIDENCE,false,false,0331,,5,,14,1193412,1860013,,41.77082843,-87.566573288
,HS362183,06/16/2010 07:00:00 AM,074XX N PAULINA ST,0460,BATTERY,SIMPLE,RESIDENCE,false,false,2422,,49,,08B,1163825,1949359,,42.016673367,-87.672505321
,HS362201,06/16/2010 02:00:00 AM,066XX S KEATING AVE,0810,THEFT,OVER $500,STREET,false,false,0833,,13,,06,1145859,1860085,,41.772057141,-87.740884133
,HS362178,06/16/2010 12:00:00 AM,015XX N KILDARE AVE,0910,MOTOR VEHICLE THEFT,AUTOMOBILE,STREET,false,false,2534,,37,,07,1147437,1909705,,41.908191135,-87.733829984
,HS362150,06/16/2010 06:00:00 AM,028XX N MELVINA AVE,0486,BATTERY,DOMESTIC BATTERY SIMPLE,RESIDENCE,false,true,2511,,29,,08B,1134582,1918225,,41.931807862,-87.780851807
,HS362125,06/16/2010 04:00:00 AM,048XX W BELLE PLAINE AVE,0486,BATTERY,DOMESTIC BATTERY SIMPLE,APARTMENT,false,true,1624,,45,,08B,1143405,1926821,,41.955235486,-87.748212567
,HS362226,06/16/2010 08:00:00 AM,020XX N LAPORTE AVE,2825,OTHER OFFENSE,HARASSMENT BY TELEPHONE,RESIDENCE,false,true,2522,,31,,26,1143060,1913029,,41.917395368,-87.749825967
,HS362208,06/16/2010 12:00:00 AM,036XX W GRENSHAW ST,2820,OTHER OFFENSE,TELEPHONE THREAT,RESIDENCE,false,true,1133,,24,,26,1152212,1894795,,41.867183643,-87.716682539
,HS362239,06/16/2010 12:30:00 AM,090XX S LOOMIS ST,0810,THEFT,OVER $500,STREET,false,false,2222,,21,,06,1168581,1844852,,41.729795994,-87.658030107
,HS362242,06/16/2010 04:00:00 AM,017XX N WOOD ST,0810,THEFT,OVER $500,VEHICLE NON-COMMERCIAL,false,false,1434,,32,,06,1164078,1911700,,41.913330126,-87.6726429
,HS362234,06/16/2010 05:00:00 AM,021XX W 54TH PL,0910,MOTOR VEHICLE THEFT,AUTOMOBILE,STREET,false,false,0915,,16,,07,1163153,1868499,,41.794801864,-87.677253807
,HS362167,06/16/2010 05:38:00 AM,046XX N BROADWAY,0560,ASSAULT,SIMPLE,CTA GARAGE / OTHER PROPERTY,true,false,2311,,46,,08A,1167942,1930944,,41.966053999,-87.657890403
,HS362291,06/16/2010 12:10:00 AM,016XX N TALMAN AVE,1305,CRIMINAL DAMAGE,CRIMINAL DEFACEMENT,NURSING HOME/RETIREMENT HOME,false,false,1421,,1,,14,1158453,1910703,,41.910711323,-87.69333529
,HS362188,06/16/2010 07:06:00 AM,080XX S EVANS AVE,1811,NARCOTICS,POSS: CANNABIS 30GMS OR LESS,ALLEY,true,false,0631,,6,,18,1182624,1851760,,41.748438471,-87.606373157
,HS362298,06/16/2010 07:55:00 AM,082XX S COLES AVE,0486,BATTERY,DOMESTIC BATTERY SIMPLE,RESIDENCE,true,true,0424,,7,,08B,1198249,1850994,,41.745959992,-87.549144436
,HS362233,06/16/2010 08:00:00 AM,017XX N AUSTIN AVE,0560,ASSAULT,SIMPLE,APARTMENT,true,false,2531,,29,,08A,1136139,1910922,,41.911739913,-87.775304616
,HS362227,06/16/2010 07:50:00 AM,051XX W WASHINGTON BLVD,0486,BATTERY,DOMESTIC BATTERY SIMPLE,RESIDENCE,false,true,1533,,28,,08B,1142196,1900020,,41.881713257,-87.753323494
,HS362274,06/16/2010 08:45:00 AM,047XX W WASHINGTON BLVD,0486,BATTERY,DOMESTIC BATTERY SIMPLE,STREET,false,true,1113,,28,,08B,1144695,1900079,,41.881828448,-87.744145635
,HS362271,06/16/2010 08:45:00 AM,033XX W VAN BUREN ST,0486,BATTERY,DOMESTIC BATTERY SIMPLE,ALLEY,false,true,1134,,28,,08B,1153998,1897824,,41.875460152,-87.710045099
,HS362301,06/16/2010 12:30:00 AM,024XX W VAN BUREN ST,0820,THEFT,$500 AND UNDER,STREET,false,false,1135,,2,,06,1160351,1898095,,41.876074835,-87.686711784
,HS362228,06/16/2010 05:30:00 AM,007XX N MONTICELLO AVE,0486,BATTERY,DOMESTIC BATTERY SIMPLE,RESIDENTIAL YARD (FRONT/BACK),true,true,1112,,27,,08B,1151918,1904680,,41.894314928,-87.717501462
,HS362290,06/16/2010 08:55:00 AM,040XX W LAKE ST,1210,DECEPTIVE PRACTICE,THEFT OF LABOR/SERVICES,CTA PLATFORM,true,false,1114,,28,,11,1149512,1901446,,41.885487535,-87.726422045
,HS362307,06/16/2010 06:30:00 AM,108XX S ST LOUIS AVE,1320,CRIMINAL DAMAGE,TO VEHICLE,RESIDENTIAL YARD (FRONT/BACK),false,false,2211,,19,,14,1154936,1832463,,41.696081216,-87.708345501
,HS362332,06/16/2010 09:40:00 AM,036XX W LAKE ST,1210,DECEPTIVE PRACTICE,THEFT OF LABOR/SERVICES,CTA PLATFORM,true,false,1122,,28,,11,1151988,1901284,,41.884994578,-87.71733391
,HS362323,06/16/2010 09:25:00 AM,005XX N TRUMBULL AVE,0486,BATTERY,DOMESTIC BATTERY SIMPLE,STREET,false,false,1121,,27,,08B,1153285,1903398,,41.89076996,-87.712514925
,HS362179,06/16/2010 12:30:00 AM,016XX W FARGO AVE,1320,CRIMINAL DAMAGE,TO VEHICLE,STREET,false,false,2422,,49,,14,1164231,1949492,,42.017029711,-87.671007568
,HS362277,06/16/2010 08:55:00 AM,008XX N STATE ST,1210,DECEPTIVE PRACTICE,THEFT OF LABOR/SERVICES,CTA PLATFORM,false,false,1832,,42,,11,1176223,1905805,,41.896888586,-87.628203192
,HS362269,06/16/2010 08:40:00 AM,105XX S PEORIA ST,0486,BATTERY,DOMESTIC BATTERY SIMPLE,SIDEWALK,true,true,2232,,34,,08B,1172181,1834974,,41.702611058,-87.64513153
,HS362263,06/16/2010 08:00:00 AM,043XX S VINCENNES AVE,0560,ASSAULT,SIMPLE,STREET,false,true,0222,,3,,08A,1180318,1876445,,41.81622964,-87.614066428
,HS362237,06/16/2010 01:00:00 AM,035XX S STATE ST,1320,CRIMINAL DAMAGE,TO VEHICLE,STREET,false,true,0211,,3,,14,1176849,1881588,,41.830421439,-87.626636187
,HS362366,06/16/2010 01:00:00 AM,051XX S PULASKI RD,1305,CRIMINAL DAMAGE,CRIMINAL DEFACEMENT,RESTAURANT,false,false,0822,,23,,14,1150575,1870061,,41.799342386,-87.72333704
,HS362244,06/16/2010 08:30:00 AM,082XX S COLES AVE,0486,BATTERY,DOMESTIC BATTERY SIMPLE,RESIDENCE,true,true,0424,,7,,08B,1198249,1850994,,41.745959992,-87.549144436
,HS362419,06/16/2010 10:00:00 AM,0000X N LATROBE AVE,1345,CRIMINAL DAMAGE,TO CITY OF CHICAGO PROPERTY,STREET,false,false,1522,,28,,14,1141385,1899770,,41.881042228,-87.756307677
,HS362329,06/16/2010 09:00:00 AM,091XX S STONY ISLAND AVE,2027,NARCOTICS,POSS: CRACK,STREET,true,false,0413,,8,,18,1188502,1844875,,41.729407053,-87.585053781
,HS362333,06/16/2010 09:15:00 AM,049XX W FULTON ST,0460,BATTERY,SIMPLE,RESIDENCE,false,true,1532,,28,,08B,1143492,1901482,,41.885701028,-87.748527973
,HS362392,06/16/2010 08:00:00 AM,002XX N PINE AVE,0890,THEFT,FROM BUILDING,"SCHOOL, PUBLIC, BUILDING",false,false,1523,,28,,06,1139459,1901147,,41.884856209,-87.763346345
,HS362303,06/16/2010 12:01:00 AM,049XX N KENTUCKY AVE,0810,THEFT,OVER $500,STREET,false,false,1712,,39,,06,1145130,1932341,,41.970350312,-87.741730958
,HS362351,06/16/2010 09:30:00 AM,037XX S DAMEN AVE,0460,BATTERY,SIMPLE,PARK PROPERTY,false,false,0913,,11,,08B,1163572,1879960,,41.826243415,-87.675395577
,HS362325,06/16/2010 09:15:00 AM,023XX S TROY ST,0460,BATTERY,SIMPLE,RESIDENCE,false,true,1033,,24,,08B,1155727,1888314,,41.849329052,-87.703952823
,HS362344,06/16/2010 12:30:00 AM,018XX S AVERS AVE,1320,CRIMINAL DAMAGE,TO VEHICLE,RESIDENTIAL YARD (FRONT/BACK),false,false,1014,,24,,14,1151032,1890688,,41.85593673,-87.721122032
,HS362395,06/16/2010 10:15:00 AM,0000X N LATROBE AVE,2092,NARCOTICS,SOLICIT NARCOTICS ON PUBLICWAY,SIDEWALK,true,false,1522,,28,,26,1141385,1899770,,41.881042228,-87.756307677
,HS362442,06/16/2010 10:00:00 AM,012XX W COLUMBIA AVE,0330,ROBBERY,AGGRAVATED,SIDEWALK,false,false,2432,,49,,03,1166809,1944953,,42.0045195,-87.661652266
,HS362340,06/16/2010 08:28:00 AM,012XX N HARDING AVE,1812,NARCOTICS,POSS: CANNABIS MORE THAN 30GMS,RESIDENCE,true,false,2535,,27,,18,1149825,1907941,,41.903304411,-87.725103562
,HS362400,06/16/2010 10:21:00 AM,054XX S WABASH AVE,0460,BATTERY,SIMPLE,RESTAURANT,false,false,0232,,3,,08B,1177642,1868905,,41.795600242,-87.624110719
,HS362469,06/16/2010 10:45:00 AM,011XX W 59TH ST,1811,NARCOTICS,POSS: CANNABIS 30GMS OR LESS,ALLEY,true,false,0712,,16,,18,1169743,1865673,,41.786906441,-87.653170319
,HS362472,06/16/2010 10:45:00 AM,001XX E 57TH ST,0486,BATTERY,DOMESTIC BATTERY SIMPLE,APARTMENT,false,true,0233,,20,,08B,1178267,1867260,,41.791072033,-87.621868761
,HS362500,06/16/2010 10:50:00 AM,016XX W 38TH ST,1310,CRIMINAL DAMAGE,TO PROPERTY,SIDEWALK,false,false,0922,,11,,14,1166037,1879530,,41.825011292,-87.666364253
,HS362454,06/16/2010 10:40:00 AM,022XX S KILDARE AVE,0486,BATTERY,DOMESTIC BATTERY SIMPLE,APARTMENT,true,true,1013,,22,,08B,1148297,1888647,,41.85038904,-87.731213464
,HS362436,06/16/2010 10:30:00 AM,016XX W HOWARD ST,0520,ASSAULT,AGGRAVATED:KNIFE/CUTTING INSTR,STREET,false,true,2422,,49,,04A,1164097,1950345,,42.019373201,-87.671476382
,HS362523,06/16/2010 10:00:00 AM,014XX N OGDEN AVE,0890,THEFT,FROM BUILDING,"SCHOOL, PUBLIC, BUILDING",false,false,1822,,27,,06,1171353,1909648,,41.907542438,-87.645976688
,HS362386,06/16/2010 10:00:00 AM,007XX E 89TH PL,0560,ASSAULT,SIMPLE,STREET,true,true,0633,,6,,08A,1182712,1845794,,41.732065062,-87.606235405
,HS362458,06/16/2010 05:00:00 AM,070XX S PERRY AVE,0820,THEFT,$500 AND UNDER,STREET,false,false,0731,,6,,06,1176613,1858410,,41.766824095,-87.628199667
,HS362422,06/16/2010 09:00:00 AM,013XX W ESTES AVE,1150,DECEPTIVE PRACTICE,CREDIT CARD FRAUD,RESIDENCE,false,false,2423,,49,,11,1166135,1947526,,42.011594338,-87.664057917
,HS362505,06/16/2010 09:51:00 AM,007XX W JACKSON BLVD,0810,THEFT,OVER $500,ALLEY,false,false,0111,,2,,06,1171693,1898875,,41.877973183,-87.645045179
,HS362539,06/16/2010 10:00:00 AM,014XX N OGDEN AVE,0890,THEFT,FROM BUILDING,"SCHOOL, PUBLIC, BUILDING",false,false,1822,,27,,06,1171353,1909648,,41.907542438,-87.645976688
,HS362482,06/16/2010 11:00:00 AM,039XX W VAN BUREN ST,0820,THEFT,$500 AND UNDER,STREET,false,false,1132,,24,,06,1150103,1897732,,41.875284419,-87.724348541
,HS362407,06/16/2010 10:15:00 AM,050XX S INDIANA AVE,0530,ASSAULT,AGGRAVATED: OTHER DANG WEAPON,ALLEY,false,false,0224,,3,,04A,1178453,1871650,,41.803114376,-87.621053366
,HS362268,06/16/2010 08:00:00 AM,067XX S KARLOV AVE,1320,CRIMINAL DAMAGE,TO VEHICLE,STREET,false,false,0833,,13,,14,1150200,1859500,,41.770368645,-87.724986301
,HS362381,06/16/2010 10:00:00 AM,014XX W HOWARD ST,1330,CRIMINAL TRESPASS,TO LAND,RESIDENCE,false,true,2422,,49,,26,1165346,1950305,,42.019236846,-87.666881369
,HS362497,06/16/2010 11:00:00 AM,014XX E 67TH ST,1811,NARCOTICS,POSS: CANNABIS 30GMS OR LESS,SIDEWALK,true,false,0321,,5,,18,1186966,1860855,,41.773294218,-87.590174849
,HS362559,06/16/2010 11:00:00 AM,002XX W GARFIELD BLVD,1210,DECEPTIVE PRACTICE,THEFT OF LABOR/SERVICES,CTA PLATFORM,false,false,0934,,3,,11,1175647,1868500,,41.794533814,-87.631438536
,HS362515,06/16/2010 11:00:00 AM,008XX N KEDVALE AVE,0560,ASSAULT,SIMPLE,POOL ROOM,false,true,1111,,37,,08A,1148564,1905306,,41.896098138,-87.729803611
,HS362540,06/16/2010 10:30:00 AM,083XX S COMMERCIAL AVE,0890,THEFT,FROM BUILDING,"SCHOOL, PUBLIC, BUILDING",false,false,0423,,10,,06,1197543,1850210,,41.743826264,-87.551757398
,HS362524,06/16/2010 11:15:00 AM,005XX W 58TH ST,2024,NARCOTICS,POSS: HEROIN(WHITE),CHA PARKING LOT/GROUNDS,true,false,0711,,3,,18,1173651,1866467,,41.788999534,-87.63881801
,HS362514,06/16/2010 09:55:00 AM,021XX S LAFLIN ST,0460,BATTERY,SIMPLE,"SCHOOL, PUBLIC, GROUNDS",true,false,1222,,25,,08B,1166703,1889711,,41.852934738,-87.663629657
,HS362504,06/16/2010 11:32:00 AM,051XX S WOOD ST,501A,OTHER OFFENSE,ANIMAL ABUSE/NEGLECT,RESIDENCE,false,false,0932,,16,,26,1165219,1870512,,41.800282262,-87.66962079
,HS362570,06/16/2010 08:45:00 AM,028XX S LOWE AVE,0820,THEFT,$500 AND UNDER,VEHICLE NON-COMMERCIAL,false,false,0923,,11,,06,1172419,1886111,,41.842931797,-87.642756469
,HS362613,06/16/2010 12:09:00 PM,013XX W WILSON AVE,1811,NARCOTICS,POSS: CANNABIS 30GMS OR LESS,SIDEWALK,true,false,2311,,46,,18,1166493,1930666,,41.965322378,-87.663226076
,HS362405,06/16/2010 10:30:00 AM,064XX S DR MARTIN LUTHER KING JR DR,0560,ASSAULT,SIMPLE,RESIDENCE,false,false,0312,,20,,08A,1180028,1862364,,41.777596767,-87.615561486
,HS362216,06/16/2010 03:15:00 AM,033XX W BALMORAL AVE,0610,BURGLARY,FORCIBLE ENTRY,APARTMENT,false,false,1712,,39,,05,1152933,1935681,,41.979364027,-87.712949712
,HS362546,06/16/2010 11:30:00 AM,004XX S STATE ST,1330,CRIMINAL TRESPASS,TO LAND,LIBRARY,false,false,0132,,2,,26,1176436,1898416,,41.876607964,-87.627644063
,HS362626,06/16/2010 12:00:00 AM,066XX N WHIPPLE ST,0820,THEFT,$500 AND UNDER,STREET,false,false,2412,,50,,06,1154813,1943941,,42.001992292,-87.705813246
,HS362324,06/16/2010 12:00:00 AM,011XX W TAYLOR ST,0820,THEFT,$500 AND UNDER,STREET,false,false,1213,,25,,06,1168813,1895740,,41.869433394,-87.655710655
,HS362656,06/16/2010 08:00:00 AM,002XX S WELLS ST,0820,THEFT,$500 AND UNDER,CTA TRAIN,false,false,0112,,2,,06,1174763,1899355,,41.87922222,-87.633758619
,HS362534,06/16/2010 11:32:00 AM,015XX N CLYBOURN AVE,0460,BATTERY,SIMPLE,CTA GARAGE / OTHER PROPERTY,false,false,1822,,43,,08B,1170470,1910783,,41.910676312,-87.649187069
,HS362439,06/16/2010 12:00:00 AM,047XX N SPAULDING AVE,0890,THEFT,FROM BUILDING,RESIDENCE PORCH/HALLWAY,false,false,1713,,33,,06,1153524,1931365,,41.967508904,-87.710891577
,HS362493,06/16/2010 11:01:00 AM,074XX S DORCHESTER AVE,1821,NARCOTICS,MANU/DEL:CANNABIS 10GM OR LESS,"SCHOOL, PRIVATE, GROUNDS",true,false,0324,,5,,18,1186831,1855914,,41.759738873,-87.590826076
,HS362459,06/16/2010 10:27:00 AM,020XX N ORCHARD ST,0870,THEFT,POCKET-PICKING,"SCHOOL, PUBLIC, BUILDING",false,false,1812,,43,,06,1171278,1913694,,41.918646522,-87.64613311
,HS362569,06/16/2010 11:45:00 AM,001XX E 57TH ST,0486,BATTERY,DOMESTIC BATTERY SIMPLE,RESIDENCE,false,false,0233,,20,,08B,1178267,1867260,,41.791072033,-87.621868761
,HS362417,06/16/2010 12:00:00 AM,011XX W TAYLOR ST,0820,THEFT,$500 AND UNDER,STREET,false,false,1213,,25,,06,1168813,1895740,,41.869433394,-87.655710655
,HS362478,06/16/2010 12:10:00 AM,035XX W BEACH AVE,0910,MOTOR VEHICLE THEFT,AUTOMOBILE,STREET,false,false,1422,,26,,07,1152462,1909411,,41.907286514,-87.715378343
,HS362359,06/16/2010 03:10:00 AM,018XX S SPAULDING AVE,0479,BATTERY,AGG: HANDS/FIST/FEET SERIOUS INJURY,RESIDENCE,false,false,1022,,24,,04B,1154653,1890871,,41.856367286,-87.70782619
,HS362609,06/16/2010 12:20:00 PM,018XX S FAIRFIELD AVE,0486,BATTERY,DOMESTIC BATTERY SIMPLE,APARTMENT,false,true,1023,,28,,08B,1158325,1890825,,41.856166861,-87.694349246
,HS362648,06/16/2010 12:45:00 PM,067XX S PEORIA ST,2027,NARCOTICS,POSS: CRACK,SIDEWALK,true,false,0723,,17,,18,1171467,1860195,,41.771836571,-87.647009523
,HS362380,06/16/2010 09:50:00 AM,012XX N CLEVELAND AVE,0486,BATTERY,DOMESTIC BATTERY SIMPLE,APARTMENT,false,true,1821,,27,,08B,1172758,1908820,,41.905239352,-87.640840084
,HS362596,06/16/2010 11:48:00 AM,052XX S KEDZIE AVE,0486,BATTERY,DOMESTIC BATTERY SIMPLE,APARTMENT,true,false,0911,,14,,08B,1155936,1869657,,41.798127674,-87.703687573
,HS362625,06/16/2010 11:44:00 AM,014XX W MORSE AVE,0470,PUBLIC PEACE VIOLATION,RECKLESS CONDUCT,SIDEWALK,false,false,2431,,49,,24,1165430,1946172,,42.007894034,-87.666690704
,HS362595,06/16/2010 08:30:00 AM,049XX S PAULINA ST,0620,BURGLARY,UNLAWFUL ENTRY,APARTMENT,false,false,0931,,16,,05,1165847,1871844,,41.803924097,-87.667279867
,HS362406,06/16/2010 09:04:00 AM,058XX W WALTON ST,2024,NARCOTICS,POSS: HEROIN(WHITE),RESIDENCE,true,false,1511,,29,,18,1137303,1905740,,41.897499013,-87.771153128
,HS362398,06/16/2010 10:17:00 AM,013XX N PARKSIDE AVE,0890,THEFT,FROM BUILDING,VACANT LOT/LAND,false,false,2531,,29,,06,1138431,1908264,,41.904404819,-87.766948852
,HS362318,06/16/2010 08:45:00 AM,018XX N SPRINGFIELD AVE,1340,CRIMINAL DAMAGE,TO STATE SUP PROP,"SCHOOL, PUBLIC, GROUNDS",false,false,2535,,30,,14,1150088,1912017,,41.914484227,-87.724031146
,HS362663,06/16/2010 12:00:00 AM,058XX S FRANCISCO AVE,0620,BURGLARY,UNLAWFUL ENTRY,RESIDENCE-GARAGE,false,false,0824,,14,,05,1158043,1865803,,41.787509157,-87.696065531
,HS362646,06/16/2010 07:30:00 AM,002XX E CHICAGO AVE,0910,MOTOR VEHICLE THEFT,AUTOMOBILE,STREET,false,false,1833,,42,,07,1177897,1905774,,41.896765602,-87.622055873
,HS362639,06/16/2010 02:00:00 AM,043XX W THOMAS ST,2851,PUBLIC PEACE VIOLATION,ARSON THREAT,APARTMENT,false,false,1111,,37,,26,1147192,1906976,,41.90070717,-87.734799946
,HS362452,06/16/2010 10:45:00 AM,043XX W FIFTH AVE,0910,MOTOR VEHICLE THEFT,AUTOMOBILE,STREET,false,false,1131,,24,,07,1147614,1896058,,41.870738861,-87.7335302
,HS362703,06/16/2010 12:00:00 AM,045XX N MOBILE AVE,0620,BURGLARY,UNLAWFUL ENTRY,VACANT LOT/LAND,false,false,1622,,38,,05,1133522,1929840,,41.963699345,-87.784473884
,HS362683,06/16/2010 12:00:00 PM,022XX W FULTON ST,0820,THEFT,$500 AND UNDER,STREET,false,false,1332,,27,,06,1161608,1901974,,41.886693072,-87.681988426
,HS362696,06/16/2010 12:30:00 PM,002XX S CANAL ST,1170,DECEPTIVE PRACTICE,IMPERSONATION,SIDEWALK,false,false,0111,,2,,11,1173178,1899203,,41.878840427,-87.639582928
,HS362678,06/16/2010 02:00:00 AM,031XX S LOWE AVE,1320,CRIMINAL DAMAGE,TO VEHICLE,STREET,false,false,0924,,11,,14,1172477,1884073,,41.837338071,-87.64260377
,HS362501,06/16/2010 10:35:00 AM,055XX S LOWE AVE,2840,PUBLIC PEACE VIOLATION,FALSE FIRE ALARM,"SCHOOL, PUBLIC, BUILDING",true,false,0711,,3,,24,1172909,1868109,,41.793521775,-87.641490211
,HS362614,06/16/2010 10:30:00 AM,039XX W ARTHINGTON ST,1320,CRIMINAL DAMAGE,TO VEHICLE,PARKING LOT/GARAGE(NON.RESID.),false,true,1132,,24,,14,1150160,1895742,,41.869822522,-87.724191109
,HS362607,06/16/2010 11:55:00 AM,035XX W GRAND AVE,0860,THEFT,RETAIL THEFT,DRUG STORE,true,false,1121,,26,,06,1152431,1907428,,41.901845588,-87.715544681
,HS362717,06/16/2010 01:10:00 PM,059XX W ALTGELD ST,1811,NARCOTICS,POSS: CANNABIS 30GMS OR LESS,SIDEWALK,true,false,2515,,29,,18,1136505,1916006,,41.925684458,-87.773838171
,HS362630,06/16/2010 03:00:00 AM,044XX W FIFTH AVE,0810,THEFT,OVER $500,OTHER,false,false,1131,,24,,06,1146993,1895823,,41.870105878,-87.735816133
,HS362065,06/16/2010 01:35:00 AM,045XX W 63RD ST,0860,THEFT,RETAIL THEFT,SMALL RETAIL STORE,false,false,0813,,13,,06,1147374,1862448,,41.778512834,-87.735270282
,HS362654,06/16/2010 12:08:00 PM,069XX N CLARK ST,2023,NARCOTICS,POSS: HEROIN(BRN/TAN),PARKING LOT/GARAGE(NON.RESID.),true,false,2424,,49,,18,1163488,1946347,,42.008415511,-87.673830775
,HS362384,06/16/2010 09:45:00 AM,098XX S MERRION AVE,0820,THEFT,$500 AND UNDER,STREET,false,true,0431,,7,,06,1192703,1840112,,41.716235672,-87.569819422
,HS362677,06/16/2010 12:55:00 PM,028XX E 95TH ST,1310,CRIMINAL DAMAGE,TO PROPERTY,GAS STATION,false,false,0431,,10,,14,1196846,1842514,,41.722725152,-87.554566354
,HS362519,06/16/2010 10:15:00 AM,021XX N LATROBE AVE,0520,ASSAULT,AGGRAVATED:KNIFE/CUTTING INSTR,RESIDENCE,false,true,2515,,37,,04A,1141038,1913749,,41.919408638,-87.757237162
,HS362705,06/16/2010 01:00:00 PM,037XX W CHICAGO AVE,1811,NARCOTICS,POSS: CANNABIS 30GMS OR LESS,SIDEWALK,true,false,1112,,27,,18,1151145,1905078,,41.89542227,-87.720330031
,HS362518,06/16/2010 01:00:00 AM,031XX W 71ST ST,0610,BURGLARY,FORCIBLE ENTRY,RESTAURANT,false,false,0831,,18,,05,1156810,1857376,,41.76440921,-87.700813715
,HS362375,06/16/2010 10:00:00 AM,088XX S BURLEY AVE,0610,BURGLARY,FORCIBLE ENTRY,APARTMENT,false,false,0424,,10,,05,1199205,1846960,,41.734866441,-87.54577681
,HS362361,06/16/2010 09:45:00 AM,098XX S AVENUE L,2820,OTHER OFFENSE,TELEPHONE THREAT,RESIDENCE,false,true,0432,,10,,26,1201799,1840533,,41.71716475,-87.536491698
,HS362669,06/16/2010 12:45:00 PM,014XX N LEAMINGTON AVE,1345,CRIMINAL DAMAGE,TO CITY OF CHICAGO PROPERTY,"SCHOOL, PUBLIC, BUILDING",false,false,2533,,37,,14,1141772,1909093,,41.9066185,-87.754655732
,HS362476,06/16/2010 10:59:00 AM,100XX S YATES AVE,0560,ASSAULT,SIMPLE,CTA BUS STOP,false,true,0431,,7,,08A,1194144,1838972,,41.713072213,-87.564579115
,HS362553,06/16/2010 11:45:00 AM,083XX S STONY ISLAND AVE,0320,ROBBERY,STRONGARM - NO WEAPON,SIDEWALK,false,false,0412,,8,,03,1188371,1850042,,41.743588944,-87.585369162
,HS362641,06/16/2010 08:00:00 AM,060XX S WASHTENAW AVE,0610,BURGLARY,FORCIBLE ENTRY,RESIDENCE,false,false,0825,,15,,05,1159409,1864582,,41.784130671,-87.691090396
,HS362438,06/16/2010 10:15:00 AM,080XX S CHAPPEL AVE,0545,ASSAULT,PRO EMP HANDS NO/MIN INJURY,"SCHOOL, PUBLIC, BUILDING",false,false,0414,,8,,08A,1191261,1851997,,41.748884218,-87.574717019
,HS362637,06/16/2010 12:20:00 PM,008XX N MICHIGAN AVE,0860,THEFT,RETAIL THEFT,DEPARTMENT STORE,true,false,1833,,42,,06,1177338,1906213,,41.897982937,-87.624095634
,HS362425,06/16/2010 03:00:00 AM,028XX W WASHINGTON BLVD,0486,BATTERY,DOMESTIC BATTERY SIMPLE,RESIDENCE,false,true,1331,,2,,08B,1157252,1900552,,41.882880585,-87.698023476
,HS362699,06/16/2010 01:19:00 PM,051XX S KNOX AVE,1811,NARCOTICS,POSS: CANNABIS 30GMS OR LESS,SIDEWALK,true,false,0815,,23,,18,1146236,1869917,,41.799030621,-87.73925312
,HS362692,06/16/2010 01:02:00 PM,041XX W LAWRENCE AVE,0820,THEFT,$500 AND UNDER,STREET,false,false,1712,,39,,06,1147701,1931573,,41.968193758,-87.732296956
,HS362685,06/16/2010 12:45:00 PM,047XX W IRVING PARK RD,0860,THEFT,RETAIL THEFT,DEPARTMENT STORE,true,false,1722,,45,,06,1143937,1926169,,41.953436358,-87.746273229
,HS362693,06/16/2010 12:30:00 PM,019XX S KEELER AVE,2014,NARCOTICS,MANU/DELIVER: HEROIN (WHITE),RESIDENCE PORCH/HALLWAY,true,false,1012,,24,,18,1148692,1890219,,41.854695197,-87.729723173
,HS362757,06/16/2010 12:30:00 AM,022XX W TOUHY AVE,1320,CRIMINAL DAMAGE,TO VEHICLE,STREET,false,false,2411,,50,,14,1159892,1947716,,42.012247339,-87.687023334
,HS362680,06/16/2010 12:40:00 PM,024XX S MARSHALL BLVD,0850,THEFT,ATTEMPT THEFT,SIDEWALK,false,false,1033,,12,,06,1157089,1887878,,41.848105118,-87.698965922
,HS362629,06/16/2010 12:20:00 PM,077XX S RHODES AVE,0486,BATTERY,DOMESTIC BATTERY SIMPLE,RESIDENCE,false,true,0624,,6,,08B,1181244,1853849,,41.754202799,-87.611365676
,HS362550,06/16/2010 07:56:00 AM,002XX S WACKER DR,4387,OTHER OFFENSE,VIOLATE ORDER OF PROTECTION,COMMERCIAL / BUSINESS OFFICE,false,true,0112,,2,,26,1173971,1899133,,41.878630716,-87.636673298
,HS362713,06/16/2010 12:25:00 PM,029XX S STATE ST,0320,ROBBERY,STRONGARM - NO WEAPON,SIDEWALK,false,true,2113,,3,,03,1176760,1885391,,41.840859176,-87.626847966
,HS362675,06/16/2010 11:30:00 AM,0000X N STATE ST,0860,THEFT,RETAIL THEFT,DEPARTMENT STORE,false,false,0122,,42,,06,1176364,1900524,,41.882394062,-87.627844798
,HS362577,06/16/2010 11:50:00 AM,0000X N STATE ST,0860,THEFT,RETAIL THEFT,DEPARTMENT STORE,false,false,0122,,42,,06,1176364,1900524,,41.882394062,-87.627844798
,HS362735,06/16/2010 01:02:00 PM,043XX N KENMORE AVE,1811,NARCOTICS,POSS: CANNABIS 30GMS OR LESS,ALLEY,true,false,2322,,46,,18,1168389,1928975,,41.960641315,-87.656304081
,HS362701,06/16/2010 12:55:00 PM,058XX S PULASKI RD,0870,THEFT,POCKET-PICKING,SIDEWALK,false,false,0822,,13,,06,1150706,1865359,,41.786436833,-87.722979048
,HS362266,06/16/2010 08:05:00 AM,071XX S WINCHESTER AVE,5002,OTHER OFFENSE,OTHER VEHICLE OFFENSE,STREET,false,true,0735,,17,,26,1164593,1857222,,41.76382602,-87.672291214
,HS362730,06/16/2010 12:30:00 PM,016XX W ROOSEVELT RD,0486,BATTERY,DOMESTIC BATTERY SIMPLE,STREET,false,true,1224,,2,,08B,1165742,1894778,,41.866859553,-87.667012497
,HS362793,06/16/2010 01:37:00 PM,057XX S ELIZABETH ST,1811,NARCOTICS,POSS: CANNABIS 30GMS OR LESS,OTHER,true,false,0713,,16,,18,1168970,1866692,,41.789719443,-87.655975118
,HS362754,06/16/2010 01:28:00 PM,076XX S OGLESBY AVE,2027,NARCOTICS,POSS: CRACK,STREET,true,false,0414,,7,,18,1193193,1854831,,41.756613983,-87.567545151
,HS362503,06/16/2010 11:15:00 AM,030XX W WALNUT ST,0486,BATTERY,DOMESTIC BATTERY SIMPLE,APARTMENT,false,false,1331,,2,,08B,1156068,1901477,,41.885442844,-87.702346212
,HS362466,06/16/2010 12:00:00 AM,002XX N JEFFERSON ST,0820,THEFT,$500 AND UNDER,STREET,false,false,1212,,42,,06,1172285,1901815,,41.886027686,-87.642784654
,HS362707,06/16/2010 12:22:00 PM,036XX S INDIANA AVE,1811,NARCOTICS,POSS: CANNABIS 30GMS OR LESS,STREET,true,false,0211,,3,,18,1178199,1880868,,41.828415121,-87.621704927
,HS362785,06/16/2010 12:40:00 PM,016XX W WALNUT ST,4510,OTHER OFFENSE,PROBATION VIOLATION,OTHER,true,false,1333,,27,,26,1165374,1901800,,41.886136329,-87.668163684
,HS362489,06/16/2010 11:10:00 AM,012XX N AUSTIN BLVD,0460,BATTERY,SIMPLE,PARKING LOT/GARAGE(NON.RESID.),false,false,2531,,29,,08B,1136141,1907537,,41.902451022,-87.775378157
,HS362799,06/16/2010 07:00:00 AM,033XX W 61ST PL,0610,BURGLARY,FORCIBLE ENTRY,RESIDENCE,false,false,0823,,15,,05,1155208,1863649,,41.781655456,-87.706517938
,HS362712,06/16/2010 06:30:00 AM,038XX W 82ND PL,0610,BURGLARY,FORCIBLE ENTRY,RESIDENCE,false,false,0834,,18,,05,1152144,1849596,,41.743152467,-87.718119909
,HS362590,06/16/2010 11:18:00 AM,054XX W JACKSON BLVD,1360,CRIMINAL TRESPASS,TO VEHICLE,STREET,true,false,1522,,29,,26,1140252,1898137,,41.876581893,-87.76050806
,HS362784,06/16/2010 01:47:00 PM,002XX N KOLIN AVE,0486,BATTERY,DOMESTIC BATTERY SIMPLE,APARTMENT,false,true,1114,,28,,08B,1147359,1900764,,41.883657562,-87.734345824
,HS362831,06/16/2010 08:00:00 AM,048XX S WESTERN AVE,0810,THEFT,OVER $500,STREET,false,false,0911,,12,,06,1161182,1872703,,41.806379228,-87.684365088
,HS362797,06/16/2010 01:40:00 PM,013XX S MILLARD AVE,2014,NARCOTICS,MANU/DELIVER: HEROIN (WHITE),ALLEY,true,false,1011,,24,,18,1152252,1893604,,41.863914615,-87.716567106
,HS362212,06/16/2010 07:32:00 AM,005XX S STATE ST,0479,BATTERY,AGG: HANDS/FIST/FEET SERIOUS INJURY,SIDEWALK,true,false,0132,,2,,04B,1176447,1897851,,41.875057322,-87.627620732
,HS362830,06/16/2010 12:00:00 PM,036XX S MICHIGAN AVE,0810,THEFT,OVER $500,STREET,false,false,0211,,3,,06,1177787,1881111,,41.829091287,-87.623209136
,HS362762,06/16/2010 07:30:00 AM,0000X N HERMITAGE AVE,0890,THEFT,FROM BUILDING,"SCHOOL, PUBLIC, BUILDING",false,false,1333,,27,,06,1164731,1900539,,41.882689697,-87.670560683
,HS362814,06/16/2010 02:20:00 PM,045XX N MALDEN ST,2027,NARCOTICS,POSS: CRACK,SIDEWALK,true,false,2311,,46,,18,1166731,1930224,,41.964104403,-87.662363735
,HS362249,06/16/2010 12:01:00 AM,063XX W HYACINTH ST,1305,CRIMINAL DAMAGE,CRIMINAL DEFACEMENT,RESIDENCE-GARAGE,false,false,1611,,45,,14,1133154,1940175,,41.992066011,-87.785583946
,HS362818,06/16/2010 02:20:00 PM,028XX W WALTON ST,1811,NARCOTICS,POSS: CANNABIS 30GMS OR LESS,SIDEWALK,true,false,1311,,26,,18,1157457,1906089,,41.898070452,-87.697119952
,HS362827,06/16/2010 01:15:00 PM,090XX S MARSHFIELD AVE,1661,GAMBLING,GAME/DICE,SIDEWALK,true,false,2221,,21,,19,1166924,1844821,,41.729746439,-87.664101068
,HS362832,06/16/2010 10:36:00 AM,017XX W BEVERLY GLEN PKWY,0820,THEFT,$500 AND UNDER,STREET,false,false,2213,,19,,06,1166394,1838664,,41.712861965,-87.666217394
,HS362746,06/16/2010 01:10:00 PM,046XX W NORTH AVE,0860,THEFT,RETAIL THEFT,DEPARTMENT STORE,true,false,2533,,37,,06,1145011,1910225,,41.909664252,-87.742728815
,HS362802,06/16/2010 10:00:00 AM,060XX N HERMITAGE AVE,0890,THEFT,FROM BUILDING,RESIDENCE-GARAGE,false,false,2433,,40,,06,1163670,1940271,,41.991738961,-87.673333469
,HS362813,06/16/2010 02:14:00 PM,027XX N DAMEN AVE,1330,CRIMINAL TRESPASS,TO LAND,PARKING LOT/GARAGE(NON.RESID.),true,false,1913,,1,,26,1162501,1918126,,41.930996683,-87.678256109
,HS362659,06/16/2010 01:00:00 PM,057XX W SUPERIOR ST,0486,BATTERY,DOMESTIC BATTERY SIMPLE,RESIDENCE,false,true,1511,,29,,08B,1137892,1904419,,41.893863413,-87.76902168
,HS362854,06/16/2010 01:00:00 PM,038XX W CERMAK RD,1320,CRIMINAL DAMAGE,TO VEHICLE,STREET,false,false,1014,,24,,14,1150944,1889104,,41.851591762,-87.721486467
,HS362551,06/16/2010 11:00:00 AM,115XX S HALSTED ST,2820,OTHER OFFENSE,TELEPHONE THREAT,SMALL RETAIL STORE,false,true,0524,,34,,26,1173063,1828052,,41.683596628,-87.642105279
,HS362840,06/16/2010 01:45:00 PM,027XX N CLYBOURN AVE,0860,THEFT,RETAIL THEFT,DEPARTMENT STORE,true,false,1931,,32,,06,1162901,1918174,,41.931120002,-87.676784841
,HS362810,06/16/2010 01:45:00 PM,001XX W CHICAGO AVE,0460,BATTERY,SIMPLE,PARKING LOT/GARAGE(NON.RESID.),false,false,1832,,42,,08B,1174855,1905691,,41.896606506,-87.633231004
,HS362766,06/16/2010 01:30:00 PM,064XX S BISHOP ST,0486,BATTERY,DOMESTIC BATTERY SIMPLE,SIDEWALK,false,false,0725,,17,,08B,1167772,1862030,,41.77695216,-87.660501587
,HS362876,06/16/2010 02:45:00 PM,062XX S CAMPBELL AVE,1661,GAMBLING,GAME/DICE,ABANDONED BUILDING,true,false,0825,,15,,19,1160777,1863161,,41.780203103,-87.686113971
,HS362820,06/16/2010 01:45:00 PM,008XX E 61ST ST,0560,ASSAULT,SIMPLE,NURSING HOME/RETIREMENT HOME,false,false,2133,,20,,08A,1182742,1864744,,41.784065112,-87.605538195
,HS362770,06/16/2010 01:38:00 PM,071XX S CALUMET AVE,0890,THEFT,FROM BUILDING,ABANDONED BUILDING,true,false,0323,,6,,06,1179713,1857838,,41.765184167,-87.616854494
,HS362804,06/16/2010 01:45:00 PM,020XX W 62ND ST,0484,BATTERY,PRO EMP HANDS NO/MIN INJURY,"SCHOOL, PUBLIC, GROUNDS",true,false,0714,,15,,08B,1163651,1863525,,41.781142124,-87.675567181
,HS362899,06/16/2010 02:50:00 PM,016XX W 59TH ST,1330,CRIMINAL TRESPASS,TO LAND,PARKING LOT/GARAGE(NON.RESID.),true,false,0714,,15,,26,1166640,1865589,,41.786742732,-87.664549996
,HS362944,06/16/2010 03:24:00 PM,052XX S WINCHESTER AVE,1811,NARCOTICS,POSS: CANNABIS 30GMS OR LESS,STREET,true,false,0915,,16,,18,1164239,1870027,,41.798972072,-87.673228416
,HS362926,06/16/2010 03:20:00 PM,059XX W NORTH AVE,2024,NARCOTICS,POSS: HEROIN(WHITE),CAR WASH,true,false,2531,,29,,18,1136311,1910021,,41.909264388,-87.774694288
,HS362920,06/16/2010 03:00:00 PM,047XX N SHERIDAN RD,2170,NARCOTICS,POSSESSION OF DRUG EQUIPMENT,ALLEY,true,false,2312,,46,,18,1168772,1931848,,41.968516608,-87.654812343
,HS362867,06/16/2010 02:55:00 PM,013XX W GRANVILLE AVE,1330,CRIMINAL TRESPASS,TO LAND,RESIDENTIAL YARD (FRONT/BACK),true,false,2433,,48,,26,1166369,1941305,,41.994518774,-87.663376043
,HS362959,06/16/2010 12:00:00 PM,003XX E ILLINOIS ST,0820,THEFT,$500 AND UNDER,STREET,false,false,1834,,42,,06,1178783,1903691,,41.891029553,-87.61886549
,HS362896,06/16/2010 12:00:00 PM,052XX S DREXEL AVE,2820,OTHER OFFENSE,TELEPHONE THREAT,RESIDENCE,false,false,2131,,5,,26,1183132,1870521,,41.799908625,-87.60392862
,HS362964,06/16/2010 03:09:00 PM,013XX N MAPLEWOOD AVE,0340,ROBBERY,ATTEMPT: STRONGARM-NO WEAPON,STREET,true,false,1423,,26,,03,1159160,1908920,,41.905804124,-87.690787092
,HS362927,06/16/2010 12:00:00 PM,067XX N SHERIDAN RD,1320,CRIMINAL DAMAGE,TO VEHICLE,STREET,false,false,2432,,49,,14,1167021,1945113,,42.004953976,-87.660867693
,HS362971,06/16/2010 03:30:00 PM,013XX W HASTINGS ST,1811,NARCOTICS,POSS: CANNABIS 30GMS OR LESS,CHA PARKING LOT/GROUNDS,true,false,1231,,2,,18,1167684,1893852,,41.864276948,-87.659909872
,HS362918,06/16/2010 02:25:00 PM,014XX W DIVISION ST,0820,THEFT,$500 AND UNDER,STREET,false,false,1323,,27,,06,1166750,1908103,,41.903402827,-87.662929863
,HS362938,06/16/2010 03:30:00 PM,007XX E 71ST ST,1360,CRIMINAL TRESPASS,TO VEHICLE,STREET,true,false,0322,,6,,26,1182503,1858108,,41.765860846,-87.606620044
,HS362979,06/16/2010 01:33:00 PM,078XX S WOOD ST,2820,OTHER OFFENSE,TELEPHONE THREAT,RESIDENCE,false,false,0611,,17,,26,1165711,1852722,,41.751453743,-87.66832098
,HS362954,06/16/2010 02:30:00 PM,065XX S HOMAN AVE,0460,BATTERY,SIMPLE,SIDEWALK,false,false,0831,,15,,08B,1154850,1861228,,41.775019021,-87.707895021
,HS362892,06/16/2010 02:30:00 PM,001XX E 119TH ST,0460,BATTERY,SIMPLE,RESIDENTIAL YARD (FRONT/BACK),false,false,0532,,9,,08B,1179215,1826089,,41.67807221,-87.61964452
,HS362853,06/16/2010 02:30:00 PM,017XX N MOZART ST,1320,CRIMINAL DAMAGE,TO VEHICLE,STREET,false,false,1421,,1,,14,1157148,1911626,,41.913270731,-87.698104284
,HS362668,06/16/2010 10:34:00 AM,082XX S DREXEL AVE,0610,BURGLARY,FORCIBLE ENTRY,OTHER,false,false,0631,,8,,05,1183666,1850630,,41.74531341,-87.602590113
,HS362917,06/16/2010 01:30:00 PM,051XX W ALTGELD ST,0560,ASSAULT,SIMPLE,SIDEWALK,false,false,2521,,31,,08A,1141775,1916151,,41.92598636,-87.754469715
,HS362610,06/16/2010 12:00:00 AM,021XX W WASHINGTON BLVD,0820,THEFT,$500 AND UNDER,STREET,false,false,1332,,2,,06,1162128,1900665,,41.883090218,-87.680115442
,HS363017,06/16/2010 12:00:00 PM,005XX N STATE ST,0890,THEFT,FROM BUILDING,COMMERCIAL / BUSINESS OFFICE,false,false,1834,,42,,06,1176280,1903770,,41.891303157,-87.628055281
,HS362839,06/16/2010 02:00:00 PM,002XX N LARAMIE AVE,0810,THEFT,OVER $500,CTA TRAIN,false,false,1523,,28,,06,1141672,1901087,,41.88465094,-87.75522124
,HS362870,06/16/2010 12:00:00 PM,027XX W WASHINGTON BLVD,0610,BURGLARY,FORCIBLE ENTRY,RESIDENCE,false,false,1331,,2,,05,1158190,1900572,,41.88291636,-87.694578547
,HS362679,06/16/2010 01:00:00 PM,014XX N FAIRFIELD AVE,0520,ASSAULT,AGGRAVATED:KNIFE/CUTTING INSTR,APARTMENT,false,true,1423,,26,,04A,1157820,1909457,,41.907305135,-87.695694734
,HS362782,06/16/2010 01:58:00 PM,018XX N TALMAN AVE,0460,BATTERY,SIMPLE,STREET,false,false,1421,,1,,08B,1158411,1912178,,41.914759699,-87.693449157
,HS362912,06/16/2010 06:00:00 AM,019XX S HAMLIN AVE,1320,CRIMINAL DAMAGE,TO VEHICLE,STREET,false,false,1014,,24,,14,1151361,1890176,,41.854525297,-87.719927855
,HS362881,06/16/2010 11:00:00 AM,021XX W DIVISION ST,0560,ASSAULT,SIMPLE,PARKING LOT/GARAGE(NON.RESID.),false,false,1424,,32,,08A,1161972,1907968,,41.9031335,-87.680484236
,HS362642,06/16/2010 02:00:00 AM,019XX N WHIPPLE ST,0486,BATTERY,DOMESTIC BATTERY SIMPLE,APARTMENT,false,true,1421,,35,,08B,1155558,1912738,,41.916354317,-87.703915637
,HS363006,06/16/2010 03:30:00 PM,039XX W OGDEN AVE,1121,DECEPTIVE PRACTICE,COUNTERFEITING DOCUMENT,GAS STATION,false,false,1013,,22,,10,1150259,1889011,,41.851349924,-87.724003029
,HS363008,06/16/2010 02:30:00 PM,004XX N SANGAMON ST,0820,THEFT,$500 AND UNDER,STREET,false,false,1323,,27,,06,1170007,1903335,,41.890248666,-87.651105536
,HS362996,06/16/2010 03:50:00 PM,077XX S WOLCOTT AVE,1811,NARCOTICS,POSS: CANNABIS 30GMS OR LESS,STREET,true,false,0611,,18,,18,1165030,1853437,,41.753430222,-87.670796349
,HS362936,06/16/2010 03:30:00 PM,0000X N AUSTIN BLVD,0560,ASSAULT,SIMPLE,SIDEWALK,true,false,1513,,29,,08A,1136384,1899595,,41.880652805,-87.774675501
,HS362845,06/16/2010 12:01:00 PM,081XX S VINCENNES AVE,0890,THEFT,FROM BUILDING,"SCHOOL, PUBLIC, BUILDING",false,false,0622,,21,,06,1174708,1850883,,41.74621174,-87.635406033
,HS363027,06/16/2010 04:00:00 PM,079XX S BENNETT AVE,1811,NARCOTICS,POSS: CANNABIS 30GMS OR LESS,SIDEWALK,true,false,0414,,8,,18,1190245,1852803,,41.751120475,-87.578414046
,HS362947,06/16/2010 10:30:00 AM,028XX S CHRISTIANA AVE,0620,BURGLARY,UNLAWFUL ENTRY,APARTMENT,false,false,1032,,22,,05,1154493,1884969,,41.840174701,-87.708571081
,HS362941,06/16/2010 01:30:00 PM,007XX N MICHIGAN AVE,1330,CRIMINAL TRESPASS,TO LAND,DEPARTMENT STORE,true,false,1833,,42,,26,1177293,1905627,,41.896375946,-87.6242787
,HS362950,06/16/2010 03:10:00 PM,039XX S LAKE PARK AVE,1320,CRIMINAL DAMAGE,TO VEHICLE,STREET,true,false,2122,,4,,14,1183388,1878984,,41.823125769,-87.602725951
,HS362993,06/16/2010 03:15:00 PM,027XX W ADAMS ST,0486,BATTERY,DOMESTIC BATTERY SIMPLE,APARTMENT,true,false,1125,,2,,08B,1158199,1898912,,41.878360979,-87.694590866
,HS363055,06/16/2010 04:24:00 PM,070XX S SANGAMON ST,1310,CRIMINAL DAMAGE,TO PROPERTY,RESIDENCE,false,true,0733,,17,,14,1171191,1858124,,41.766159533,-87.648081733
,HS363105,06/16/2010 04:00:00 PM,069XX S CALUMET AVE,2825,OTHER OFFENSE,HARASSMENT BY TELEPHONE,RESIDENCE,false,false,0322,,6,,26,1179682,1858924,,41.768164973,-87.616934964
,HS363076,06/16/2010 04:00:00 PM,031XX W 15TH ST,2820,OTHER OFFENSE,TELEPHONE THREAT,RESIDENCE,false,true,1022,,24,,26,1155617,1892683,,41.861320289,-87.704239058
,HS363502,06/16/2010 02:15:00 PM,007XX W BELDEN AVE,2093,NARCOTICS,FOUND SUSPECT NARCOTICS,OTHER,true,false,1812,,43,,26,1170809,1915511,,41.923642759,-87.647802878
,HS363051,06/16/2010 10:00:00 AM,016XX N WELLS ST,0810,THEFT,OVER $500,SIDEWALK,false,false,1814,,43,,06,1174407,1911058,,41.911343842,-87.63471588
,HS363032,06/16/2010 10:00:00 AM,065XX N WAUKESHA AVE,0820,THEFT,$500 AND UNDER,PARKING LOT/GARAGE(NON.RESID.),false,false,1621,,41,,06,1137940,1943389,,42.00080012,-87.767901202
,HS362838,06/16/2010 01:34:00 PM,047XX S SEELEY AVE,2027,NARCOTICS,POSS: CRACK,RESIDENCE PORCH/HALLWAY,true,false,0915,,12,,18,1163490,1873267,,41.807878777,-87.675884293
,HS363106,06/16/2010 08:00:00 AM,083XX S MANISTEE AVE,1152,DECEPTIVE PRACTICE,ILLEGAL USE CASH CARD,RESIDENCE,false,false,0423,,7,,11,1195946,1850228,,41.743915312,-87.55760822
,HS363004,06/16/2010 04:00:00 PM,010XX W 35TH ST,1811,NARCOTICS,POSS: CANNABIS 30GMS OR LESS,STREET,true,false,0924,,11,,18,1170052,1881627,,41.830679187,-87.651573325
,HS363082,06/16/2010 12:00:00 PM,047XX S ADA ST,1310,CRIMINAL DAMAGE,TO PROPERTY,RESIDENCE,false,false,0933,,3,,14,1168128,1873302,,41.807876201,-87.658872309
,HS363037,06/16/2010 03:50:00 PM,058XX S WABASH AVE,1811,NARCOTICS,POSS: CANNABIS 30GMS OR LESS,APARTMENT,true,true,0233,,20,,18,1177712,1866358,,41.788609442,-87.623931099
,HS363125,06/16/2010 03:20:00 PM,014XX N LUIS MUNOZ MARIN DR E,0470,PUBLIC PEACE VIOLATION,RECKLESS CONDUCT,PARK PROPERTY,true,false,1423,,26,,24,1157309,1909352,,41.907027414,-87.697574725
,HS363029,06/16/2010 03:43:00 PM,048XX S BISHOP ST,3730,INTERFERENCE WITH PUBLIC OFFICER,OBSTRUCTING JUSTICE,SIDEWALK,false,false,0933,,20,,24,1167481,1872750,,41.80637536,-87.661261167
,HS363005,06/16/2010 03:48:00 PM,031XX W OGDEN AVE,0610,BURGLARY,FORCIBLE ENTRY,ABANDONED BUILDING,true,false,1022,,24,,05,1155532,1891573,,41.858276035,-87.704580917
,HS362976,06/16/2010 02:50:00 PM,029XX W ADDISON ST,0860,THEFT,RETAIL THEFT,DEPARTMENT STORE,true,false,1733,,33,,06,1155975,1923781,,41.946648722,-87.702084879
,HS363109,06/16/2010 04:00:00 PM,026XX W DEVON AVE,0820,THEFT,$500 AND UNDER,SIDEWALK,false,false,2412,,50,,06,1157591,1942372,,41.997630572,-87.695636273
,HS363038,06/16/2010 03:53:00 PM,016XX N KEYSTONE AVE,1811,NARCOTICS,POSS: CANNABIS 30GMS OR LESS,SIDEWALK,true,false,2534,,30,,18,1149136,1910508,,41.910361891,-87.727567836
,HS363104,06/16/2010 04:30:00 PM,064XX N CLARK ST,0560,ASSAULT,SIMPLE,STREET,false,false,2432,,40,,08A,1164254,1943116,,41.999533347,-87.671104423
,HS363046,06/16/2010 02:30:00 PM,001XX N STATE ST,0860,THEFT,RETAIL THEFT,DEPARTMENT STORE,false,false,0122,,42,,06,1176352,1900927,,41.883500187,-87.627876698
,HS363086,06/16/2010 04:30:00 PM,014XX N LAKE SHORE DR NB,1811,NARCOTICS,POSS: CANNABIS 30GMS OR LESS,PARK PROPERTY,true,false,1824,,43,,18,1176941,1909957,,41.908265638,-87.625440284
,HS363132,06/16/2010 04:25:00 PM,024XX W DAKIN ST,1330,CRIMINAL TRESPASS,TO LAND,RESIDENCE PORCH/HALLWAY,true,false,1912,,47,,26,1159455,1926151,,41.9530811,-87.68922796
,HS363071,06/16/2010 04:20:00 PM,069XX S PARNELL AVE,0610,BURGLARY,FORCIBLE ENTRY,APARTMENT,true,false,0732,,6,,05,1173816,1858916,,41.768275084,-87.638436748
,HS363122,06/16/2010 03:00:00 PM,072XX S EMERALD AVE,1310,CRIMINAL DAMAGE,TO PROPERTY,RESIDENCE,false,true,0732,,17,,14,1172595,1856925,,41.762838522,-87.642970857
,HS362891,06/16/2010 03:15:00 PM,030XX W 111TH ST,1812,NARCOTICS,POSS: CANNABIS MORE THAN 30GMS,STREET,true,false,2211,,19,,18,1158196,1830861,,41.691619498,-87.696452682
,HS363020,06/16/2010 12:45:00 PM,074XX S COTTAGE GROVE AVE,1320,CRIMINAL DAMAGE,TO VEHICLE,STREET,false,false,0323,,6,,14,1182847,1855896,,41.759782914,-87.605427789
,HS363175,06/16/2010 02:30:00 PM,004XX S STATE ST,0880,THEFT,PURSE-SNATCHING,CTA PLATFORM,false,false,0132,,2,,06,1176440,1898296,,41.876278587,-87.627633
,HS362828,06/16/2010 02:17:00 PM,057XX S MICHIGAN AVE,143A,WEAPONS VIOLATION,UNLAWFUL POSS OF HANDGUN,RESIDENCE PORCH/HALLWAY,false,false,0233,,20,,15,1178136,1867024,,41.7904274,-87.622356262
,HS362800,06/16/2010 10:50:00 AM,074XX S HALSTED ST,1320,CRIMINAL DAMAGE,TO VEHICLE,STREET,false,false,0733,,17,,14,1172253,1855580,,41.7591552,-87.644263829
,HS362836,06/16/2010 10:09:00 AM,075XX S CARPENTER ST,2825,OTHER OFFENSE,HARASSMENT BY TELEPHONE,RESIDENCE,false,false,0612,,17,,26,1170620,1854794,,41.757034053,-87.650271569
,HS362982,06/16/2010 02:34:00 PM,047XX N LARAMIE AVE,2820,OTHER OFFENSE,TELEPHONE THREAT,RESIDENCE,false,false,1623,,45,,26,1140801,1931171,,41.967220658,-87.757678065
,HS362473,06/16/2010 09:30:00 AM,081XX S BISHOP ST,5007,OTHER OFFENSE,OTHER WEAPONS VIOLATION,"SCHOOL, PUBLIC, BUILDING",false,false,0614,,21,,26,1168085,1850698,,41.745848924,-87.659679467
,HS363089,06/16/2010 04:10:00 PM,066XX S CAMPBELL AVE,051A,ASSAULT,AGGRAVATED: HANDGUN,RESIDENTIAL YARD (FRONT/BACK),false,true,0832,,15,,04A,1160849,1860641,,41.773286383,-87.685919559
,HS363112,06/16/2010 04:40:00 PM,069XX S GREEN ST,0880,THEFT,PURSE-SNATCHING,SIDEWALK,false,false,0733,,17,,06,1171829,1858933,,41.768365556,-87.645719535
,HS362994,06/16/2010 03:14:00 PM,0000X N STATE ST,0860,THEFT,RETAIL THEFT,DEPARTMENT STORE,false,false,0122,,42,,06,1176362,1900577,,41.882539542,-87.627850543
,HS363167,06/16/2010 05:15:00 PM,018XX W 69TH ST,0486,BATTERY,DOMESTIC BATTERY SIMPLE,SIDEWALK,false,true,0726,,17,,08B,1165398,1858928,,41.768490501,-87.669292427
,HS363072,06/16/2010 02:30:00 PM,063XX S LOCKWOOD AVE,0620,BURGLARY,UNLAWFUL ENTRY,RESIDENCE,false,false,0813,,13,,05,1142137,1861804,,41.776843928,-87.754485676
,HS363161,06/16/2010 02:00:00 PM,069XX S WINCHESTER AVE,0460,BATTERY,SIMPLE,RESIDENTIAL YARD (FRONT/BACK),false,false,0735,,17,,08B,1164556,1858561,,41.7675012,-87.672389116
,HS363171,06/16/2010 11:30:00 AM,066XX S ALBANY AVE,0820,THEFT,$500 AND UNDER,RESIDENTIAL YARD (FRONT/BACK),false,false,0831,,15,,06,1156861,1860468,,41.772893098,-87.700543405
,HS363168,06/16/2010 04:00:00 PM,008XX W 69TH ST,0460,BATTERY,SIMPLE,STREET,false,false,0733,,17,,08B,1171710,1859095,,41.768812713,-87.646150982
,HS363136,06/16/2010 11:25:00 AM,086XX S KARLOV AVE,0610,BURGLARY,FORCIBLE ENTRY,RESIDENCE,false,false,0834,,18,,05,1150584,1846992,,41.736037091,-87.723903466
,HS362444,06/16/2010 10:15:00 AM,081XX S VINCENNES AVE,0545,ASSAULT,PRO EMP HANDS NO/MIN INJURY,"SCHOOL, PUBLIC, BUILDING",false,false,0622,,21,,08A,1174708,1850883,,41.74621174,-87.635406033
,HS363184,06/16/2010 12:40:00 PM,080XX S DAMEN AVE,0610,BURGLARY,FORCIBLE ENTRY,RESIDENCE,false,false,0611,,18,,05,1164426,1851370,,41.747770816,-87.673067923
,HS363074,06/16/2010 04:05:00 PM,008XX N MICHIGAN AVE,0860,THEFT,RETAIL THEFT,DEPARTMENT STORE,true,false,1833,,42,,06,1177338,1906213,,41.897982937,-87.624095634
,HS363083,06/16/2010 02:30:00 PM,0000X E ERIE ST,0486,BATTERY,DOMESTIC BATTERY SIMPLE,OTHER,false,true,1834,,42,,08B,1176342,1904782,,41.894078738,-87.627797026
,HS363056,06/16/2010 08:30:00 AM,002XX E 48TH ST,0610,BURGLARY,FORCIBLE ENTRY,RESIDENCE,false,false,0224,,3,,05,1178534,1873249,,41.807500332,-87.620707681
,HS362902,06/16/2010 02:00:00 PM,038XX W NORTH AVE,1330,CRIMINAL TRESPASS,TO LAND,CONVENIENCE STORE,true,false,2535,,30,,26,1150456,1910359,,41.909927337,-87.722722523
,HS363149,06/16/2010 04:45:00 PM,003XX E PERSHING RD,0860,THEFT,RETAIL THEFT,OTHER,false,false,0213,,3,,06,1179312,1879204,,41.823823604,-87.617672322
,HS362844,06/16/2010 01:30:00 PM,020XX W ARMITAGE AVE,0820,THEFT,$500 AND UNDER,OTHER,false,false,1432,,32,,06,1162542,1913297,,41.917744734,-87.678241012
,HS362877,06/16/2010 02:00:00 AM,017XX N LAWNDALE AVE,0910,MOTOR VEHICLE THEFT,AUTOMOBILE,STREET,false,false,2535,,26,,07,1151444,1911270,,41.912407848,-87.719069023
,HS362939,06/16/2010 03:00:00 PM,021XX N DOMINICK ST,0810,THEFT,OVER $500,VEHICLE-COMMERCIAL,false,false,1811,,32,,06,1165867,1914526,,41.92104684,-87.665989732
,HS362923,06/16/2010 01:15:00 PM,051XX W FULLERTON AVE,1320,CRIMINAL DAMAGE,TO VEHICLE,VEHICLE NON-COMMERCIAL,false,false,2521,,31,,14,1141785,1915475,,41.924131161,-87.754449738
,HS363014,06/16/2010 02:40:00 PM,068XX W DIVERSEY AVE,1310,CRIMINAL DAMAGE,TO PROPERTY,APARTMENT,false,false,2511,,36,,14,1130129,1917852,,41.930861879,-87.797224789
,HS363185,06/16/2010 05:00:00 PM,023XX N LOCKWOOD AVE,1320,CRIMINAL DAMAGE,TO VEHICLE,STREET,false,false,2515,,37,,14,1140669,1914948,,41.922705617,-87.75856341
,HS363194,06/16/2010 04:50:00 PM,005XX N STATE ST,0870,THEFT,POCKET-PICKING,CTA PLATFORM,false,false,1831,,42,,06,1176283,1903684,,41.8910671,-87.628046859
,HS363113,06/16/2010 04:25:00 PM,002XX E 60TH ST,0460,BATTERY,SIMPLE,SIDEWALK,false,false,0311,,20,,08B,1178795,1865282,,41.785632203,-87.619992895
,HS362975,06/16/2010 05:00:00 PM,053XX S WABASH AVE,0910,MOTOR VEHICLE THEFT,AUTOMOBILE,STREET,false,false,0232,,3,,07,1177621,1869628,,41.797584699,-87.624165854
,HS363250,06/16/2010 05:00:00 AM,037XX W 65TH ST,1320,CRIMINAL DAMAGE,TO VEHICLE,STREET,false,false,0833,,13,,14,1152659,1861248,,41.775117349,-87.715926489
,HS363091,06/16/2010 04:30:00 PM,005XX E 91ST ST,1320,CRIMINAL DAMAGE,TO VEHICLE,STREET,false,false,0633,,6,,14,1181417,1844758,,41.729252077,-87.611011334
,HS362631,06/16/2010 05:00:00 PM,003XX W SWANN ST,0910,MOTOR VEHICLE THEFT,AUTOMOBILE,STREET,false,false,0935,,3,,07,1174916,1874071,,41.809837533,-87.633952858
,HS362880,06/16/2010 10:30:00 AM,016XX E 50TH PL,0560,ASSAULT,SIMPLE,RESIDENCE PORCH/HALLWAY,false,false,2132,,4,,08A,1188065,1871842,,41.803417249,-87.585796054
,HS363189,06/16/2010 05:10:00 PM,093XX S PRINCETON AVE,0910,MOTOR VEHICLE THEFT,AUTOMOBILE,STREET,false,false,0634,,21,,07,1176052,1843099,,41.724821426,-87.630714193
,HS362894,06/16/2010 02:25:00 PM,070XX S SOUTH SHORE DR,0470,PUBLIC PEACE VIOLATION,RECKLESS CONDUCT,LAKEFRONT/WATERFRONT/RIVERBANK,true,false,0334,,5,,24,1193451,1858536,,41.76677448,-87.566478603
,HS362970,06/16/2010 03:23:00 PM,092XX S MANISTEE AVE,1090,ARSON,ATTEMPT ARSON,APARTMENT,false,true,0423,,7,,09,1196246,1844113,,41.727127822,-87.556711198
,HS363188,06/16/2010 04:40:00 PM,057XX S LOOMIS BLVD,2027,NARCOTICS,POSS: CRACK,OTHER,true,false,0713,,16,,18,1167975,1866753,,41.789908288,-87.659621732
,HS363036,06/16/2010 03:23:00 PM,092XX S MANISTEE AVE,0486,BATTERY,DOMESTIC BATTERY SIMPLE,RESIDENCE,false,true,0423,,7,,08B,1196246,1844113,,41.727127822,-87.556711198
,HS363084,06/16/2010 02:30:00 PM,108XX S AVENUE H,0460,BATTERY,SIMPLE,"SCHOOL, PUBLIC, BUILDING",false,false,0432,,10,,08B,1202852,1833756,,41.698541312,-87.532865844
,HS363009,06/16/2010 03:15:00 PM,092XX S JEFFERY AVE,0460,BATTERY,SIMPLE,SIDEWALK,true,false,0413,,8,,08B,1191127,1844000,,41.726942945,-87.57546609
,HS363061,06/16/2010 02:20:00 PM,062XX S CLAREMONT AVE,0850,THEFT,ATTEMPT THEFT,PARKING LOT/GARAGE(NON.RESID.),true,false,0825,,15,,06,1161799,1863176,,41.780223095,-87.682366722
,HS363221,06/16/2010 05:20:00 PM,080XX S LUELLA AVE,031A,ROBBERY,ARMED: HANDGUN,RESIDENTIAL YARD (FRONT/BACK),false,false,0414,,8,,03,1192591,1852018,,41.748909562,-87.56984281
,HS363220,06/16/2010 05:14:00 PM,057XX S EMERALD AVE,3710,INTERFERENCE WITH PUBLIC OFFICER,RESIST/OBSTRUCT/DISARM OFFICER,STREET,false,false,0711,,20,,24,1172281,1866851,,41.790083532,-87.643830025
,HS362981,06/16/2010 02:45:00 PM,023XX W 64TH ST,0460,BATTERY,SIMPLE,"SCHOOL, PUBLIC, BUILDING",false,false,0825,,15,,08B,1161744,1862149,,41.777406009,-87.682596854
,HS363237,06/16/2010 05:30:00 PM,014XX N CALIFORNIA AVE,502R,OTHER OFFENSE,VEHICLE TITLE/REG OFFENSE,STREET,true,false,1423,,26,,26,1157470,1909375,,41.907087252,-87.696982676
,HS363002,06/16/2010 02:30:00 PM,096XX S UNION AVE,031B,ROBBERY,ARMED: OTHER FIREARM,SIDEWALK,true,false,2223,,21,,03,1173340,1840847,,41.718701934,-87.640714596
,HS363026,06/16/2010 12:00:00 PM,009XX N WILLARD CT,1152,DECEPTIVE PRACTICE,ILLEGAL USE CASH CARD,OTHER,false,false,1323,,27,,11,1167949,1906456,,41.898857555,-87.658573282
,HS363267,06/16/2010 08:00:00 AM,051XX W GRAND AVE,0820,THEFT,$500 AND UNDER,RESIDENCE PORCH/HALLWAY,false,false,2533,,37,,06,1141879,1912825,,41.916857538,-87.754170101
,HS363264,06/16/2010 09:00:00 AM,045XX S VINCENNES AVE,1305,CRIMINAL DAMAGE,CRIMINAL DEFACEMENT,RESIDENCE,false,false,0222,,3,,14,1180370,1875119,,41.812589794,-87.613916404
,HS363058,06/16/2010 04:17:00 PM,014XX N HUMBOLDT DR,1811,NARCOTICS,POSS: CANNABIS 30GMS OR LESS,PARK PROPERTY,true,false,1423,,26,,18,1156303,1909321,,41.906962748,-87.701271041
,HS363198,06/16/2010 05:00:00 PM,061XX S WESTERN AVE,0860,THEFT,RETAIL THEFT,DEPARTMENT STORE,false,false,0825,,15,,06,1161427,1863804,,41.781954133,-87.683713146
,HS363103,06/16/2010 04:40:00 PM,058XX S WESTERN AVE,1310,CRIMINAL DAMAGE,TO PROPERTY,CURRENCY EXCHANGE,false,false,0824,,16,,14,1161371,1865869,,41.787621932,-87.683861271
,HS363320,06/16/2010 01:00:00 AM,051XX S DORCHESTER AVE,0810,THEFT,OVER $500,STREET,false,false,2124,,4,,06,1186420,1871333,,41.802059617,-87.591845075
,HS363310,06/16/2010 06:00:00 PM,016XX E 67TH ST,0560,ASSAULT,SIMPLE,RESIDENCE PORCH/HALLWAY,false,false,0332,,5,,08A,1188473,1860889,,41.773351649,-87.584649543
,HS363121,06/16/2010 01:00:00 PM,030XX N SAWYER AVE,0610,BURGLARY,FORCIBLE ENTRY,APARTMENT,false,false,1412,,35,,05,1154189,1919962,,41.936205014,-87.708751985
,HS363251,06/16/2010 05:45:00 PM,027XX W HIRSCH ST,0880,THEFT,PURSE-SNATCHING,STREET,false,false,1423,,26,,06,1158071,1909201,,41.906597526,-87.694779699
,HS363336,06/16/2010 05:00:00 PM,021XX N LOCKWOOD AVE,0820,THEFT,$500 AND UNDER,STREET,false,false,2515,,37,,06,1140707,1913641,,41.919118369,-87.758455978
,HS363260,06/16/2010 05:35:00 PM,052XX N LINCOLN AVE,1220,DECEPTIVE PRACTICE,THEFT OF LOST/MISLAID PROP,CURRENCY EXCHANGE,true,false,2011,,40,,11,1158542,1934557,,41.976166392,-87.692353047
,HS363281,06/16/2010 06:25:00 PM,063XX S LAFLIN ST,0560,ASSAULT,SIMPLE,SIDEWALK,false,false,0725,,16,,08A,1167421,1862793,,41.779053457,-87.661766501
,HS363292,06/16/2010 06:00:00 PM,019XX W 65TH ST,031A,ROBBERY,ARMED: HANDGUN,SIDEWALK,false,false,0726,,15,,03,1164603,1861560,,41.775729869,-87.672132329
,HS363230,06/16/2010 05:04:00 PM,013XX W MORSE AVE,0320,ROBBERY,STRONGARM - NO WEAPON,RESTAURANT,true,false,2431,,49,,03,1165992,1946190,,42.007931399,-87.664622472
,HS363069,06/16/2010 04:15:00 PM,084XX S DANTE AVE,0460,BATTERY,SIMPLE,SIDEWALK,false,false,0412,,8,,08B,1187341,1849213,,41.741338591,-87.589169369
,HS363300,06/16/2010 06:15:00 PM,013XX W 14TH ST,1811,NARCOTICS,POSS: CANNABIS 30GMS OR LESS,CHA PARKING LOT/GROUNDS,true,false,1231,,2,,18,1167714,1893522,,41.863370754,-87.659809248
,HS363246,06/16/2010 08:30:00 AM,065XX N WINCHESTER AVE,0610,BURGLARY,FORCIBLE ENTRY,RESIDENCE,false,false,2412,,50,,05,1162109,1943253,,41.99995453,-87.678991457
,HS363294,06/16/2010 06:10:00 PM,084XX S ESCANABA AVE,051A,ASSAULT,AGGRAVATED: HANDGUN,APARTMENT,false,false,0423,,10,,04A,1196954,1849485,,41.741851468,-87.553939556
,HS363286,06/16/2010 06:30:00 PM,0000X W 79TH ST,1210,DECEPTIVE PRACTICE,THEFT OF LABOR/SERVICES,CTA BUS,true,false,0623,,6,,11,1177483,1852629,,41.750940757,-87.625185222
,HS363075,06/16/2010 03:00:00 PM,064XX N WINTHROP AVE,0820,THEFT,$500 AND UNDER,"SCHOOL, PRIVATE, GROUNDS",true,false,2432,,49,,06,1167803,1943166,,41.999594486,-87.658047184
,HS363154,06/16/2010 05:00:00 PM,012XX W 13TH ST,0820,THEFT,$500 AND UNDER,STREET,false,false,1231,,2,,06,1168406,1894204,,41.865227293,-87.657249265
,HS363137,06/16/2010 04:40:00 PM,073XX N ROGERS AVE,1320,CRIMINAL DAMAGE,TO VEHICLE,PARK PROPERTY,false,false,2424,,49,,14,1162211,1948559,,42.014512189,-87.678466914
,HS363313,06/16/2010 03:00:00 PM,077XX S JEFFERY BLVD,2826,OTHER OFFENSE,HARASSMENT BY ELECTRONIC MEANS,RESIDENCE,false,true,0414,,8,,26,1190879,1854057,,41.754546271,-87.576050345
,HS363209,06/16/2010 12:30:00 PM,001XX N CLARK ST,0560,ASSAULT,SIMPLE,GOVERNMENT BUILDING/PROPERTY,false,false,0113,,42,,08A,1175523,1901017,,41.883765812,-87.63091811
,HS363156,06/16/2010 05:05:00 PM,017XX W HOWARD ST,0486,BATTERY,DOMESTIC BATTERY SIMPLE,STREET,false,true,2422,,49,,08B,1163263,1950347,,42.019396344,-87.674545341
,HS363178,06/16/2010 05:30:00 PM,053XX W RACE AVE,0486,BATTERY,DOMESTIC BATTERY SIMPLE,STREET,false,true,1523,,37,,08B,1140761,1903039,,41.890024262,-87.758518592
,HS363359,06/16/2010 07:00:00 PM,054XX W MADISON ST,1811,NARCOTICS,POSS: CANNABIS 30GMS OR LESS,ALLEY,true,false,1522,,29,,18,1140081,1899489,,41.880295087,-87.761102829
,HS363013,06/16/2010 04:05:00 PM,057XX W MADISON ST,1780,OFFENSE INVOLVING CHILDREN,OTHER OFFENSE,POLICE FACILITY/VEH PARKING LOT,false,true,1513,,29,,26,1138058,1899436,,41.880186421,-87.768532463
,HS363179,06/16/2010 04:53:00 PM,081XX S BISHOP ST,0460,BATTERY,SIMPLE,STREET,true,false,0614,,21,,08B,1168085,1850698,,41.745848924,-87.659679467
,HS363108,06/16/2010 07:45:00 AM,059XX W CORCORAN PL,0810,THEFT,OVER $500,STREET,false,false,1512,,29,,06,1136799,1901957,,41.887127023,-87.773095011
,HS363040,06/16/2010 07:00:00 AM,072XX S SACRAMENTO AVE,1310,CRIMINAL DAMAGE,TO PROPERTY,RESIDENCE-GARAGE,false,false,0831,,18,,14,1157625,1856468,,41.761901035,-87.697851091
,HS363275,06/16/2010 06:15:00 PM,005XX E 63RD ST,1811,NARCOTICS,POSS: CANNABIS 30GMS OR LESS,SIDEWALK,true,false,0312,,20,,18,1180893,1863355,,41.780296311,-87.612359959
,HS363279,06/16/2010 04:20:00 PM,064XX S EBERHART AVE,1811,NARCOTICS,POSS: CANNABIS 30GMS OR LESS,SIDEWALK,true,false,0312,,20,,18,1180684,1862473,,41.777880823,-87.61315326
,HS363308,06/16/2010 05:40:00 PM,072XX S HALSTED ST,0460,BATTERY,SIMPLE,SIDEWALK,false,false,0733,,17,,08B,1172217,1856955,,41.762929162,-87.644355406
,HS363280,06/16/2010 06:07:00 PM,014XX W 69TH ST,2024,NARCOTICS,POSS: HEROIN(WHITE),SIDEWALK,true,false,0734,,17,,18,1167951,1858991,,41.768608912,-87.659932611
,HS363305,06/16/2010 06:35:00 PM,048XX S LAFLIN ST,041A,BATTERY,AGGRAVATED: HANDGUN,SIDEWALK,false,false,0933,,20,,04B,1167150,1872741,,41.806357759,-87.662475418
,HS363355,06/16/2010 07:00:00 PM,014XX W 74TH ST,1320,CRIMINAL DAMAGE,TO VEHICLE,STREET,false,false,0734,,17,,14,1167606,1855663,,41.759483845,-87.661292516
,HS363352,06/16/2010 06:50:00 PM,062XX S THROOP ST,0610,BURGLARY,FORCIBLE ENTRY,RESIDENCE,false,false,0713,,16,,05,1168699,1863372,,41.78061482,-87.65706454
,HS363356,06/16/2010 06:45:00 PM,052XX S TRUMBULL AVE,4510,OTHER OFFENSE,PROBATION VIOLATION,SIDEWALK,false,false,0822,,14,,26,1154265,1869661,,41.798172075,-87.709815384
,HS363370,06/16/2010 07:15:00 PM,029XX W MADISON ST,1811,NARCOTICS,POSS: CANNABIS 30GMS OR LESS,SIDEWALK,true,false,1331,,2,,18,1156896,1899881,,41.88104652,-87.699348928
,HS363374,06/16/2010 07:10:00 PM,032XX W 64TH ST,1811,NARCOTICS,POSS: CANNABIS 30GMS OR LESS,SIDEWALK,true,false,0823,,15,,18,1155881,1862003,,41.777125099,-87.704094693
,HS363375,06/16/2010 07:04:00 PM,018XX S HOMAN AVE,1811,NARCOTICS,POSS: CANNABIS 30GMS OR LESS,ALLEY,true,false,1024,,24,,18,1153999,1890565,,41.855540636,-87.710234875
,HS363011,06/16/2010 03:15:00 PM,025XX W IRVING PARK RD,0890,THEFT,FROM BUILDING,PARK PROPERTY,false,false,1912,,47,,06,1158877,1926482,,41.954001284,-87.691343615
,HS363153,06/16/2010 08:05:00 AM,0000X W WASHINGTON ST,0820,THEFT,$500 AND UNDER,STREET,false,false,0113,,42,,06,1175732,1900816,,41.88320956,-87.630156699
,HS363348,06/16/2010 06:30:00 PM,009XX W 52ND ST,0810,THEFT,OVER $500,STREET,false,false,0934,,20,,06,1170747,1870351,,41.799721541,-87.649352654
,HS363128,06/16/2010 03:00:00 PM,036XX S KEDZIE AVE,0560,ASSAULT,SIMPLE,WAREHOUSE,false,false,0913,,12,,08A,1155631,1880137,,41.82689231,-87.704524858
,HS362110,06/16/2010 03:10:00 AM,001XX N BELL AVE,0460,BATTERY,SIMPLE,SIDEWALK,false,false,1332,,2,,08B,1161405,1901089,,41.884268781,-87.682758532
,HS363019,06/16/2010 03:30:00 PM,024XX S BLUE ISLAND AVE,1305,CRIMINAL DAMAGE,CRIMINAL DEFACEMENT,CTA BUS STOP,true,false,1034,,25,,14,1163441,1888097,,41.848574951,-87.675647608
,HS363369,06/16/2010 07:00:00 PM,074XX S COTTAGE GROVE AVE,1330,CRIMINAL TRESPASS,TO LAND,GROCERY FOOD STORE,true,false,0323,,6,,26,1182851,1855760,,41.759409623,-87.605417347
,HS362779,06/16/2010 02:00:00 PM,001XX W 66TH ST,0560,ASSAULT,SIMPLE,STREET,false,false,0722,,20,,08A,1176361,1861223,,41.774548944,-87.629038908
,HS363411,06/16/2010 10:00:00 AM,037XX N HALSTED ST,0890,THEFT,FROM BUILDING,SMALL RETAIL STORE,false,false,2324,,46,,06,1170260,1924854,,41.949292379,-87.649546279
,HS363244,06/16/2010 08:30:00 AM,033XX W HUTCHINSON ST,0486,BATTERY,DOMESTIC BATTERY SIMPLE,RESIDENCE,false,true,1724,,33,,08B,1153370,1928058,,41.958437352,-87.71154606
,HS363192,06/16/2010 05:10:00 PM,042XX W 31ST ST,0460,BATTERY,SIMPLE,PARK PROPERTY,false,false,1031,,22,,08B,1148421,1883699,,41.836808691,-87.730885744
,HS363059,06/16/2010 03:35:00 PM,019XX S TRUMBULL AVE,0820,THEFT,$500 AND UNDER,APARTMENT,false,false,1024,,24,,06,1153730,1890226,,41.854615733,-87.711231254
,HS363397,06/16/2010 07:40:00 PM,048XX W GLADYS AVE,2027,NARCOTICS,POSS: CRACK,ALLEY,true,false,1533,,24,,18,1144143,1897903,,41.875867619,-87.746227251
,HS363365,06/16/2010 06:45:00 PM,050XX N CALIFORNIA AVE,0470,PUBLIC PEACE VIOLATION,RECKLESS CONDUCT,ALLEY,false,false,2031,,40,,24,1156793,1933232,,41.972566255,-87.698820917
,HS363131,06/16/2010 04:39:00 PM,060XX S SANGAMON ST,0430,BATTERY,AGGRAVATED: OTHER DANG WEAPON,PARK PROPERTY,false,false,0712,,16,,04B,1171013,1864682,,41.78415936,-87.648542761
,HS363416,06/16/2010 06:30:00 PM,005XX E 88TH PL,0820,THEFT,$500 AND UNDER,STREET,false,false,0632,,6,,06,1181291,1846418,,41.733810215,-87.611421897
,HS363138,06/16/2010 12:00:00 PM,018XX N OAKLEY AVE,0810,THEFT,OVER $500,STREET,false,false,1434,,32,,06,1160738,1912496,,41.915584355,-87.684891228
,HS363420,06/16/2010 07:20:00 PM,045XX S LAPORTE AVE,0470,PUBLIC PEACE VIOLATION,RECKLESS CONDUCT,ALLEY,false,false,0814,,23,,24,1144118,1874180,,41.810768872,-87.746913779
,HS363357,06/16/2010 06:25:00 PM,008XX N MICHIGAN AVE,0860,THEFT,RETAIL THEFT,DEPARTMENT STORE,false,false,1833,,42,,06,1177338,1906213,,41.897982937,-87.624095634
,HS363303,06/16/2010 04:00:00 PM,007XX W GORDON TER,0486,BATTERY,DOMESTIC BATTERY SIMPLE,SIDEWALK,false,true,2323,,46,,08B,1170657,1927986,,41.957877993,-87.647994912
,HS363404,06/16/2010 07:25:00 PM,010XX W 59TH ST,2022,NARCOTICS,POSS: COCAINE,ALLEY,true,false,0712,,16,,18,1170187,1865685,,41.786929721,-87.651542029
,HS363396,06/16/2010 07:33:00 PM,031XX N TRIPP AVE,1811,NARCOTICS,POSS: CANNABIS 30GMS OR LESS,SIDEWALK,true,false,2523,,31,,18,1147593,1920709,,41.938384155,-87.732973904
,HS363364,06/16/2010 06:40:00 PM,021XX W 118TH ST,0610,BURGLARY,FORCIBLE ENTRY,RESIDENCE,true,false,2212,,19,,05,1164316,1826382,,41.679201974,-87.67417197
,HS363272,06/16/2010 06:22:00 PM,040XX S ROCKWELL ST,1811,NARCOTICS,POSS: CANNABIS 30GMS OR LESS,STREET,true,false,0912,,12,,18,1159700,1877770,,41.820314285,-87.689661379
,HS363449,06/16/2010 08:02:00 PM,0000X N PINE AVE,1811,NARCOTICS,POSS: CANNABIS 30GMS OR LESS,SIDEWALK,true,false,1522,,29,,18,1139504,1899741,,41.880997145,-87.763215395
,HS363461,06/16/2010 07:55:00 PM,050XX W DIVISION ST,1811,NARCOTICS,POSS: CANNABIS 30GMS OR LESS,GAS STATION,true,false,1531,,37,,18,1142381,1907518,,41.902285227,-87.752457779
,HS363433,06/16/2010 07:55:00 PM,029XX E 83RD ST,1330,CRIMINAL TRESPASS,TO LAND,GAS STATION,true,false,0424,,10,,26,1197409,1850508,,41.744647338,-87.552238463
,HS363436,06/16/2010 07:40:00 PM,012XX N SPRINGFIELD AVE,2027,NARCOTICS,POSS: CRACK,SIDEWALK,true,false,2535,,27,,18,1150151,1908130,,41.903816697,-87.723901154
,HS363201,06/16/2010 04:46:00 PM,067XX S PARNELL AVE,051A,ASSAULT,AGGRAVATED: HANDGUN,SIDEWALK,true,false,0722,,6,,04A,1173733,1860186,,41.771761952,-87.638703385
,HS363390,06/16/2010 07:15:00 PM,0000X W 69TH ST,0320,ROBBERY,STRONGARM - NO WEAPON,SIDEWALK,false,false,0731,,6,,03,1177279,1859276,,41.769185486,-87.625732415
,HS363447,06/16/2010 07:40:00 PM,052XX S MAPLEWOOD AVE,0460,BATTERY,SIMPLE,SIDEWALK,false,false,0911,,14,,08B,1160256,1869939,,41.798813593,-87.687837483
,HS363454,06/16/2010 07:45:00 PM,002XX W GARFIELD BLVD,0460,BATTERY,SIMPLE,CTA PLATFORM,true,false,0934,,3,,08B,1175647,1868500,,41.794533814,-87.631438536
,HS363262,06/16/2010 05:55:00 PM,014XX W 88TH ST,0486,BATTERY,DOMESTIC BATTERY SIMPLE,RESIDENCE,false,true,2222,,21,,08B,1168415,1846395,,41.734033784,-87.658593902
,HS363439,06/16/2010 07:40:00 PM,031XX N TRIPP AVE,1811,NARCOTICS,POSS: CANNABIS 30GMS OR LESS,SIDEWALK,true,false,2523,,31,,18,1147604,1920369,,41.937450953,-87.732942227
,HS363101,06/16/2010 04:35:00 PM,045XX S ROCKWELL ST,0486,BATTERY,DOMESTIC BATTERY SIMPLE,SIDEWALK,false,false,0912,,12,,08B,1159792,1874542,,41.811454364,-87.689412617
,HS363291,06/16/2010 09:00:00 AM,087XX S STATE ST,0820,THEFT,$500 AND UNDER,PARKING LOT/GARAGE(NON.RESID.),false,false,0634,,21,,06,1177810,1847135,,41.735857166,-87.624152861
,HS363309,06/16/2010 06:00:00 PM,017XX W 107TH ST,1780,OFFENSE INVOLVING CHILDREN,OTHER OFFENSE,STREET,false,true,2212,,19,,26,1166672,1833737,,41.699335562,-87.665339235
,HS363488,06/16/2010 07:45:00 PM,085XX S GIVINS CT,051A,ASSAULT,AGGRAVATED: HANDGUN,STREET,false,false,0622,,21,,04A,1172667,1848344,,41.739289573,-87.642959325
,HS363448,06/16/2010 06:00:00 PM,115XX S LONGWOOD DR,1320,CRIMINAL DAMAGE,TO VEHICLE,STREET,false,true,2212,,19,,14,1164477,1828268,,41.684374113,-87.673529772
,HS363435,06/16/2010 06:30:00 PM,066XX S KOSTNER AVE,0820,THEFT,$500 AND UNDER,RESIDENTIAL YARD (FRONT/BACK),false,false,0833,,13,,06,1148183,1860268,,41.772515077,-87.732360245
,HS363385,06/16/2010 07:15:00 PM,111XX S STATE ST,1811,NARCOTICS,POSS: CANNABIS 30GMS OR LESS,STREET,true,false,0522,,34,,18,1178229,1831287,,41.692358646,-87.623096746
,HS363505,06/16/2010 07:00:00 AM,013XX W TOUHY AVE,1320,CRIMINAL DAMAGE,TO VEHICLE,RESIDENCE-GARAGE,false,false,2423,,49,,14,1165991,1947968,,42.012810281,-87.664575048
,HS363263,06/16/2010 05:50:00 PM,012XX S MILLARD AVE,0486,BATTERY,DOMESTIC BATTERY SIMPLE,APARTMENT,true,true,1011,,24,,08B,1152235,1894164,,41.865451654,-87.716614744
,HS363380,06/16/2010 07:15:00 PM,078XX S HERMITAGE AVE,0486,BATTERY,DOMESTIC BATTERY SIMPLE,STREET,false,true,0611,,17,,08B,1166042,1852730,,41.751468669,-87.667107794
,HS363367,06/16/2010 05:45:00 PM,051XX W LAKE ST,1210,DECEPTIVE PRACTICE,THEFT OF LABOR/SERVICES,CTA PLATFORM,true,false,1532,,28,,11,1141954,1901990,,41.887123664,-87.754163303
,HS363427,06/16/2010 07:37:00 PM,063XX S WOLCOTT AVE,1821,NARCOTICS,MANU/DEL:CANNABIS 10GM OR LESS,RESIDENCE PORCH/HALLWAY,true,false,0726,,15,,18,1164773,1862624,,41.778646037,-87.671479104
,HS363481,06/16/2010 08:15:00 PM,024XX W 61ST ST,1811,NARCOTICS,POSS: CANNABIS 30GMS OR LESS,SIDEWALK,true,false,0825,,15,,18,1160958,1864140,,41.782885873,-87.685423349
,HS363386,06/16/2010 06:30:00 PM,022XX W DEVON AVE,502P,OTHER OFFENSE,FALSE/STOLEN/ALTERED TRP,STREET,false,false,2412,,50,,26,1160016,1942446,,41.997783727,-87.686713531
,HS363506,06/16/2010 08:30:00 PM,061XX S FRANCISCO AVE,0820,THEFT,$500 AND UNDER,RESIDENCE PORCH/HALLWAY,false,false,0823,,15,,06,1158099,1863812,,41.782044432,-87.69591432
,HS363315,06/16/2010 06:15:00 PM,016XX W GLENLAKE AVE,1310,CRIMINAL DAMAGE,TO PROPERTY,RESIDENTIAL YARD (FRONT/BACK),false,false,2433,,40,,14,1164380,1940692,,41.992879152,-87.670709907
,HS363473,06/16/2010 08:00:00 PM,099XX S CARPENTER ST,2820,OTHER OFFENSE,TELEPHONE THREAT,RESIDENCE,false,false,2232,,34,,26,1171070,1838945,,41.713532377,-87.64908418
,HS363395,06/16/2010 07:15:00 PM,012XX W 52ND ST,041A,BATTERY,AGGRAVATED: HANDGUN,PARK PROPERTY,false,false,0933,,16,,04B,1168780,1870294,,41.799607851,-87.656567815
,HS363497,06/16/2010 08:25:00 PM,003XX E WACKER DR,2170,NARCOTICS,POSSESSION OF DRUG EQUIPMENT,STREET,true,false,0124,,42,,18,1178655,1902526,,41.887835661,-87.619371164
,HS363419,06/16/2010 07:04:00 PM,105XX S CORLISS AVE,1822,NARCOTICS,MANU/DEL:CANNABIS OVER 10 GMS,RESIDENCE,true,false,0512,,9,,18,1183450,1835028,,41.702504717,-87.603865998
,HS363520,06/16/2010 08:30:00 PM,010XX W ADDISON ST,0460,BATTERY,SIMPLE,SPORTS ARENA/STADIUM,false,false,2324,,44,,08B,1168634,1924088,,41.947225886,-87.655545441
,HS363498,06/16/2010 08:05:00 PM,055XX S PRAIRIE AVE,1506,PROSTITUTION,SOLICIT ON PUBLIC WAY,SIDEWALK,true,false,0233,,20,,16,1178988,1868191,,41.793610381,-87.619196679
,HS363471,06/16/2010 08:25:00 PM,024XX E 87TH ST,1811,NARCOTICS,POSS: CANNABIS 30GMS OR LESS,SIDEWALK,true,false,0423,,7,,18,1194094,1847770,,41.737215964,-87.564474442
,HS363408,06/16/2010 07:20:00 PM,076XX S RIDGELAND AVE,5002,OTHER OFFENSE,OTHER VEHICLE OFFENSE,STREET,false,true,0414,,8,,26,1189195,1854671,,41.756271652,-87.582201946
,HS363405,06/16/2010 06:10:00 PM,050XX N SAWYER AVE,1563,SEX OFFENSE,CRIMINAL SEXUAL ABUSE,SIDEWALK,true,false,1713,,39,,17,1153799,1933396,,41.973076602,-87.709826077
,HS363410,06/16/2010 07:27:00 PM,055XX S CARPENTER ST,1822,NARCOTICS,MANU/DEL:CANNABIS OVER 10 GMS,RESIDENTIAL YARD (FRONT/BACK),true,false,0712,,16,,18,1170260,1867995,,41.793267036,-87.651207172
,HS363373,06/16/2010 06:30:00 PM,003XX N CENTRAL AVE,1210,DECEPTIVE PRACTICE,THEFT OF LABOR/SERVICES,CTA PLATFORM,true,false,1512,,29,,11,1138977,1901868,,41.886843497,-87.765098817
,HS363437,06/16/2010 05:00:00 PM,087XX S EXCHANGE AVE,0320,ROBBERY,STRONGARM - NO WEAPON,SIDEWALK,false,false,0423,,10,,03,1197282,1847598,,41.736665235,-87.552800507
,HS363501,06/16/2010 08:00:00 PM,014XX N CALIFORNIA AVE,141C,WEAPONS VIOLATION,UNLAWFUL USE OTHER DANG WEAPON,PARK PROPERTY,true,false,1423,,26,,15,1157471,1909362,,41.907051559,-87.696979356
,HS363446,06/16/2010 08:00:00 PM,0000X N ASHLAND AVE,0460,BATTERY,SIMPLE,CTA BUS,true,false,1333,,27,,08B,1165754,1900192,,41.881715761,-87.666814104
,HS363432,06/16/2010 06:30:00 PM,113XX S VINCENNES AVE,0460,BATTERY,SIMPLE,SIDEWALK,false,false,2212,,19,,08B,1166592,1829668,,41.688171243,-87.665747633
,HS363354,06/16/2010 05:15:00 PM,016XX S LAFLIN ST,0460,BATTERY,SIMPLE,STREET,true,false,1222,,25,,08B,1166638,1892074,,41.859420413,-87.663800598
,HS363532,06/16/2010 07:10:00 PM,053XX W FLETCHER ST,0460,BATTERY,SIMPLE,SIDEWALK,false,false,2514,,30,,08B,1140224,1920426,,41.937745993,-87.760063928
,HS363533,06/16/2010 08:45:00 PM,072XX S PAXTON AVE,2024,NARCOTICS,POSS: HEROIN(WHITE),STREET,true,false,0333,,5,,18,1192140,1857353,,41.76356021,-87.571322255
,HS363494,06/16/2010 07:58:00 PM,023XX S SAWYER AVE,0460,BATTERY,SIMPLE,SIDEWALK,true,false,1024,,22,,08B,1155065,1888170,,41.848947187,-87.706386312
,HS363465,06/16/2010 07:55:00 PM,031XX N MASON AVE,051A,ASSAULT,AGGRAVATED: HANDGUN,ALLEY,false,true,2514,,30,,04A,1136174,1920175,,41.937130575,-87.774954681
,HS363510,06/16/2010 08:20:00 PM,094XX S STATE ST,1330,CRIMINAL TRESPASS,TO LAND,GAS STATION,true,false,0634,,6,,26,1177949,1842478,,41.723074622,-87.623784263
,HS363508,06/16/2010 06:50:00 PM,027XX N NEVA AVE,0560,ASSAULT,SIMPLE,RESIDENCE,false,false,2512,,36,,08A,1127952,1917410,,41.929686051,-87.805234986
,HS363503,06/16/2010 06:30:00 PM,018XX N WINCHESTER AVE,0820,THEFT,$500 AND UNDER,STREET,false,false,1434,,32,,06,1163069,1912177,,41.914660316,-87.67633632
,HS363418,06/16/2010 07:30:00 PM,060XX S COTTAGE GROVE AVE,1330,CRIMINAL TRESPASS,TO LAND,RESIDENCE PORCH/HALLWAY,false,false,0313,,20,,26,1182604,1865122,,41.785105582,-87.606032426
,HS363401,06/16/2010 07:37:00 PM,031XX W 27TH ST,1320,CRIMINAL DAMAGE,TO VEHICLE,STREET,true,false,1033,,12,,14,1155689,1885901,,41.842708263,-87.704157169
,HS363556,06/16/2010 07:00:00 PM,081XX S ARTESIAN AVE,0820,THEFT,$500 AND UNDER,RESIDENTIAL YARD (FRONT/BACK),false,false,0835,,18,,06,1161441,1850665,,41.745898523,-87.68402544
,HS363134,06/16/2010 03:30:00 PM,038XX W 18TH ST,0610,BURGLARY,FORCIBLE ENTRY,APARTMENT,false,false,1014,,24,,05,1151159,1891108,,41.857086774,-87.720644875
,HS363301,06/16/2010 06:32:00 PM,069XX S EBERHART AVE,041A,BATTERY,AGGRAVATED: HANDGUN,STREET,false,false,0322,,6,,04B,1180781,1858946,,41.768200154,-87.612905972
,HS363236,06/16/2010 05:00:00 PM,019XX S ST LOUIS AVE,0560,ASSAULT,SIMPLE,STREET,false,false,1024,,24,,08A,1153405,1890256,,41.854704512,-87.712423352
,HS363402,06/16/2010 07:00:00 PM,069XX S CLYDE AVE,0460,BATTERY,SIMPLE,"SCHOOL, PUBLIC, GROUNDS",false,false,0331,,5,,08B,1191411,1859329,,41.7690002,-87.573930201
,HS363227,06/16/2010 02:00:00 PM,061XX S GREENWOOD AVE,0610,BURGLARY,FORCIBLE ENTRY,RESIDENCE,false,false,0314,,20,,05,1184387,1864589,,41.783601412,-87.599511926
,HS363361,06/16/2010 06:25:00 PM,074XX S STONY ISLAND AVE,0320,ROBBERY,STRONGARM - NO WEAPON,SIDEWALK,false,false,0324,,5,,03,1188107,1855775,,41.759327126,-87.586154041
,HS363322,06/16/2010 02:00:00 PM,071XX S EAST END AVE,0620,BURGLARY,UNLAWFUL ENTRY,APARTMENT,false,false,0324,,5,,05,1188770,1857951,,41.765282432,-87.583654702
,HS363025,06/16/2010 03:59:00 PM,094XX S THROOP ST,2825,OTHER OFFENSE,HARASSMENT BY TELEPHONE,RESIDENCE,false,false,2222,,21,,26,1169318,1842182,,41.722453222,-87.655407293
,HS363572,06/16/2010 06:00:00 PM,015XX N PARKSIDE AVE,0810,THEFT,OVER $500,ALLEY,false,false,2531,,29,,06,1138385,1909662,,41.90824193,-87.767083926
,HS363468,06/16/2010 07:50:00 PM,092XX S CHAPPEL AVE,0454,BATTERY,AGG PO HANDS NO/MIN INJURY,"SCHOOL, PUBLIC, GROUNDS",true,false,0413,,8,,08B,1191458,1844036,,41.727033729,-87.574252454
,HS363576,06/16/2010 09:00:00 PM,016XX W JULIAN ST,0810,THEFT,OVER $500,RESIDENCE-GARAGE,false,false,1433,,1,,06,1165135,1909891,,41.908343702,-87.668811209
,HS363421,06/16/2010 07:00:00 AM,013XX W 18TH PL,0620,BURGLARY,UNLAWFUL ENTRY,RESIDENCE,false,false,1222,,25,,05,1167698,1891196,,41.856988356,-87.659934953
,HS363567,06/16/2010 04:00:00 PM,008XX N TRUMBULL AVE,0810,THEFT,OVER $500,RESIDENTIAL YARD (FRONT/BACK),false,false,1121,,27,,06,1153224,1905448,,41.896396572,-87.712684489
,HS363516,06/16/2010 05:00:00 PM,067XX S PARNELL AVE,0460,BATTERY,SIMPLE,RESIDENCE,false,false,0722,,6,,08B,1173733,1860186,,41.771761952,-87.638703385
,HS363513,06/16/2010 12:35:00 PM,074XX S PARNELL AVE,0460,BATTERY,SIMPLE,STREET,false,false,0732,,17,,08B,1173837,1855485,,41.758859545,-87.638461367
,HS363587,06/16/2010 09:30:00 PM,004XX N CENTRAL AVE,2027,NARCOTICS,POSS: CRACK,ALLEY,true,false,1523,,28,,18,1138963,1902373,,41.888229536,-87.76513795
,HS363450,06/16/2010 07:38:00 PM,054XX S WENTWORTH AVE,0860,THEFT,RETAIL THEFT,SMALL RETAIL STORE,true,false,0232,,3,,06,1175887,1869033,,41.795991039,-87.630542489
,HS363197,06/16/2010 10:45:00 AM,024XX W SUNNYSIDE AVE,0820,THEFT,$500 AND UNDER,PARK PROPERTY,false,false,1911,,47,,06,1159478,1929816,,41.963137586,-87.689042114
,HS363304,06/16/2010 12:20:00 PM,051XX S NORMANDY AVE,2890,PUBLIC PEACE VIOLATION,OTHER VIOLATION,PARK PROPERTY,false,false,0811,,23,,26,1132586,1869660,,41.798573337,-87.789317894
,HS363549,06/16/2010 09:10:00 PM,052XX S TRUMBULL AVE,0470,PUBLIC PEACE VIOLATION,RECKLESS CONDUCT,STREET,true,false,0822,,14,,24,1154264,1869674,,41.798207769,-87.709818706
,HS363366,06/16/2010 09:15:00 AM,007XX E 84TH PL,0610,BURGLARY,FORCIBLE ENTRY,APARTMENT,false,false,0632,,6,,05,1182724,1849011,,41.740892596,-87.606091859
,HS363495,06/16/2010 07:50:00 PM,043XX S MAPLEWOOD AVE,0560,ASSAULT,SIMPLE,SIDEWALK,false,false,0914,,12,,08A,1160085,1875850,,41.815037648,-87.688301892
,HS363582,06/16/2010 09:45:00 PM,059XX S CALIFORNIA AVE,1330,CRIMINAL TRESPASS,TO LAND,GAS STATION,true,false,0824,,16,,26,1158725,1865234,,41.785933843,-87.693580432
,HS363398,06/16/2010 06:30:00 PM,004XX E 79TH ST,0486,BATTERY,DOMESTIC BATTERY SIMPLE,OTHER,false,true,0624,,6,,08B,1180407,1852720,,41.751123931,-87.614467552
,HS363321,06/16/2010 06:00:00 PM,014XX N HOMAN AVE,1811,NARCOTICS,POSS: CANNABIS 30GMS OR LESS,STREET,true,false,1422,,26,,18,1153426,1909527,,41.907585717,-87.71183404
,HS363521,06/16/2010 08:17:00 PM,054XX S SEELEY AVE,0430,BATTERY,AGGRAVATED: OTHER DANG WEAPON,SIDEWALK,true,false,0915,,16,,04B,1163618,1868534,,41.794888158,-87.675547668
,HS363455,06/16/2010 07:30:00 AM,008XX W 37TH PL,1310,CRIMINAL DAMAGE,TO PROPERTY,RESIDENCE,false,false,0922,,11,,14,1171403,1880147,,41.826588401,-87.64665987
,HS363469,06/16/2010 07:05:00 PM,053XX S WOLCOTT AVE,0460,BATTERY,SIMPLE,SIDEWALK,false,false,0915,,16,,08B,1164590,1869338,,41.797073968,-87.671960655
,HS362901,06/16/2010 02:40:00 PM,009XX E 54TH ST,0484,BATTERY,PRO EMP HANDS NO/MIN INJURY,"SCHOOL, PUBLIC, BUILDING",false,false,2131,,4,,08B,1183580,1869801,,41.797922443,-87.602308153
,HS363478,06/16/2010 07:20:00 PM,036XX S LEAVITT ST,0430,BATTERY,AGGRAVATED: OTHER DANG WEAPON,ALLEY,false,false,0913,,11,,04B,1162287,1880577,,41.82796344,-87.680092772
,HS363598,06/16/2010 09:45:00 PM,048XX W AUGUSTA BLVD,2027,NARCOTICS,POSS: CRACK,SIDEWALK,true,false,1531,,37,,18,1143868,1906208,,41.898662681,-87.74702862
,HS363581,06/16/2010 09:00:00 PM,021XX W 50TH PL,4387,OTHER OFFENSE,VIOLATE ORDER OF PROTECTION,SIDEWALK,true,true,0915,,16,,26,1163038,1871160,,41.802106388,-87.677601075
,HS363583,06/16/2010 09:30:00 PM,028XX W 64TH ST,0497,BATTERY,AGGRAVATED DOMESTIC BATTERY: OTHER DANG WEAPON,APARTMENT,false,true,0823,,15,,04B,1158372,1862074,,41.777269554,-87.694960726
,HS363569,06/16/2010 09:15:00 PM,048XX W MELROSE ST,0520,ASSAULT,AGGRAVATED:KNIFE/CUTTING INSTR,RESIDENCE-GARAGE,false,false,1634,,30,,04A,1143477,1921169,,41.93972454,-87.748089752
,HS362953,06/16/2010 03:24:00 PM,057XX S TROY ST,0810,THEFT,OVER $500,STREET,false,false,0824,,14,,06,1156364,1866342,,41.789022235,-87.702207254
,HS363592,06/16/2010 09:15:00 AM,083XX S KILBOURN AVE,0610,BURGLARY,FORCIBLE ENTRY,RESIDENCE,false,false,0834,,18,,05,1147876,1848751,,41.740916302,-87.733779863
,HS363487,06/16/2010 08:29:00 PM,015XX N LOREL AVE,041A,BATTERY,AGGRAVATED: HANDGUN,STREET,false,false,2532,,37,,04B,1140406,1909783,,41.908537118,-87.759656715
,HS363619,06/16/2010 10:03:00 PM,037XX W 81ST PL,1320,CRIMINAL DAMAGE,TO VEHICLE,STREET,false,false,0834,,18,,14,1152947,1850287,,41.745032897,-87.715159455
,HS363518,06/16/2010 07:36:00 PM,059XX S KENNETH AVE,0620,BURGLARY,UNLAWFUL ENTRY,RESIDENCE-GARAGE,false,false,0813,,13,,05,1147716,1864948,,41.785366706,-87.733952583
,HS363485,06/16/2010 08:08:00 PM,042XX N TRIPP AVE,0460,BATTERY,SIMPLE,"SCHOOL, PUBLIC, GROUNDS",true,false,1722,,38,,08B,1147234,1927929,,41.958203324,-87.734107804
,HS363526,06/16/2010 02:16:00 PM,047XX S UNION AVE,0460,BATTERY,SIMPLE,"SCHOOL, PUBLIC, BUILDING",false,false,0935,,11,,08B,1172434,1873254,,41.807650669,-87.643080489
,HS363499,06/16/2010 05:15:00 PM,071XX S TROY ST,0337,ROBBERY,ATTEMPT: ARMED-OTHER DANG WEAP,ALLEY,false,false,0831,,18,,03,1156603,1857205,,41.763944134,-87.701577033
,HS363438,06/16/2010 07:15:00 PM,055XX S MEADE AVE,1821,NARCOTICS,MANU/DEL:CANNABIS 10GM OR LESS,RESIDENCE,true,false,0811,,23,,18,1136651,1867153,,41.791622125,-87.774470137
,HS363627,06/16/2010 09:30:00 PM,036XX W 56TH ST,0560,ASSAULT,SIMPLE,SIDEWALK,false,false,0822,,14,,08A,1152994,1867230,,41.79152626,-87.714540594
,HS363585,06/16/2010 09:20:00 PM,067XX S WESTERN AVE,2027,NARCOTICS,POSS: CRACK,STREET,true,false,0832,,17,,18,1161535,1859935,,41.771334821,-87.683424389
,HS363613,06/16/2010 09:50:00 PM,082XX S HALSTED ST,1811,NARCOTICS,POSS: CANNABIS 30GMS OR LESS,SIDEWALK,true,false,0613,,21,,18,1172405,1850257,,41.744544863,-87.64386309
,HS363601,06/16/2010 09:55:00 PM,007XX N CENTRAL AVE,1811,NARCOTICS,POSS: CANNABIS 30GMS OR LESS,SIDEWALK,true,false,1524,,37,,18,1138888,1904475,,41.89399905,-87.765362284
,HS363225,06/16/2010 08:00:00 AM,009XX W CHICAGO AVE,0810,THEFT,OVER $500,STREET,false,false,1323,,27,,06,1170200,1905559,,41.896347252,-87.650331739
,HS363591,06/16/2010 09:20:00 PM,013XX N SEDGWICK ST,1811,NARCOTICS,POSS: CANNABIS 30GMS OR LESS,ALLEY,true,false,1821,,27,,18,1173416,1908947,,41.905573245,-87.638419281
,HS363554,06/16/2010 08:00:00 PM,082XX S MARQUETTE AVE,1562,SEX OFFENSE,AGG CRIMINAL SEXUAL ABUSE,SIDEWALK,false,false,0423,,7,,17,1195602,1850841,,41.745605936,-87.558848425
,HS363514,06/16/2010 07:45:00 PM,036XX W OHIO ST,1661,GAMBLING,GAME/DICE,SIDEWALK,true,false,1122,,27,,19,1151843,1903753,,41.891772623,-87.71780134
,HS363165,06/16/2010 05:10:00 PM,033XX W FULTON BLVD,0560,ASSAULT,SIMPLE,APARTMENT,false,false,1123,,28,,08A,1154004,1901799,,41.88636784,-87.709917052
,HS363030,06/16/2010 01:00:00 PM,017XX N SPAULDING AVE,0486,BATTERY,DOMESTIC BATTERY SIMPLE,SIDEWALK,false,false,1422,,26,,08B,1153867,1911532,,41.913078836,-87.710160526
,HS363434,06/16/2010 07:40:00 PM,004XX N SPRINGFIELD AVE,1310,CRIMINAL DAMAGE,TO PROPERTY,RESIDENCE,false,true,1122,,27,,14,1150309,1902710,,41.888940581,-87.723462298
,HS363509,06/16/2010 08:30:00 PM,001XX S CICERO AVE,1320,CRIMINAL DAMAGE,TO VEHICLE,PARKING LOT/GARAGE(NON.RESID.),false,false,1533,,28,,14,1144408,1899062,,41.879043079,-87.745225096
,HS363586,06/16/2010 09:28:00 PM,048XX N WASHTENAW AVE,0470,PUBLIC PEACE VIOLATION,RECKLESS CONDUCT,SIDEWALK,false,false,2031,,40,,24,1157485,1932376,,41.970203254,-87.696299702
,HS363597,06/16/2010 09:46:00 PM,034XX S GILES AVE,1811,NARCOTICS,POSS: CANNABIS 30GMS OR LESS,SIDEWALK,true,false,2112,,2,,18,1178830,1882167,,41.831965309,-87.619350255
,HS363403,06/16/2010 06:55:00 PM,007XX N LONG AVE,0430,BATTERY,AGGRAVATED: OTHER DANG WEAPON,SIDEWALK,true,true,1524,,37,,04B,1140182,1904453,,41.893915075,-87.760610309
,HS363295,06/16/2010 01:30:00 PM,048XX N FAIRFIELD AVE,1320,CRIMINAL DAMAGE,TO VEHICLE,STREET,false,false,2031,,40,,14,1157169,1931876,,41.968837669,-87.697475299
,HS363463,06/16/2010 07:00:00 PM,001XX S PULASKI RD,0460,BATTERY,SIMPLE,SIDEWALK,false,false,1115,,28,,08B,1149754,1898950,,41.878633536,-87.725598276
,HS363428,06/16/2010 07:40:00 PM,044XX W FULTON ST,0486,BATTERY,DOMESTIC BATTERY SIMPLE,APARTMENT,false,true,1113,,28,,08B,1146832,1901383,,41.885366246,-87.736265217
,HS363637,06/16/2010 09:40:00 PM,037XX W FLOURNOY ST,0430,BATTERY,AGGRAVATED: OTHER DANG WEAPON,STREET,false,false,1133,,24,,04B,1151708,1896777,,41.872632393,-87.71848069
,HS363626,06/16/2010 09:50:00 PM,093XX S BURNSIDE AVE,1330,CRIMINAL TRESPASS,TO LAND,RESIDENCE PORCH/HALLWAY,true,false,0633,,9,,26,1182379,1842699,,41.723579729,-87.60755091
,HS363566,06/16/2010 09:05:00 PM,036XX W DIVISION ST,1220,DECEPTIVE PRACTICE,THEFT OF LOST/MISLAID PROP,SIDEWALK,true,false,2535,,26,,11,1152000,1907755,,41.902751414,-87.717119181
,HS363614,06/16/2010 09:03:00 PM,034XX W NORTH AVE,2024,NARCOTICS,POSS: HEROIN(WHITE),STREET,true,false,1422,,26,,18,1153310,1910424,,41.910049472,-87.712236304
,HS363630,06/16/2010 09:50:00 PM,041XX N LONG AVE,1811,NARCOTICS,POSS: CANNABIS 30GMS OR LESS,STREET,true,false,1624,,38,,18,1139611,1926970,,41.955714592,-87.762156579
,HS363575,06/16/2010 09:23:00 PM,003XX W 42ND ST,143A,WEAPONS VIOLATION,UNLAWFUL POSS OF HANDGUN,RESIDENTIAL YARD (FRONT/BACK),true,false,0935,,3,,15,1174739,1877108,,41.818175295,-87.634511478
,HS363665,06/16/2010 10:25:00 PM,043XX S ST LAWRENCE AVE,1811,NARCOTICS,POSS: CANNABIS 30GMS OR LESS,STREET,true,false,0222,,4,,18,1180982,1876467,,41.816274732,-87.611630081
,HS363625,06/16/2010 09:40:00 PM,033XX W ADAMS ST,1811,NARCOTICS,POSS: CANNABIS 30GMS OR LESS,SIDEWALK,true,false,1124,,28,,18,1154108,1898876,,41.878344757,-87.70961315
,HS363661,06/16/2010 08:00:00 PM,095XX S PRAIRIE AVE,0320,ROBBERY,STRONGARM - NO WEAPON,SIDEWALK,false,false,0511,,6,,03,1179604,1841676,,41.720836239,-87.617746617
,HS363642,06/16/2010 09:40:00 PM,017XX W 21ST ST,0486,BATTERY,DOMESTIC BATTERY SIMPLE,VEHICLE NON-COMMERCIAL,true,true,1223,,25,,08B,1165023,1890120,,41.854092862,-87.669784187
,HS363636,06/16/2010 10:03:00 PM,074XX S COTTAGE GROVE AVE,1811,NARCOTICS,POSS: CANNABIS 30GMS OR LESS,STREET,true,false,0323,,6,,18,1182845,1855957,,41.759950351,-87.605433227
,HS363671,06/16/2010 10:09:00 PM,004XX W EVERGREEN AVE,1330,CRIMINAL TRESPASS,TO LAND,GOVERNMENT BUILDING/PROPERTY,true,false,1821,,27,,26,1173240,1909286,,41.906507389,-87.639055705
,HS363599,06/16/2010 08:20:00 AM,032XX W 87TH ST,1320,CRIMINAL DAMAGE,TO VEHICLE,PARKING LOT/GARAGE(NON.RESID.),false,false,0834,,18,,14,1156139,1846714,,41.735164468,-87.703559162
,HS363602,06/16/2010 07:00:00 PM,031XX W ROOSEVELT RD,031A,ROBBERY,ARMED: HANDGUN,SMALL RETAIL STORE,false,false,1022,,24,,03,1155439,1894539,,41.866416931,-87.704842587
,HS363643,06/16/2010 05:20:00 AM,008XX N LAWLER AVE,0520,ASSAULT,AGGRAVATED:KNIFE/CUTTING INSTR,RESIDENCE,true,true,1531,,37,,04A,1142536,1905123,,41.89571019,-87.751948049
,HS363618,06/16/2010 10:05:00 PM,044XX S RICHMOND ST,2022,NARCOTICS,POSS: COCAINE,SIDEWALK,true,false,0912,,14,,18,1157436,1875167,,41.813217562,-87.6980374
,HS363677,06/16/2010 10:39:00 PM,015XX N KEDZIE AVE,1811,NARCOTICS,POSS: CANNABIS 30GMS OR LESS,PARK PROPERTY,true,false,1423,,26,,18,1154743,1910027,,41.908931475,-87.706982663
,HS362109,06/16/2010 03:00:00 AM,036XX S WOLCOTT AVE,1310,CRIMINAL DAMAGE,TO PROPERTY,APARTMENT,false,false,0922,,11,,14,1164281,1880560,,41.827874951,-87.672777476
,HS363681,06/16/2010 10:36:00 PM,059XX S ALBANY AVE,3710,INTERFERENCE WITH PUBLIC OFFICER,RESIST/OBSTRUCT/DISARM OFFICER,RESIDENCE,false,false,0824,,16,,24,1156732,1865094,,41.785590124,-87.700891571
,HS362070,06/16/2010 01:35:00 AM,036XX S DAMEN AVE,0486,BATTERY,DOMESTIC BATTERY SIMPLE,APARTMENT,false,true,0922,,11,,08B,1163613,1880641,,41.828111292,-87.675226018
,HS362989,06/16/2010 03:00:00 PM,057XX W POTOMAC AVE,0460,BATTERY,SIMPLE,SIDEWALK,false,false,2531,,29,,08B,1138024,1908082,,41.903912753,-87.7684483
,HS363693,06/16/2010 10:28:00 PM,062XX S WINCHESTER AVE,1320,CRIMINAL DAMAGE,TO VEHICLE,STREET,false,false,0714,,15,,14,1164429,1863300,,41.780508328,-87.672721197
,HS363317,06/16/2010 06:35:00 PM,041XX W NORTH AVE,0460,BATTERY,SIMPLE,SMALL RETAIL STORE,false,false,2534,,30,,08B,1148685,1910317,,41.909846497,-87.729229593
,HS363579,06/16/2010 09:15:00 PM,063XX S CORNELL DR,1320,CRIMINAL DAMAGE,TO VEHICLE,PARKING LOT/GARAGE(NON.RESID.),false,false,0331,,5,,14,1188441,1863368,,41.78015499,-87.584687735
,HS363672,06/16/2010 10:20:00 PM,036XX N MAGNOLIA AVE,0810,THEFT,OVER $500,VEHICLE NON-COMMERCIAL,false,false,1923,,44,,06,1167310,1924330,,41.947918571,-87.660405101
,HS363668,06/16/2010 09:51:00 PM,011XX W BRYN MAWR AVE,1811,NARCOTICS,POSS: CANNABIS 30GMS OR LESS,STREET,true,false,2023,,48,,18,1167605,1937351,,41.983642282,-87.658944031
,HS363702,06/16/2010 10:10:00 PM,014XX N CLEVELAND AVE,0497,BATTERY,AGGRAVATED DOMESTIC BATTERY: OTHER DANG WEAPON,SIDEWALK,false,true,1821,,43,,04B,1172728,1909830,,41.908011509,-87.640920335
,HS363696,06/16/2010 11:00:00 PM,021XX W 37TH ST,1811,NARCOTICS,POSS: CANNABIS 30GMS OR LESS,STREET,true,false,0913,,11,,18,1162809,1880124,,41.82670945,-87.678190282
,HS363721,06/16/2010 11:00:00 PM,050XX W ADAMS ST,2024,NARCOTICS,POSS: HEROIN(WHITE),STREET,true,false,1533,,28,,18,1142844,1898862,,41.878523519,-87.750972878
,HS363239,06/16/2010 03:00:00 PM,046XX S ROCKWELL ST,1320,CRIMINAL DAMAGE,TO VEHICLE,SIDEWALK,false,false,0914,,12,,14,1159807,1873991,,41.809942043,-87.689372741
,HS363735,06/16/2010 11:20:00 PM,065XX S CLAREMONT AVE,2092,NARCOTICS,SOLICIT NARCOTICS ON PUBLICWAY,SIDEWALK,true,false,0832,,15,,26,1161865,1861325,,41.775142326,-87.682176139
,HS363657,06/16/2010 10:15:00 PM,020XX N MOZART ST,141A,WEAPONS VIOLATION,UNLAWFUL USE HANDGUN,STREET,false,false,1414,,35,,15,1156994,1913433,,41.918232412,-87.698620918
,HS363694,06/16/2010 10:58:00 PM,074XX S RACINE AVE,2027,NARCOTICS,POSS: CRACK,STREET,true,false,0733,,17,,18,1169616,1855220,,41.75822487,-87.653938734
,HS363690,06/16/2010 10:14:00 PM,041XX W MAYPOLE AVE,1811,NARCOTICS,POSS: CANNABIS 30GMS OR LESS,STREET,true,false,1114,,28,,18,1148853,1901134,,41.884644137,-87.728850109
,HS363689,06/16/2010 10:30:00 PM,025XX N NARRAGANSETT AVE,0860,THEFT,RETAIL THEFT,GROCERY FOOD STORE,true,false,2512,,36,,06,1133317,1916205,,41.926287021,-87.785547998
,HS363697,06/16/2010 09:50:00 PM,028XX W MADISON ST,0430,BATTERY,AGGRAVATED: OTHER DANG WEAPON,VACANT LOT/LAND,false,false,1331,,2,,04B,1157523,1899894,,41.88106946,-87.697046265
,HS363664,06/16/2010 09:45:00 PM,024XX W 51ST ST,0486,BATTERY,DOMESTIC BATTERY SIMPLE,RESIDENCE,false,true,0911,,14,,08B,1160775,1870785,,41.801124416,-87.685910818
,HS363734,06/16/2010 11:00:00 PM,011XX N CALIFORNIA AVE,4510,OTHER OFFENSE,PROBATION VIOLATION,STREET,true,false,1311,,26,,26,1157523,1907335,,41.901488241,-87.696843586
,HS363743,06/16/2010 10:12:00 PM,080XX S BENNETT AVE,1330,CRIMINAL TRESPASS,TO LAND,RESIDENTIAL YARD (FRONT/BACK),true,false,0414,,8,,26,1190262,1852114,,41.749229388,-87.578373904
,HS363555,06/16/2010 08:25:00 PM,038XX W 18TH ST,0460,BATTERY,SIMPLE,SIDEWALK,true,false,1014,,24,,08B,1151159,1891108,,41.857086774,-87.720644875
,HS363666,06/16/2010 09:00:00 PM,014XX W WASHBURNE AVE,0460,BATTERY,SIMPLE,SIDEWALK,false,false,1231,,2,,08B,1167154,1894501,,41.86606925,-87.661836846
,HS363746,06/16/2010 10:10:00 PM,005XX N WELLS ST,0554,ASSAULT,AGG PO HANDS NO/MIN INJURY,SPORTS ARENA/STADIUM,false,false,1831,,42,,08A,1174645,1903763,,41.891320669,-87.634060002
,HS363674,06/16/2010 10:30:00 PM,031XX W POLK ST,0470,PUBLIC PEACE VIOLATION,RECKLESS CONDUCT,SIDEWALK,true,false,1134,,24,,24,1155592,1896200,,41.870971815,-87.70423622
,HS363772,06/16/2010 11:05:00 PM,019XX W 66TH ST,1811,NARCOTICS,POSS: CANNABIS 30GMS OR LESS,STREET,true,false,0726,,15,,18,1164739,1860901,,41.773918615,-87.671652352
,HS363728,06/16/2010 11:15:00 PM,047XX S KOLIN AVE,0486,BATTERY,DOMESTIC BATTERY SIMPLE,RESIDENCE-GARAGE,false,true,0815,,23,,08B,1148158,1872831,,41.806990411,-87.73212985
,HS363739,06/16/2010 11:23:00 PM,037XX W CHICAGO AVE,1811,NARCOTICS,POSS: CANNABIS 30GMS OR LESS,SIDEWALK,true,false,1112,,27,,18,1151145,1905078,,41.89542227,-87.720330031
,HS363736,06/16/2010 11:18:00 PM,047XX N SHERIDAN RD,0560,ASSAULT,SIMPLE,STREET,false,false,2312,,46,,08A,1168772,1931829,,41.968464471,-87.654812896
,HS363635,06/16/2010 10:05:00 PM,016XX W 63RD ST,0930,MOTOR VEHICLE THEFT,THEFT/RECOVERY: AUTOMOBILE,STREET,true,false,0725,,15,,07,1166288,1862921,,41.779428911,-87.665916547
,HS363531,06/16/2010 08:00:00 AM,012XX N NORTH BRANCH ST,0820,THEFT,$500 AND UNDER,PARKING LOT/GARAGE(NON.RESID.),false,false,1822,,32,,06,1168692,1908313,,41.903937212,-87.655790422
,HS363546,06/16/2010 11:00:00 AM,023XX W HARRISON ST,0580,STALKING,SIMPLE,STREET,true,true,1211,,2,,08A,1161072,1897316,,41.873922252,-87.684086158
,HS363732,06/16/2010 11:20:00 PM,107XX S LAFAYETTE AVE,1811,NARCOTICS,POSS: CANNABIS 30GMS OR LESS,ALLEY,true,false,0513,,34,,18,1177828,1833803,,41.699271976,-87.624489055
,HS363704,06/16/2010 10:24:00 PM,046XX S ELLIS AVE,0497,BATTERY,AGGRAVATED DOMESTIC BATTERY: OTHER DANG WEAPON,APARTMENT,false,true,2123,,4,,04B,1183699,1874469,,41.810729022,-87.601726053
,HS363733,06/16/2010 02:00:00 PM,078XX S OGLESBY AVE,1310,CRIMINAL DAMAGE,TO PROPERTY,RESIDENCE-GARAGE,false,false,0414,,7,,14,1193226,1853495,,41.752947086,-87.5674678
,HS363653,06/16/2010 10:30:00 PM,059XX S ALBANY AVE,041A,BATTERY,AGGRAVATED: HANDGUN,VEHICLE NON-COMMERCIAL,false,false,0824,,16,,04B,1156733,1865074,,41.785535221,-87.700888444
,HS363639,06/16/2010 09:58:00 PM,026XX W 23RD PL,143A,WEAPONS VIOLATION,UNLAWFUL POSS OF HANDGUN,VACANT LOT/LAND,false,false,1034,,28,,15,1159160,1888301,,41.849223644,-87.691353626
,HS363706,06/16/2010 10:00:00 PM,023XX W 21ST PL,1310,CRIMINAL DAMAGE,TO PROPERTY,STREET,false,false,1223,,25,,14,1161002,1889680,,41.852969776,-87.684555032
,HS363752,06/16/2010 11:30:00 PM,027XX S CALIFORNIA AVE,4650,OTHER OFFENSE,SEX OFFENDER: FAIL TO REGISTER,SIDEWALK,false,false,1033,,12,,26,1158147,1885749,,41.842241391,-87.695141061
,HS363769,06/16/2010 11:30:00 PM,062XX S MAPLEWOOD AVE,1811,NARCOTICS,POSS: CANNABIS 30GMS OR LESS,STREET,true,false,0825,,15,,18,1160442,1863260,,41.780481685,-87.687339414
,HS363792,06/16/2010 10:10:00 PM,036XX W ADDISON ST,0820,THEFT,$500 AND UNDER,CTA PLATFORM,false,false,1732,,35,,06,1151727,1923697,,41.946503007,-87.71770155
,HS363790,06/16/2010 09:00:00 PM,062XX S NARRAGANSETT AVE,1220,DECEPTIVE PRACTICE,THEFT OF LOST/MISLAID PROP,ALLEY,false,false,0812,,23,,11,1134817,1862457,,41.778767957,-87.781305771
,HS363700,06/16/2010 10:00:00 AM,061XX N WINTHROP AVE,0820,THEFT,$500 AND UNDER,STREET,false,false,2433,,48,,06,1167751,1940786,,41.993064846,-87.658307497
,HS363775,06/16/2010 11:51:00 PM,101XX S AVENUE N,1811,NARCOTICS,POSS: CANNABIS 30GMS OR LESS,STREET,true,false,0432,,10,,18,1201161,1838274,,41.710982051,-87.538904696
,HS363791,06/16/2010 10:30:00 PM,036XX W GRENSHAW ST,0486,BATTERY,DOMESTIC BATTERY SIMPLE,SIDEWALK,false,true,1133,,24,,08B,1152372,1894799,,41.867191464,-87.716095047
,HS363667,06/16/2010 05:30:00 PM,011XX S CANAL ST,0890,THEFT,FROM BUILDING,ATHLETIC CLUB,false,false,0131,,2,,06,1173303,1895451,,41.868541914,-87.639235361
,HS363647,06/16/2010 04:00:00 PM,001XX E 71ST ST,0860,THEFT,RETAIL THEFT,GAS STATION,false,false,0322,,6,,06,1178567,1857978,,41.76559446,-87.621050648
,HS363676,06/16/2010 02:30:00 PM,003XX E 132ND PL,2820,OTHER OFFENSE,TELEPHONE THREAT,RESIDENCE,false,true,0533,,9,,26,1180821,1817698,,41.65500938,-87.614022393
,HS363658,06/16/2010 08:00:00 PM,034XX N LINCOLN AVE,0810,THEFT,OVER $500,STREET,false,false,1924,,32,,06,1164257,1922873,,41.943985715,-87.671668537
,HS363747,06/16/2010 11:15:00 PM,016XX W CORTLAND ST,2820,OTHER OFFENSE,TELEPHONE THREAT,APARTMENT,false,false,1433,,32,,26,1164919,1912711,,41.916086557,-87.669524508
,HS363764,06/16/2010 11:37:00 PM,054XX W ROSCOE ST,1811,NARCOTICS,POSS: CANNABIS 30GMS OR LESS,ALLEY,true,false,1633,,38,,18,1139563,1922074,,41.942280375,-87.762452926
,HS363802,06/16/2010 03:30:00 PM,0000X W CHECKPOINT 5 ST,0890,THEFT,FROM BUILDING,AIRPORT TERMINAL LOWER LEVEL - SECURE AREA,false,false,1652,,41,,06,1100690,1934316,,41.976495786,-87.905108161
,HS363816,06/16/2010 09:00:00 PM,008XX W FULLERTON AVE,0820,THEFT,$500 AND UNDER,STREET,false,false,1933,,43,,06,1170462,1916167,,41.92545046,-87.649058643
,HS363570,06/16/2010 04:30:00 PM,017XX W HOWARD ST,0486,BATTERY,DOMESTIC BATTERY SIMPLE,STREET,false,true,2422,,49,,08B,1163263,1950347,,42.019396344,-87.674545341
,HS363767,06/16/2010 04:30:00 PM,012XX N CALIFORNIA AVE,0820,THEFT,$500 AND UNDER,PARK PROPERTY,false,false,1423,,26,,06,1157498,1908297,,41.90412856,-87.696909199
,HS363703,06/16/2010 09:40:00 PM,057XX N WINTHROP AVE,2825,OTHER OFFENSE,HARASSMENT BY TELEPHONE,APARTMENT,false,true,2022,,48,,26,1167830,1938224,,41.986032951,-87.658091212
,HS363680,06/16/2010 07:00:00 PM,052XX S UNIVERSITY AVE,0820,THEFT,$500 AND UNDER,RESIDENTIAL YARD (FRONT/BACK),false,false,2131,,4,,06,1184692,1870737,,41.800464878,-87.598200958
,HS363412,06/16/2010 06:40:00 PM,036XX W LEXINGTON ST,0320,ROBBERY,STRONGARM - NO WEAPON,STREET,false,false,1133,,24,,03,1152155,1896451,,41.871729015,-87.716848135
,HS363678,06/16/2010 06:00:00 PM,013XX W PRATT BLVD,0910,MOTOR VEHICLE THEFT,AUTOMOBILE,STREET,false,false,2431,,49,,07,1166175,1945303,,42.005493531,-87.663974692
,HS363640,06/16/2010 02:10:00 PM,012XX S AVERS AVE,1310,CRIMINAL DAMAGE,TO PROPERTY,APARTMENT,false,false,1011,,24,,14,1150907,1894132,,41.865389918,-87.721490761
,HS363522,06/16/2010 08:25:00 PM,006XX N RIDGEWAY AVE,0454,BATTERY,AGG PO HANDS NO/MIN INJURY,SIDEWALK,true,false,1122,,27,,08B,1151276,1903907,,41.892206358,-87.719879646
,HS363761,06/16/2010 11:47:00 PM,001XX E 59TH ST,0486,BATTERY,DOMESTIC BATTERY SIMPLE,RESIDENCE,false,true,0233,,20,,08B,1178317,1865933,,41.78742948,-87.621725698
,HS363774,06/16/2010 10:00:00 AM,008XX E HYDE PARK BLVD,0620,BURGLARY,UNLAWFUL ENTRY,APARTMENT,false,false,2124,,4,,05,1182767,1871379,,41.802271539,-87.605240509
,HS362089,06/16/2010 02:00:00 AM,053XX S WABASH AVE,4387,OTHER OFFENSE,VIOLATE ORDER OF PROTECTION,RESIDENCE,true,true,0232,,3,,26,1177623,1869573,,41.797433728,-87.624160184
,HS363631,06/16/2010 05:00:00 AM,047XX S MICHIGAN AVE,0486,BATTERY,DOMESTIC BATTERY SIMPLE,APARTMENT,true,true,0224,,3,,08B,1177955,1873648,,41.808608378,-87.622819173
,HS363584,06/16/2010 08:00:00 AM,038XX S VINCENNES AVE,0810,THEFT,OVER $500,APARTMENT,false,false,0212,,4,,06,1180729,1879459,,41.824490837,-87.612466051
,HS363344,06/16/2010 05:00:00 PM,007XX E 50TH ST,0560,ASSAULT,SIMPLE,STREET,false,false,0223,,4,,08A,1181998,1872022,,41.804053824,-87.608040822
,HS363649,06/16/2010 04:15:00 PM,040XX W IRVING PARK RD,0870,THEFT,POCKET-PICKING,CTA PLATFORM,false,false,1722,,39,,06,1148903,1926279,,41.953643409,-87.72801475
,HS363102,06/16/2010 11:00:00 AM,002XX W 104TH ST,0460,BATTERY,SIMPLE,"SCHOOL, PUBLIC, BUILDING",false,false,0512,,34,,08B,1176537,1835978,,41.705269548,-87.629150979
,HS363466,06/16/2010 07:50:00 PM,044XX S PRAIRIE AVE,1320,CRIMINAL DAMAGE,TO VEHICLE,ALLEY,false,false,0221,,3,,14,1178780,1875717,,41.814267135,-87.619730267
,HS363340,06/16/2010 01:00:00 PM,050XX S ST LAWRENCE AVE,2820,OTHER OFFENSE,TELEPHONE THREAT,RESIDENCE,false,true,0223,,4,,26,1181114,1871536,,41.802740624,-87.611297848
,HS363756,06/16/2010 11:45:00 PM,001XX E 104TH ST,0454,BATTERY,AGG PO HANDS NO/MIN INJURY,RESIDENTIAL YARD (FRONT/BACK),true,false,0512,,9,,08B,1179094,1836046,,41.705398391,-87.619785512
,HS363717,06/16/2010 10:50:00 PM,025XX W LYNDALE ST,0273,CRIM SEXUAL ASSAULT,ATTEMPT AGG: KNIFE/CUT INSTR,SIDEWALK,false,false,1431,,1,,02,1158840,1914982,,41.922445292,-87.691796002
,HS362137,06/16/2010 04:45:00 AM,069XX S HERMITAGE AVE,0337,ROBBERY,ATTEMPT: ARMED-OTHER DANG WEAP,ALLEY,false,false,0735,,17,,03,1165879,1858637,,41.767681754,-87.667537579
,HS363782,06/16/2010 11:40:00 PM,024XX W WABANSIA AVE,0820,THEFT,$500 AND UNDER,VEHICLE NON-COMMERCIAL,true,false,1434,,1,,06,1159624,1911224,,41.91211693,-87.68901908
,HS363715,06/16/2010 11:10:00 PM,004XX W 72ND ST,0486,BATTERY,DOMESTIC BATTERY SIMPLE,SIDEWALK,false,true,0732,,6,,08B,1174429,1857183,,41.763505917,-87.636241301
,HS363709,06/16/2010 09:48:00 PM,006XX E GRAND AVE,0820,THEFT,$500 AND UNDER,OTHER,false,false,1834,,42,,06,1180796,1904058,,41.891990384,-87.611461502
,HS363757,06/16/2010 11:03:00 PM,033XX S RACINE AVE,143A,WEAPONS VIOLATION,UNLAWFUL POSS OF HANDGUN,RESIDENCE,true,false,0924,,11,,15,1168868,1882525,,41.833169088,-87.655891478
,HS363760,06/16/2010 06:00:00 AM,023XX W ROSEMONT AVE,1310,CRIMINAL DAMAGE,TO PROPERTY,APARTMENT,false,true,2413,,50,,14,1159661,1941772,,41.995941596,-87.688038133
,HS363749,06/16/2010 11:30:00 PM,094XX S STATE ST,0486,BATTERY,DOMESTIC BATTERY SIMPLE,STREET,true,true,0634,,6,,08B,1177959,1842267,,41.722495384,-87.623754004
,HS363806,06/16/2010 09:30:00 PM,009XX W FLETCHER ST,0810,THEFT,OVER $500,STREET,false,false,1932,,44,,06,1169415,1921084,,41.938965801,-87.652762381
,HS363750,06/16/2010 11:40:00 PM,005XX N ST LOUIS AVE,0486,BATTERY,DOMESTIC BATTERY SIMPLE,STREET,false,true,1121,,27,,08B,1152952,1903420,,41.890836935,-87.713737288
,HS363753,06/16/2010 11:30:00 PM,033XX W MADISON ST,0486,BATTERY,DOMESTIC BATTERY SIMPLE,SIDEWALK,false,true,1123,,28,,08B,1154121,1899819,,41.880932187,-87.70954025
,HS363771,06/16/2010 11:47:00 PM,039XX W BARRY AVE,041A,BATTERY,AGGRAVATED: HANDGUN,APARTMENT,false,false,2523,,31,,04B,1149674,1920194,,41.936930705,-87.725339124
,HS363827,06/16/2010 11:52:00 PM,063XX S HAMILTON AVE,3730,INTERFERENCE WITH PUBLIC OFFICER,OBSTRUCTING JUSTICE,STREET,true,false,0726,,15,,24,1163121,1862527,,41.778414587,-87.677538184
,HS363698,06/16/2010 10:00:00 PM,042XX W AUGUSTA BLVD,5002,OTHER OFFENSE,OTHER VEHICLE OFFENSE,RESIDENCE-GARAGE,false,true,1111,,37,,26,1147840,1906328,,41.898916559,-87.73243645
,HS363831,06/16/2010 11:00:00 PM,016XX W HOWARD ST,0420,BATTERY,AGGRAVATED:KNIFE/CUTTING INSTR,STREET,false,false,2422,,49,,04B,1163868,1950346,,42.019380801,-87.672319045
,HS363800,06/16/2010 11:55:00 PM,027XX E 80TH ST,041A,BATTERY,AGGRAVATED: HANDGUN,SIDEWALK,false,false,0422,,7,,04B,1196029,1852459,,41.750035295,-87.557230376
,HS363776,06/16/2010 11:36:00 PM,095XX S OGLESBY AVE,031A,ROBBERY,ARMED: HANDGUN,STREET,false,false,0431,,7,,03,1193755,1842323,,41.722277204,-87.565894343
,HS363768,06/16/2010 11:30:00 PM,019XX W LAWRENCE AVE,0820,THEFT,$500 AND UNDER,PARKING LOT/GARAGE(NON.RESID.),false,false,2032,,47,,06,1162852,1931901,,41.968788631,-87.676578363
,HS363830,06/16/2010 11:48:00 PM,085XX W BRYN MAWR AVE,1725,OFFENSE INVOLVING CHILDREN,CONTRIBUTE CRIM DELINQUENCY JUVENILE,HOSPITAL BUILDING/GROUNDS,true,false,1614,,41,,26,1118305,1936067,,41.981040824,-87.840291518
,HS363731,06/16/2010 10:50:00 PM,014XX W BERWYN AVE,0320,ROBBERY,STRONGARM - NO WEAPON,SIDEWALK,true,false,2013,,48,,03,1165610,1935297,,41.978048911,-87.666340087
,HS363874,06/16/2010 04:30:00 PM,001XX S WACKER DR,2825,OTHER OFFENSE,HARASSMENT BY TELEPHONE,COMMERCIAL / BUSINESS OFFICE,false,true,0111,,2,,26,1173883,1899742,,41.88030381,-87.636978269
,HS363858,06/16/2010 09:00:00 PM,042XX W MADISON ST,2851,PUBLIC PEACE VIOLATION,ARSON THREAT,SIDEWALK,false,false,1115,,28,,26,1148227,1899678,,41.880660786,-87.731186405
,HS363765,06/16/2010 11:32:00 PM,065XX S CLAREMONT AVE,051A,ASSAULT,AGGRAVATED: HANDGUN,STREET,true,false,0832,,15,,04A,1161865,1861325,,41.775142326,-87.682176139
,HS363815,06/16/2010 11:20:00 PM,073XX S CAMPBELL AVE,0486,BATTERY,DOMESTIC BATTERY SIMPLE,APARTMENT,false,true,0835,,18,,08B,1160980,1855935,,41.760369733,-87.68556926
,HS363828,06/16/2010 11:20:00 PM,008XX S CALIFORNIA AVE,0430,BATTERY,AGGRAVATED: OTHER DANG WEAPON,APARTMENT,false,false,1135,,28,,04B,1157831,1896163,,41.87082496,-87.696017032
,HS363550,06/16/2010 09:10:00 AM,104XX S MARYLAND AVE,0840,THEFT,FINANCIAL ID THEFT: OVER $300,RESIDENCE,false,false,0512,,9,,06,1183753,1835869,,41.704805479,-87.602730378
,HS363663,06/16/2010 09:40:00 PM,076XX S MARYLAND AVE,1320,CRIMINAL DAMAGE,TO VEHICLE,RESIDENCE,false,true,0624,,6,,14,1183227,1854487,,41.755907643,-87.604078881
,HS363688,06/16/2010 10:20:00 PM,053XX N CUMBERLAND AVE,0560,ASSAULT,SIMPLE,RESIDENCE PORCH/HALLWAY,false,false,1614,,41,,08A,1119313,1934228,,41.975978414,-87.83662354
,HS362143,06/16/2010 04:30:00 AM,069XX S OGLESBY AVE,0810,THEFT,OVER $500,DRIVEWAY - RESIDENTIAL,false,false,0331,,5,,06,1192968,1859384,,41.769113258,-87.568221304
,HS363817,06/16/2010 11:45:00 PM,068XX S STATE ST,1310,CRIMINAL DAMAGE,TO PROPERTY,APARTMENT,false,false,0322,,20,,14,1177461,1859653,,41.770215904,-87.625053913
,HS363754,06/16/2010 11:05:00 PM,007XX E MARQUETTE RD,0486,BATTERY,DOMESTIC BATTERY SIMPLE,APARTMENT,true,true,0321,,20,,08B,1182167,1861409,,41.774926896,-87.607749512
,HS362071,06/16/2010 01:25:00 AM,063XX S INGLESIDE AVE,0620,BURGLARY,UNLAWFUL ENTRY,APARTMENT,false,false,0314,,20,,05,1183816,1863106,,41.779545281,-87.601651653
,HS363834,06/16/2010 06:00:00 PM,109XX S CHURCH ST,2820,OTHER OFFENSE,TELEPHONE THREAT,APARTMENT,false,false,2212,,19,,26,1167161,1831794,,41.693993226,-87.663604049
,HS363738,06/16/2010 11:10:00 PM,089XX S BISHOP ST,0460,BATTERY,SIMPLE,STREET,false,false,2222,,21,,08B,1168235,1845365,,41.731211183,-87.65928289
,HS363737,06/16/2010 11:10:00 PM,018XX S STATE ST,0460,BATTERY,SIMPLE,STREET,false,false,0132,,3,,08B,1176618,1891452,,41.8574942,-87.627186156
,HS363875,06/16/2010 12:45:00 AM,0000X N WOOD ST,3710,INTERFERENCE WITH PUBLIC OFFICER,RESIST/OBSTRUCT/DISARM OFFICER,SIDEWALK,true,false,1333,,27,,24,1164398,1900542,,41.88270498,-87.671783381
,HS363779,06/16/2010 06:00:00 PM,113XX S CHURCH ST,0560,ASSAULT,SIMPLE,SIDEWALK,false,false,2212,,19,,08A,1166205,1829731,,41.688352347,-87.667162631
,HS363644,06/16/2010 05:00:00 PM,094XX S INDIANA AVE,0610,BURGLARY,FORCIBLE ENTRY,RESIDENCE,false,false,0634,,6,,05,1179254,1842391,,41.722806267,-87.619006849
,HS363692,06/16/2010 10:00:00 PM,079XX S BISHOP ST,0486,BATTERY,DOMESTIC BATTERY SIMPLE,SIDEWALK,false,true,0612,,21,,08B,1168049,1851966,,41.749329266,-87.659775008
,HS363727,06/16/2010 09:45:00 PM,078XX S WOLCOTT AVE,0320,ROBBERY,STRONGARM - NO WEAPON,SIDEWALK,false,false,0611,,18,,03,1165052,1852700,,41.751407324,-87.670736527
,HS363675,06/16/2010 10:55:00 PM,004XX E 83RD ST,0486,BATTERY,DOMESTIC BATTERY SIMPLE,STREET,false,true,0631,,6,,08B,1180889,1850070,,41.74384097,-87.612782598
,HS363852,06/16/2010 10:30:00 PM,041XX N KENNETH AVE,2820,OTHER OFFENSE,TELEPHONE THREAT,APARTMENT,false,false,1722,,38,,26,1145805,1927175,,41.956161587,-87.739380592
,HS363859,06/16/2010 11:30:00 PM,114XX S HALSTED ST,0910,MOTOR VEHICLE THEFT,AUTOMOBILE,STREET,false,false,2233,,34,,07,1173036,1828894,,41.685907805,-87.642179389
,HS363942,06/16/2010 11:30:00 PM,001XX W OHIO ST,1320,CRIMINAL DAMAGE,TO VEHICLE,STREET,false,false,1832,,42,,14,1174885,1904158,,41.8923992,-87.633166768
,HS363936,06/16/2010 11:00:00 PM,066XX S PARNELL AVE,0326,ROBBERY,AGGRAVATED VEHICULAR HIJACKING,STREET,false,false,0722,,6,,03,1173705,1861054,,41.774144464,-87.638780327
,HS363784,06/16/2010 10:45:00 PM,010XX W 58TH ST,1320,CRIMINAL DAMAGE,TO VEHICLE,VEHICLE NON-COMMERCIAL,false,true,0712,,16,,14,1170501,1866357,,41.788766927,-87.650371164
,HS363712,06/16/2010 10:45:00 PM,067XX S BISHOP ST,031A,ROBBERY,ARMED: HANDGUN,SIDEWALK,false,false,0725,,17,,03,1167829,1859973,,41.771306267,-87.660351637
,HS363723,06/16/2010 10:45:00 PM,012XX N AUSTIN BLVD,031A,ROBBERY,ARMED: HANDGUN,CONVENIENCE STORE,false,false,2531,,29,,03,1136141,1907537,,41.902451022,-87.775378157
,HS363950,06/16/2010 09:30:00 PM,065XX S MINERVA AVE,0460,BATTERY,SIMPLE,PARK PROPERTY,false,false,0321,,20,,08B,1185006,1861976,,41.776416594,-87.597324482
,HS363535,06/16/2010 07:25:00 PM,108XX S PROSPECT AVE,0320,ROBBERY,STRONGARM - NO WEAPON,SIDEWALK,false,false,2212,,19,,03,1167372,1832992,,41.697276232,-87.662797377
,HS363217,06/16/2010 05:35:00 PM,091XX S MAY ST,0620,BURGLARY,UNLAWFUL ENTRY,RESIDENCE-GARAGE,false,false,2222,,21,,05,1170261,1844169,,41.72788541,-87.651895592
,HS362756,06/16/2010 01:20:00 PM,113XX S THROOP ST,0560,ASSAULT,SIMPLE,RESIDENCE,false,false,2234,,34,,08A,1169697,1829387,,41.687333539,-87.654388559
,HS363571,06/16/2010 09:20:00 PM,091XX S ABERDEEN ST,0560,ASSAULT,SIMPLE,STREET,false,false,2222,,21,,08A,1170590,1844293,,41.72821853,-87.650686805
,HS363288,06/16/2010 06:15:00 PM,089XX S MARSHFIELD AVE,0486,BATTERY,DOMESTIC BATTERY SIMPLE,RESIDENCE,false,true,2221,,21,,08B,1166911,1845244,,41.730907492,-87.664136644
,HS362119,06/16/2010 03:30:00 AM,039XX N SHERIDAN RD,0320,ROBBERY,STRONGARM - NO WEAPON,CTA TRAIN,false,false,2324,,44,,03,1168891,1926517,,41.953885576,-87.65453007
,HS362829,06/16/2010 08:30:00 AM,014XX W THORNDALE AVE,0610,BURGLARY,FORCIBLE ENTRY,RESIDENCE,false,false,2013,,48,,05,1165697,1939642,,41.98996986,-87.665895629
,HS363980,06/16/2010 11:00:00 PM,068XX S RIDGELAND AVE,0820,THEFT,$500 AND UNDER,STREET,false,false,0332,,5,,06,1189046,1859965,,41.770802411,-87.58257866
,HS363937,06/16/2010 05:30:00 PM,005XX N SACRAMENTO BLVD,0610,BURGLARY,FORCIBLE ENTRY,FACTORY/MANUFACTURING BUILDING,false,false,1313,,27,,05,1156154,1903632,,41.891354633,-87.701972177
,HS362450,06/16/2010 10:30:00 AM,050XX S LAFLIN ST,0484,BATTERY,PRO EMP HANDS NO/MIN INJURY,"SCHOOL, PUBLIC, BUILDING",false,false,0933,,16,,08B,1167186,1871387,,41.802641458,-87.662382149
,HS362945,06/16/2010 02:30:00 PM,049XX N MARINE DR,0820,THEFT,$500 AND UNDER,PARK PROPERTY,false,false,2024,,48,,06,1169906,1933191,,41.972177117,-87.650603352
,HS362795,06/16/2010 01:50:00 PM,011XX W AINSLIE ST,0850,THEFT,ATTEMPT THEFT,SIDEWALK,false,false,2033,,48,,06,1167756,1932937,,41.971526877,-87.65851657
,HS362716,06/16/2010 01:20:00 PM,091XX S COMMERCIAL AVE,0860,THEFT,RETAIL THEFT,GROCERY FOOD STORE,false,false,0424,,10,,06,1197730,1845034,,41.729618252,-87.551244573
,HS364002,06/16/2010 06:00:00 PM,082XX S ELLIS AVE,1320,CRIMINAL DAMAGE,TO VEHICLE,STREET,false,false,0631,,8,,14,1184332,1850497,,41.744932898,-87.600153957
,HS364015,06/16/2010 06:30:00 PM,044XX W MONTROSE AVE,0910,MOTOR VEHICLE THEFT,AUTOMOBILE,STREET,false,false,1722,,45,,07,1145958,1928875,,41.960823612,-87.738774759
,HS364005,06/16/2010 10:00:00 PM,027XX S KILDARE AVE,0915,MOTOR VEHICLE THEFT,"TRUCK, BUS, MOTOR HOME",STREET,false,false,1031,,22,,07,1148165,1885536,,41.841854589,-87.731777911
,HS363226,06/16/2010 03:30:00 AM,033XX N LOCKWOOD AVE,0610,BURGLARY,FORCIBLE ENTRY,APARTMENT,true,false,1634,,38,,05,1140445,1921640,,41.941073271,-87.759221819
,HS363989,06/16/2010 01:57:00 PM,059XX S ARCHER AVE,0460,BATTERY,SIMPLE,STREET,false,false,0811,,23,,08B,1139177,1868504,,41.795284068,-87.765174846
,HS364012,06/16/2010 07:00:00 PM,002XX N LECLAIRE AVE,1310,CRIMINAL DAMAGE,TO PROPERTY,OTHER,false,false,1532,,28,,14,1142337,1901118,,41.884723688,-87.752778464
,HS363982,06/16/2010 08:30:00 PM,125XX S WENTWORTH AVE,0915,MOTOR VEHICLE THEFT,"TRUCK, BUS, MOTOR HOME",STREET,false,false,0523,,9,,07,1177218,1821715,,41.666114429,-87.627085417
,HS362457,06/16/2010 10:15:00 AM,066XX S LOWE AVE,0460,BATTERY,SIMPLE,RESIDENCE PORCH/HALLWAY,false,false,0723,,6,,08B,1173182,1860824,,41.773524892,-87.64070433
,HS362260,06/16/2010 08:30:00 AM,022XX W ROSEMONT AVE,0486,BATTERY,DOMESTIC BATTERY SIMPLE,STREET,false,false,2413,,50,,08B,1160021,1941783,,41.995964329,-87.686713555
,HS362638,06/16/2010 10:00:00 AM,067XX S WOLCOTT AVE,1310,CRIMINAL DAMAGE,TO PROPERTY,RESIDENCE-GARAGE,false,false,0726,,15,,14,1164849,1859974,,41.77137248,-87.671275273
,HS362803,06/16/2010 02:10:00 PM,070XX S WENTWORTH AVE,1310,CRIMINAL DAMAGE,TO PROPERTY,APARTMENT,false,true,0731,,6,,14,1176178,1858282,,41.766482624,-87.629797942
,HS364007,06/16/2010 08:00:00 PM,063XX N NEWCASTLE AVE,1310,CRIMINAL DAMAGE,TO PROPERTY,OTHER,false,false,1611,,41,,14,1130076,1941499,,41.995752652,-87.796875499
,HS364023,06/16/2010 06:30:00 PM,026XX S MILLARD AVE,0910,MOTOR VEHICLE THEFT,AUTOMOBILE,STREET,false,false,1032,,22,,07,1152465,1886179,,41.843535331,-87.715981154
,HS364046,06/16/2010 11:30:00 PM,051XX W SUNNYSIDE AVE,1320,CRIMINAL DAMAGE,TO VEHICLE,STREET,false,false,1623,,45,,14,1141091,1929445,,41.962479014,-87.756654468
,HS364021,06/16/2010 07:00:00 PM,053XX N WINTHROP AVE,0810,THEFT,OVER $500,STREET,false,false,2023,,48,,06,1167909,1935535,,41.978652557,-87.657878647
,HS364029,06/16/2010 12:00:00 AM,039XX N JANSSEN AVE,1330,CRIMINAL TRESPASS,TO LAND,RESIDENCE-GARAGE,false,false,1923,,47,,26,1165822,1926259,,41.953243762,-87.665819401
,HS362571,06/16/2010 11:32:00 AM,087XX S MARQUETTE AVE,0915,MOTOR VEHICLE THEFT,"TRUCK, BUS, MOTOR HOME",DRIVEWAY - RESIDENTIAL,false,false,0423,,7,,07,1195770,1847621,,41.736765844,-87.558339109
,HS363633,06/16/2010 09:37:00 PM,088XX S YALE AVE,0460,BATTERY,SIMPLE,STREET,false,false,0634,,21,,08B,1176041,1846229,,41.733410803,-87.630660891
,HS363604,06/16/2010 09:00:00 PM,011XX S STATE ST,0560,ASSAULT,SIMPLE,APARTMENT,false,false,0132,,2,,08A,1176510,1895564,,41.868780233,-87.627458476
,HS363682,06/16/2010 10:34:32 PM,034XX W 28TH ST,0820,THEFT,$500 AND UNDER,VEHICLE NON-COMMERCIAL,false,false,1032,,22,,06,1153943,1885188,,41.840786625,-87.710583544
,HS363515,06/16/2010 08:30:00 PM,0000X E MADISON ST,0520,ASSAULT,AGGRAVATED:KNIFE/CUTTING INSTR,SIDEWALK,false,false,0122,,42,,04A,1176471,1900405,,41.882065105,-87.627455492
,HS364042,06/16/2010 02:00:00 AM,087XX S MUSKEGON AVE,0910,MOTOR VEHICLE THEFT,AUTOMOBILE,STREET,false,false,0423,,7,,07,1196528,1847552,,41.736557739,-87.555564382
,HS364004,06/16/2010 08:00:00 PM,008XX S OAKLEY BLVD,0910,MOTOR VEHICLE THEFT,AUTOMOBILE,STREET,false,false,1224,,25,,07,1161184,1896205,,41.870871239,-87.683705818
,HS362555,06/16/2010 10:50:00 AM,039XX W 83RD PL,1544,SEX OFFENSE,SEXUAL EXPLOITATION OF A CHILD,RESIDENCE,false,false,0834,,18,,17,1151623,1848913,,41.741288401,-87.720046737
,HS364074,06/16/2010 05:15:00 PM,017XX W THORNDALE AVE,0820,THEFT,$500 AND UNDER,STREET,false,false,2012,,40,,06,1163925,1939046,,41.988372128,-87.67243028
,HS363140,06/16/2010 07:00:00 AM,039XX W BELMONT AVE,0620,BURGLARY,UNLAWFUL ENTRY,APARTMENT,false,false,2523,,31,,05,1149966,1920998,,41.93913126,-87.724244981
,HS363339,06/16/2010 06:15:00 PM,030XX N RUTHERFORD AVE,1310,CRIMINAL DAMAGE,TO PROPERTY,RESIDENCE,true,true,2511,,36,,14,1130889,1919561,,41.935538504,-87.794392413
,HS363711,06/16/2010 11:00:00 PM,027XX W BERWYN AVE,0486,BATTERY,DOMESTIC BATTERY SIMPLE,APARTMENT,false,true,2011,,40,,08B,1157178,1935090,,41.977656868,-87.697354474
,HS363998,06/16/2010 08:00:00 PM,011XX S ASHLAND AVE,0910,MOTOR VEHICLE THEFT,AUTOMOBILE,STREET,false,false,1224,,2,,07,1165905,1895077,,41.867676561,-87.666405578
,HS364082,06/16/2010 11:00:00 PM,023XX W HARRISON ST,0810,THEFT,OVER $500,STREET,false,false,1224,,2,,06,1160700,1897306,,41.873902524,-87.685452244
,HS364011,06/16/2010 09:30:00 PM,097XX S INDIANA AVE,0810,THEFT,OVER $500,STREET,false,false,0511,,6,,06,1179296,1840501,,41.717618907,-87.618910458
,HS362296,06/16/2010 08:54:00 AM,076XX S LAWNDALE AVE,0810,THEFT,OVER $500,PARKING LOT/GARAGE(NON.RESID.),false,false,0833,,18,,06,1153166,1853879,,41.754885628,-87.714262297
,HS364071,06/16/2010 03:00:00 PM,061XX S JUSTINE ST,0610,BURGLARY,FORCIBLE ENTRY,RESIDENCE-GARAGE,false,false,0713,,15,,05,1167060,1863994,,41.78235688,-87.663055641
,HS363150,06/16/2010 01:35:00 PM,006XX W MONROE ST,0910,MOTOR VEHICLE THEFT,AUTOMOBILE,STREET,false,false,0111,,42,,07,1172247,1899816,,41.88054314,-87.642983249
,HS364028,06/16/2010 07:00:00 PM,017XX W FARRAGUT AVE,0910,MOTOR VEHICLE THEFT,AUTOMOBILE,STREET,false,false,2012,,40,,07,1163830,1934915,,41.977038535,-87.672896856
,HS362862,06/16/2010 07:00:00 AM,007XX N CLARK ST,1320,CRIMINAL DAMAGE,TO VEHICLE,STREET,false,false,1832,,42,,14,1175401,1905447,,41.895924714,-87.631232996
,HS362218,06/16/2010 12:00:00 AM,044XX W FIFTH AVE,1310,CRIMINAL DAMAGE,TO PROPERTY,ALLEY,false,false,1131,,24,,14,1146993,1895823,,41.870105878,-87.735816133
,HS363145,06/16/2010 04:32:00 PM,0000X N STATE ST,0860,THEFT,RETAIL THEFT,DEPARTMENT STORE,true,false,0122,,42,,06,1176362,1900577,,41.882539542,-87.627850543
,HS362600,06/16/2010 05:00:00 AM,024XX S WOLCOTT AVE,0810,THEFT,OVER $500,WAREHOUSE,false,false,1034,,25,,06,1164089,1887899,,41.848017977,-87.673274987
,HS362851,06/16/2010 02:30:00 PM,068XX S DORCHESTER AVE,2820,OTHER OFFENSE,TELEPHONE THREAT,APARTMENT,false,true,0321,,5,,26,1186717,1859996,,41.770942948,-87.591114787
,HS364103,06/16/2010 11:00:00 PM,016XX S NEWBERRY AVE,0820,THEFT,$500 AND UNDER,STREET,false,false,1233,,25,,06,1171033,1892180,,41.859616104,-87.647664875
,HS362286,06/16/2010 08:50:00 AM,019XX S TRUMBULL AVE,502R,OTHER OFFENSE,VEHICLE TITLE/REG OFFENSE,STREET,false,false,1024,,24,,26,1153728,1890303,,41.85482707,-87.711236547
,HS363492,06/16/2010 08:10:00 PM,056XX N BROADWAY,0460,BATTERY,SIMPLE,SIDEWALK,false,false,2022,,48,,08B,1167290,1937653,,41.984477778,-87.66009381
,HS364107,06/16/2010 09:30:00 PM,022XX E 67TH ST,2820,OTHER OFFENSE,TELEPHONE THREAT,STREET,false,false,0331,,5,,26,1192207,1860980,,41.773511344,-87.570958858
,HS364066,06/16/2010 10:30:00 PM,030XX W 60TH ST,0910,MOTOR VEHICLE THEFT,AUTOMOBILE,STREET,false,false,0823,,16,,07,1157326,1864701,,41.784499665,-87.698724308
,HS364129,06/16/2010 07:00:00 PM,005XX W KINZIE ST,0820,THEFT,$500 AND UNDER,STREET,false,false,1212,,42,,06,1172517,1902920,,41.889054749,-87.641900009
,HS362412,06/16/2010 10:00:00 AM,056XX S HALSTED ST,0330,ROBBERY,AGGRAVATED,STREET,false,false,0712,,20,,03,1171929,1867557,,41.792028613,-87.645099984
,HS363986,06/16/2010 08:00:00 PM,050XX W JACKSON BLVD,1320,CRIMINAL DAMAGE,TO VEHICLE,"SCHOOL, PRIVATE, GROUNDS",false,false,1533,,28,,14,1142694,1898197,,41.876701468,-87.751540206
,HS364006,06/16/2010 08:30:00 PM,038XX N WILTON AVE,0820,THEFT,$500 AND UNDER,STREET,false,false,2324,,44,,06,1169243,1925800,,41.951910443,-87.653257002
,HS363073,06/16/2010 02:30:00 PM,052XX N ASHLAND AVE,1320,CRIMINAL DAMAGE,TO VEHICLE,"SCHOOL, PRIVATE, GROUNDS",false,false,2012,,40,,14,1164723,1934689,,41.976399444,-87.669619346
,HS363452,06/16/2010 07:27:00 PM,045XX S LAMON AVE,0460,BATTERY,SIMPLE,SIDEWALK,true,false,0814,,23,,08B,1144452,1874188,,41.810784565,-87.745688479
,HS362848,06/16/2010 02:33:00 PM,031XX W ROOSEVELT RD,0460,BATTERY,SIMPLE,OTHER,false,false,1022,,24,,08B,1155395,1894538,,41.86641507,-87.705004143
,HS362768,06/16/2010 01:55:32 PM,025XX S KARLOV AVE,0930,MOTOR VEHICLE THEFT,THEFT/RECOVERY: AUTOMOBILE,STREET,false,false,1013,,22,,07,1149681,1886610,,41.844772511,-87.726186746
,HS362161,06/16/2010 12:00:00 AM,002XX N CALIFORNIA AVE,0810,THEFT,OVER $500,STREET,false,false,1331,,2,,06,1157694,1901168,,41.884561956,-87.696383641
,HS362855,06/16/2010 11:00:00 AM,027XX W CHICAGO AVE,0890,THEFT,FROM BUILDING,SMALL RETAIL STORE,false,false,1313,,26,,06,1158165,1905218,,41.895665915,-87.694543344
,HS362421,06/16/2010 10:05:00 AM,059XX N RAVENSWOOD AVE,0460,BATTERY,SIMPLE,RESIDENCE,false,false,2012,,40,,08B,1163312,1939474,,41.989559532,-87.674672842
,HS363991,06/16/2010 08:45:00 PM,030XX N RAVENSWOOD AVE,1320,CRIMINAL DAMAGE,TO VEHICLE,STREET,false,false,1931,,32,,14,1163818,1920097,,41.936377507,-87.673360652
,HS363984,06/16/2010 09:00:00 PM,030XX N RAVENSWOOD AVE,1320,CRIMINAL DAMAGE,TO VEHICLE,STREET,false,false,1931,,32,,14,1163817,1920121,,41.936443385,-87.673363648
,HS364125,06/16/2010 06:45:00 PM,113XX S CHURCH ST,0560,ASSAULT,SIMPLE,RESIDENTIAL YARD (FRONT/BACK),false,false,2212,,19,,08A,1166205,1829731,,41.688352347,-87.667162631
,HS364133,06/16/2010 04:00:00 PM,100XX S SANGAMON ST,0610,BURGLARY,FORCIBLE ENTRY,RESIDENCE,false,false,2232,,34,,05,1171753,1838247,,41.71160204,-87.646603177
,HS362709,06/16/2010 10:00:00 AM,091XX S ASHLAND AVE,5002,OTHER OFFENSE,OTHER VEHICLE OFFENSE,OTHER,false,false,2221,,21,,26,1167277,1844069,,41.727675299,-87.662829385
,HS362736,06/16/2010 10:30:00 AM,112XX S WALLACE ST,0890,THEFT,FROM BUILDING,"SCHOOL, PUBLIC, BUILDING",false,false,2233,,34,,06,1174313,1830380,,41.68995741,-87.637460623
,HS364110,06/16/2010 07:00:00 PM,125XX S YALE AVE,0810,THEFT,OVER $500,RESIDENTIAL YARD (FRONT/BACK),false,false,0523,,9,,06,1176891,1821701,,41.666083358,-87.628282543
,HS364000,06/16/2010 11:00:00 PM,054XX S CALIFORNIA AVE,0620,BURGLARY,UNLAWFUL ENTRY,APARTMENT,false,false,0911,,14,,05,1158632,1868505,,41.794911815,-87.693832208
,HS364132,06/16/2010 08:00:00 AM,021XX W CONCORD PL,0820,THEFT,$500 AND UNDER,RESIDENTIAL YARD (FRONT/BACK),false,false,1434,,32,,06,1161905,1910920,,41.911235406,-87.680647834
,HS364158,06/16/2010 07:00:00 PM,037XX N PAULINA ST,0910,MOTOR VEHICLE THEFT,AUTOMOBILE,RESIDENCE-GARAGE,false,false,1923,,47,,07,1164325,1924896,,41.949535488,-87.671361173
,HS364151,06/16/2010 01:20:00 PM,023XX S CHRISTIANA AVE,0890,THEFT,FROM BUILDING,"SCHOOL, PUBLIC, BUILDING",false,false,1024,,22,,06,1154399,1888201,,41.849045571,-87.708829783
,HS364177,06/16/2010 05:00:00 PM,029XX W HARRISON ST,0910,MOTOR VEHICLE THEFT,AUTOMOBILE,STREET,false,false,1135,,2,,07,1156766,1897224,,41.873758083,-87.699898286
,HS362985,06/16/2010 03:45:00 PM,067XX N SHERIDAN RD,0486,BATTERY,DOMESTIC BATTERY SIMPLE,STREET,false,false,2432,,49,,08B,1167030,1944882,,42.004319915,-87.660841257
,HS364187,06/16/2010 08:00:00 PM,080XX S ESSEX AVE,1320,CRIMINAL DAMAGE,TO VEHICLE,STREET,false,false,0422,,7,,14,1194249,1852158,,41.749253201,-87.563762808
,HS363646,06/16/2010 10:00:00 PM,062XX S ARTESIAN AVE,0460,BATTERY,SIMPLE,STREET,true,false,0825,,15,,08B,1161112,1863135,,41.78012483,-87.68488652
,HS362496,06/16/2010 10:30:00 AM,065XX S RICHMOND ST,0484,BATTERY,PRO EMP HANDS NO/MIN INJURY,"SCHOOL, PUBLIC, BUILDING",false,false,0831,,15,,08B,1157841,1861059,,41.774495045,-87.696934918
,HS364192,06/16/2010 08:50:00 AM,088XX S INDIANA AVE,0560,ASSAULT,SIMPLE,"SCHOOL, PUBLIC, GROUNDS",false,false,0632,,6,,08A,1179136,1846522,,41.734144934,-87.619313551
,HS364225,06/16/2010 07:00:00 PM,026XX W 59TH ST,0890,THEFT,FROM BUILDING,COMMERCIAL / BUSINESS OFFICE,false,false,0824,,16,,06,1159563,1865431,,41.786457287,-87.690502497
,HS364253,06/16/2010 02:42:00 PM,043XX W 79TH ST,0890,THEFT,FROM BUILDING,"SCHOOL, PUBLIC, BUILDING",false,false,0834,,13,,06,1148764,1851854,,41.749414464,-87.730446597
,HS364153,06/16/2010 09:00:00 PM,030XX N NEW ENGLAND AVE,1320,CRIMINAL DAMAGE,TO VEHICLE,STREET,false,false,2511,,36,,14,1129890,1919508,,41.93541024,-87.798065089
,HS364223,06/16/2010 07:30:00 PM,003XX E NORTH WATER ST,0890,THEFT,FROM BUILDING,HOTEL/MOTEL,false,false,1834,,42,,06,1178425,1903153,,41.889561428,-87.620196651
,HS364113,06/16/2010 10:50:00 PM,029XX W BRYN MAWR AVE,1320,CRIMINAL DAMAGE,TO VEHICLE,STREET,false,false,2011,,40,,14,1155798,1937066,,41.983107115,-87.702375886
,HS364186,06/16/2010 10:00:00 PM,026XX S KILDARE AVE,1320,CRIMINAL DAMAGE,TO VEHICLE,RESIDENTIAL YARD (FRONT/BACK),false,false,1031,,22,,14,1148149,1886062,,41.84329831,-87.731823108
,HS364272,06/16/2010 05:00:00 PM,049XX W HENDERSON ST,0820,THEFT,$500 AND UNDER,STREET,false,false,1634,,38,,06,1142760,1921816,,41.941513371,-87.750708813
,HS364155,06/16/2010 10:00:00 AM,004XX W 72ND ST,2820,OTHER OFFENSE,TELEPHONE THREAT,APARTMENT,false,true,0732,,6,,26,1174415,1857183,,41.763506228,-87.636292613
,HS364025,06/16/2010 08:30:00 PM,031XX N OLEANDER AVE,0910,MOTOR VEHICLE THEFT,AUTOMOBILE,STREET,false,false,2511,,36,,07,1125208,1920024,,41.936905137,-87.815260615
,HS363686,06/16/2010 10:40:00 PM,040XX W BARRY AVE,0486,BATTERY,DOMESTIC BATTERY SIMPLE,SIDEWALK,false,true,2523,,31,,08B,1148819,1920305,,41.937251895,-87.728478517
,HS362429,06/16/2010 09:50:00 AM,041XX S CALIFORNIA AVE,0820,THEFT,$500 AND UNDER,"SCHOOL, PUBLIC, GROUNDS",false,false,0912,,14,,06,1158379,1877130,,41.818585099,-87.694524884
,HS362447,06/16/2010 07:00:00 AM,016XX S STATE ST,0820,THEFT,$500 AND UNDER,SIDEWALK,false,false,0132,,3,,06,1176592,1892323,,41.859884869,-87.627255298
,HS364055,06/16/2010 04:00:00 PM,088XX S LAFLIN ST,0610,BURGLARY,FORCIBLE ENTRY,RESIDENCE-GARAGE,false,false,2222,,21,,05,1167883,1846021,,41.733018901,-87.660553612
,HS364304,06/16/2010 08:00:00 PM,026XX N MARSHFIELD AVE,0810,THEFT,OVER $500,RESIDENTIAL YARD (FRONT/BACK),false,false,1931,,32,,06,1164883,1917646,,41.929629262,-87.669516415
,HS364299,06/16/2010 08:00:00 PM,047XX N SPAULDING AVE,0910,MOTOR VEHICLE THEFT,AUTOMOBILE,STREET,false,false,1713,,33,,07,1153525,1931305,,41.96734424,-87.710889503
,HS362528,06/16/2010 10:30:00 AM,0000X E 126TH ST,0910,MOTOR VEHICLE THEFT,AUTOMOBILE,STREET,false,false,0532,,9,,07,1179013,1821129,,41.6644658,-87.62053408
,HS362750,06/16/2010 01:00:00 PM,032XX W 81ST ST,0340,ROBBERY,ATTEMPT: STRONGARM-NO WEAPON,SIDEWALK,false,false,0834,,18,,03,1156035,1850708,,41.746126757,-87.703833144
,HS364189,06/16/2010 08:00:00 PM,040XX N WHIPPLE ST,0910,MOTOR VEHICLE THEFT,AUTOMOBILE,STREET,false,false,1724,,33,,07,1155329,1926776,,41.954880232,-87.704378601
,HS364037,06/16/2010 11:00:00 PM,033XX N LECLAIRE AVE,0820,THEFT,$500 AND UNDER,STREET,false,false,1634,,38,,06,1141772,1921901,,41.941764989,-87.754338048
,HS364105,06/16/2010 04:45:00 PM,059XX W NORTH AVE,0486,BATTERY,DOMESTIC BATTERY SIMPLE,STREET,false,true,2531,,29,,08B,1136260,1910020,,41.909262555,-87.774881667
,HS364040,06/16/2010 03:00:00 PM,059XX W CORCORAN PL,1320,CRIMINAL DAMAGE,TO VEHICLE,STREET,false,false,1512,,29,,14,1136525,1901950,,41.887112718,-87.774101401
,HS362416,06/16/2010 01:10:00 AM,034XX S WESTERN AVE,1310,CRIMINAL DAMAGE,TO PROPERTY,CONVENIENCE STORE,false,false,0913,,12,,14,1160928,1881594,,41.830782452,-87.685050651
,HS364262,06/16/2010 05:50:00 PM,030XX N KEDZIE AVE,0460,BATTERY,SIMPLE,SIDEWALK,false,false,1412,,35,,08B,1154514,1920114,,41.936615609,-87.707553495
,HS364191,06/16/2010 07:00:00 PM,061XX W DIVERSEY AVE,1310,CRIMINAL DAMAGE,TO PROPERTY,CURRENCY EXCHANGE,false,false,2512,,29,,14,1134824,1917962,,41.931081877,-87.779968717
,HS362582,06/16/2010 10:49:24 AM,065XX S RICHMOND ST,0460,BATTERY,SIMPLE,"SCHOOL, PUBLIC, BUILDING",false,false,0831,,15,,08B,1157841,1861059,,41.774495045,-87.696934918
,HS363560,06/16/2010 02:00:00 PM,048XX N HAMLIN AVE,1365,CRIMINAL TRESPASS,TO RESIDENCE,RESIDENCE,false,false,1712,,39,,26,1150183,1931902,,41.969048415,-87.723162112
,HS364277,06/16/2010 09:00:00 PM,088XX S PARNELL AVE,1320,CRIMINAL DAMAGE,TO VEHICLE,RESIDENTIAL YARD (FRONT/BACK),false,false,2223,,21,,14,1174184,1846238,,41.733476902,-87.637463704
,HS362320,06/16/2010 09:30:00 AM,090XX S DR MARTIN LUTHER KING JR DR,1330,CRIMINAL TRESPASS,TO LAND,OTHER,false,false,0633,,6,,26,1180503,1844931,,41.729747809,-87.614354228
,HS364212,06/16/2010 09:00:00 PM,076XX S EMERALD AVE,1320,CRIMINAL DAMAGE,TO VEHICLE,STREET,false,false,0621,,17,,14,1172624,1854262,,41.75553028,-87.642942898
,HS364390,06/16/2010 10:00:00 PM,098XX S MARQUETTE AVE,1305,CRIMINAL DAMAGE,CRIMINAL DEFACEMENT,ALLEY,false,false,0431,,10,,14,1195955,1840317,,41.716718456,-87.557902397
,HS363414,06/16/2010 07:54:49 PM,013XX N KILDARE AVE,1811,NARCOTICS,POSS: CANNABIS 30GMS OR LESS,SIDEWALK,true,false,2534,,37,,18,1147469,1908443,,41.904727464,-87.733744836
,HS364010,06/16/2010 07:00:00 PM,025XX N MAPLEWOOD AVE,0930,MOTOR VEHICLE THEFT,THEFT/RECOVERY: AUTOMOBILE,STREET,false,false,1431,,35,,07,1158937,1916726,,41.927228961,-87.691391622
,HS362293,06/16/2010 08:02:00 AM,058XX N LINCOLN AVE,0320,ROBBERY,STRONGARM - NO WEAPON,"SCHOOL, PUBLIC, BUILDING",false,false,2011,,40,,03,1155809,1938617,,41.987362912,-87.702293402
,HS364116,06/16/2010 03:50:00 PM,087XX S COMMERCIAL AVE,0820,THEFT,$500 AND UNDER,STREET,false,false,0423,,10,,06,1197659,1847635,,41.736757375,-87.5514181
,HS364069,06/16/2010 07:30:00 PM,091XX S SOUTH CHICAGO AVE,0820,THEFT,$500 AND UNDER,NURSING HOME/RETIREMENT HOME,false,false,0423,,7,,06,1196826,1844863,,41.729171506,-87.55456177
,HS364315,06/16/2010 08:00:00 PM,050XX W JACKSON BLVD,1310,CRIMINAL DAMAGE,TO PROPERTY,"SCHOOL, PRIVATE, BUILDING",false,false,1533,,28,,14,1142694,1898197,,41.876701468,-87.751540206
,HS364458,06/16/2010 08:00:00 PM,039XX W FLOURNOY ST,0820,THEFT,$500 AND UNDER,VACANT LOT/LAND,false,false,1132,,24,,06,1150304,1896741,,41.872561087,-87.723636388
,HS364294,06/16/2010 11:30:00 PM,118XX S EGGLESTON AVE,1320,CRIMINAL DAMAGE,TO VEHICLE,STREET,false,true,0522,,34,,14,1175425,1826447,,41.679139928,-87.633506543
,HS364049,06/16/2010 01:00:00 PM,0000X E 103RD ST,1110,DECEPTIVE PRACTICE,BOGUS CHECK,BANK,true,false,0511,,9,,11,1178801,1836702,,41.707205201,-87.620838567
,HS362368,06/16/2010 01:00:00 AM,109XX S HALSTED ST,0890,THEFT,FROM BUILDING,NURSING HOME/RETIREMENT HOME,false,false,2233,,34,,06,1172929,1832323,,41.695319874,-87.642470418
,HS362440,06/16/2010 10:15:00 AM,027XX S MICHIGAN AVE,0430,BATTERY,AGGRAVATED: OTHER DANG WEAPON,OTHER,false,false,2113,,2,,04B,1177637,1886529,,41.843962091,-87.623595224
,HS364493,06/16/2010 01:30:00 PM,018XX W ADDISON ST,0820,THEFT,$500 AND UNDER,SIDEWALK,false,false,1923,,47,,06,1163415,1923932,,41.94690946,-87.674733431
,HS364441,06/16/2010 12:00:00 AM,012XX S WABASH AVE,1150,DECEPTIVE PRACTICE,CREDIT CARD FRAUD,RESIDENCE,false,false,0132,,2,,11,1176963,1894862,,41.866843668,-87.625816668
,HS364456,06/16/2010 06:30:00 PM,016XX S INDIANA AVE,0820,THEFT,$500 AND UNDER,STREET,false,false,0133,,2,,06,1177923,1892301,,41.859794359,-87.622370293
,HS363972,06/16/2010 11:00:00 AM,060XX W PATTERSON AVE,0910,MOTOR VEHICLE THEFT,AUTOMOBILE,STREET,false,false,1633,,38,,07,1135453,1923647,,41.94667097,-87.777521773
,HS364448,06/16/2010 11:30:00 PM,002XX N MICHIGAN AVE,0870,THEFT,POCKET-PICKING,CTA BUS,false,false,0122,,42,,06,1177258,1901852,,41.886017951,-87.624521781
,HS364248,06/16/2010 09:00:00 PM,076XX S EMERALD AVE,1320,CRIMINAL DAMAGE,TO VEHICLE,STREET,false,false,0621,,17,,14,1172625,1854209,,41.75538482,-87.642940792
,HS364403,06/16/2010 08:00:00 AM,070XX S WOLCOTT AVE,0810,THEFT,OVER $500,RESIDENTIAL YARD (FRONT/BACK),false,false,0735,,17,,06,1164905,1857932,,41.765767772,-87.671127626
,HS363659,06/16/2010 10:20:00 PM,067XX N HERMITAGE AVE,0486,BATTERY,DOMESTIC BATTERY SIMPLE,RESIDENCE,false,true,2432,,49,,08B,1163460,1944657,,42.003778704,-87.673981681
,HS364577,06/16/2010 08:00:00 AM,024XX N SPAULDING AVE,1750,OFFENSE INVOLVING CHILDREN,CHILD ABUSE,RESIDENCE,false,true,1413,,35,,20,1153667,1915964,,41.925244605,-87.710777084
,HS362780,06/16/2010 02:00:00 PM,087XX S COMMERCIAL AVE,0460,BATTERY,SIMPLE,GROCERY FOOD STORE,false,false,0423,,10,,08B,1197658,1847695,,41.736922044,-87.551419766
,HS364565,06/16/2010 11:00:00 PM,022XX E 82ND ST,1120,DECEPTIVE PRACTICE,FORGERY,STREET,false,false,0414,,8,,10,1192481,1851039,,41.74622578,-87.570277697
,HS364579,06/16/2010 10:00:00 PM,060XX N CICERO AVE,4387,OTHER OFFENSE,VIOLATE ORDER OF PROTECTION,RESIDENCE,true,false,1621,,39,,26,1143286,1939589,,41.990274105,-87.748329516
,HS364450,06/16/2010 01:45:00 PM,071XX S BENNETT AVE,1310,CRIMINAL DAMAGE,TO PROPERTY,APARTMENT,false,false,0324,,5,,14,1189945,1857899,,41.765111557,-87.579349708
,HS364208,06/16/2010 02:00:00 PM,005XX N TRUMBULL AVE,0620,BURGLARY,UNLAWFUL ENTRY,RESIDENCE,false,false,1121,,27,,05,1153284,1903445,,41.890898952,-87.712517349
,HS364653,06/16/2010 06:00:00 PM,035XX W HOLLYWOOD AVE,1305,CRIMINAL DAMAGE,CRIMINAL DEFACEMENT,RESIDENCE-GARAGE,false,false,1711,,39,,14,1151530,1937640,,41.984767405,-87.718057636
,HS363615,06/16/2010 07:45:00 AM,054XX W WELLINGTON AVE,0610,BURGLARY,FORCIBLE ENTRY,APARTMENT,false,false,2514,,31,,05,1139385,1919409,,41.934970595,-87.763172312
,HS363530,06/16/2010 06:00:00 PM,029XX N MERRIMAC AVE,0486,BATTERY,DOMESTIC BATTERY SIMPLE,RESIDENCE,false,false,2511,,29,,08B,1134231,1918835,,41.93348797,-87.782127289
,HS363622,06/16/2010 08:16:00 PM,039XX W FULLERTON AVE,0860,THEFT,RETAIL THEFT,DRUG STORE,false,false,2524,,30,,06,1149541,1915660,,41.924491602,-87.725945966
,HS363605,06/16/2010 09:09:00 PM,013XX S MICHIGAN AVE,4387,OTHER OFFENSE,VIOLATE ORDER OF PROTECTION,STREET,false,true,0133,,2,,26,1177438,1894172,,41.864939509,-87.624093834
,HS364665,06/16/2010 10:30:00 PM,037XX W 82ND PL,0560,ASSAULT,SIMPLE,RESIDENCE,false,true,0834,,18,,08A,1152891,1849617,,41.743195407,-87.71538228
,HS363724,06/16/2010 11:00:00 PM,040XX N KENMORE AVE,0820,THEFT,$500 AND UNDER,ALLEY,false,false,2322,,46,,06,1168446,1926962,,41.955116333,-87.656153005
,HS364568,06/16/2010 08:20:00 PM,012XX N STATE PKWY,0850,THEFT,ATTEMPT THEFT,SMALL RETAIL STORE,false,false,1824,,43,,06,1176070,1908457,,41.90416925,-87.628685126
,HS363117,06/16/2010 04:15:00 PM,069XX S ASHLAND AVE,0820,THEFT,$500 AND UNDER,PARKING LOT/GARAGE(NON.RESID.),true,false,0735,,17,,06,1166880,1858667,,41.767742756,-87.663867607
,HS363527,06/16/2010 12:12:00 PM,001XX E WACKER DR,2826,OTHER OFFENSE,HARASSMENT BY ELECTRONIC MEANS,RESIDENCE,false,false,0124,,42,,26,1177454,1902645,,41.888189539,-87.623777956
,HS364851,06/16/2010 11:00:00 PM,080XX S HALSTED ST,0320,ROBBERY,STRONGARM - NO WEAPON,CTA BUS STOP,false,false,0621,,21,,03,1172363,1851648,,41.748362873,-87.64397615
,HS364874,06/16/2010 12:00:00 PM,039XX S LAKE PARK AVE,0910,MOTOR VEHICLE THEFT,AUTOMOBILE,STREET,false,false,2122,,4,,07,1183115,1879549,,41.824682534,-87.603709866
,HS362995,06/16/2010 03:30:00 PM,008XX E 63RD ST,0560,ASSAULT,SIMPLE,GROCERY FOOD STORE,false,false,0313,,20,,08A,1183035,1863422,,41.780430614,-87.604505041
,HS364606,06/16/2010 11:30:00 PM,002XX E 15TH PL,0810,THEFT,OVER $500,STREET,false,false,0133,,2,,06,1178062,1892828,,41.861237321,-87.621844039
,HS364915,06/16/2010 10:45:00 PM,059XX S MASSASOIT AVE,0560,ASSAULT,SIMPLE,RESIDENCE PORCH/HALLWAY,false,false,0812,,13,,08A,1139082,1864375,,41.783955095,-87.765623201
,HS364924,06/16/2010 05:00:00 PM,036XX S WOLCOTT AVE,0610,BURGLARY,FORCIBLE ENTRY,APARTMENT,false,false,0922,,11,,05,1164280,1880628,,41.828061572,-87.672779227
,HS364726,06/16/2010 09:00:00 PM,026XX W 21ST PL,0910,MOTOR VEHICLE THEFT,AUTOMOBILE,STREET,false,false,1023,,28,,07,1159196,1889632,,41.852875312,-87.691184972
,HS364934,06/16/2010 09:00:00 AM,076XX S WOOD ST,0810,THEFT,OVER $500,RESIDENCE,false,false,0611,,17,,06,1165677,1853968,,41.754873664,-87.668410286
,HS363174,06/16/2010 08:20:00 AM,076XX S WOOD ST,0610,BURGLARY,FORCIBLE ENTRY,RESIDENCE,false,false,0611,,17,,05,1165676,1854028,,41.755038334,-87.668412251
,HS364646,06/16/2010 10:00:00 PM,077XX S EMERALD AVE,0620,BURGLARY,UNLAWFUL ENTRY,APARTMENT,false,false,0621,,17,,05,1172644,1853474,,41.753367468,-87.642892778
,HS364718,06/16/2010 02:15:00 PM,012XX W WELLINGTON AVE,0910,MOTOR VEHICLE THEFT,AUTOMOBILE,STREET,false,false,1932,,32,,07,1167458,1920053,,41.936179096,-87.659984583
,HS363376,06/16/2010 06:50:00 PM,002XX W 93RD ST,0486,BATTERY,DOMESTIC BATTERY SIMPLE,STREET,false,false,0634,,21,,08B,1176493,1843287,,41.725327434,-87.629093182
,HS364672,06/16/2010 04:00:00 PM,024XX W BALMORAL AVE,0810,THEFT,OVER $500,BANK,false,false,2011,,40,,06,1159219,1935784,,41.979519409,-87.689829551
,HS364982,06/16/2010 10:35:00 AM,045XX S WABASH AVE,2825,OTHER OFFENSE,HARASSMENT BY TELEPHONE,RESIDENCE,false,false,0221,,3,,26,1177476,1874919,,41.812106968,-87.624537577
,HS364831,06/16/2010 04:35:00 PM,101XX S WASHTENAW AVE,0890,THEFT,FROM BUILDING,RESIDENCE,false,true,2211,,19,,06,1160152,1837303,,41.709257585,-87.689115058
,HS364528,06/16/2010 04:00:00 PM,010XX N HALSTED ST,0560,ASSAULT,SIMPLE,PARKING LOT/GARAGE(NON.RESID.),false,false,1822,,27,,08A,1170836,1907164,,41.900737551,-87.647948754
,HS364840,06/16/2010 03:30:00 PM,124XX S PRINCETON AVE,0920,MOTOR VEHICLE THEFT,ATT: AUTOMOBILE,STREET,false,false,0523,,34,,07,1176538,1822360,,41.667899677,-87.629554707
,HS365012,06/16/2010 11:00:00 PM,015XX N TALMAN AVE,1563,SEX OFFENSE,CRIMINAL SEXUAL ABUSE,APARTMENT,false,false,1423,,26,,17,1158466,1910221,,41.90938841,-87.693300745
,HS363593,06/16/2010 09:48:00 PM,003XX N FRANCISCO AVE,0320,ROBBERY,STRONGARM - NO WEAPON,STREET,false,true,1331,,27,,03,1156998,1902103,,41.887141832,-87.698914072
,HS365039,06/16/2010 10:30:00 PM,020XX W ERIE ST,0910,MOTOR VEHICLE THEFT,AUTOMOBILE,STREET,false,false,1313,,1,,07,1162741,1904340,,41.893161894,-87.677761379
,HS364990,06/16/2010 08:00:00 PM,026XX N LAWNDALE AVE,0460,BATTERY,SIMPLE,ALLEY,false,false,2524,,35,,08B,1151272,1917133,,41.928499819,-87.719546746
,HS365121,06/16/2010 04:00:00 PM,032XX N AUSTIN AVE,0820,THEFT,$500 AND UNDER,STREET,false,false,1633,,36,,06,1135811,1921128,,41.93975219,-87.776266024
,HS365166,06/16/2010 08:30:00 PM,025XX N CENTRAL AVE,0820,THEFT,$500 AND UNDER,GROCERY FOOD STORE,false,false,2515,,30,,06,1138618,1916230,,41.926261042,-87.766068398
,HS365136,06/16/2010 07:00:00 PM,018XX N MILWAUKEE AVE,0820,THEFT,$500 AND UNDER,RESIDENCE-GARAGE,false,false,1434,,1,,06,1160591,1912477,,41.915535266,-87.685431821
,HS363559,06/16/2010 08:50:00 PM,126XX S STEWART AVE,0460,BATTERY,SIMPLE,SIDEWALK,false,false,0523,,9,,08B,1175930,1821138,,41.664559915,-87.631816244
,HS363741,06/16/2010 11:15:00 PM,115XX S LOWE AVE,0430,BATTERY,AGGRAVATED: OTHER DANG WEAPON,SIDEWALK,false,false,0524,,34,,04B,1174013,1828519,,41.684857181,-87.638613871
,HS365120,06/16/2010 09:30:00 PM,041XX N ALBANY AVE,0281,CRIM SEXUAL ASSAULT,NON-AGGRAVATED,ALLEY,false,false,1724,,33,,02,1154977,1927405,,41.95661333,-87.705655682
,HS365119,06/16/2010 12:00:00 PM,067XX S NORMAL BLVD,0486,BATTERY,DOMESTIC BATTERY SIMPLE,APARTMENT,false,true,0722,,6,,08B,1174117,1859984,,41.771199121,-87.637301763
,HS364937,06/16/2010 06:42:00 PM,057XX W WAVELAND AVE,2826,OTHER OFFENSE,HARASSMENT BY ELECTRONIC MEANS,RESIDENCE,false,false,1633,,38,,26,1137445,1924022,,41.947664328,-87.770190604
,HS365143,06/16/2010 07:00:00 PM,018XX N MILWAUKEE AVE,0810,THEFT,OVER $500,RESIDENCE-GARAGE,false,false,1434,,1,,06,1160591,1912477,,41.915535266,-87.685431821
,HS362960,06/16/2010 03:12:00 PM,077XX S ESSEX AVE,0620,BURGLARY,UNLAWFUL ENTRY,APARTMENT,false,false,0421,,7,,05,1194204,1854108,,41.75460526,-87.563863797
,HS364727,06/16/2010 10:00:00 PM,037XX S WOOD ST,1310,CRIMINAL DAMAGE,TO PROPERTY,RESIDENCE,false,false,0922,,11,,14,1164962,1880006,,41.82634032,-87.670294651
,HS365187,06/16/2010 04:00:00 PM,072XX S YATES BLVD,0620,BURGLARY,UNLAWFUL ENTRY,APARTMENT,false,false,0334,,7,,05,1193463,1857410,,41.763684359,-87.566471415
,HS365204,06/16/2010 09:00:00 PM,039XX N MEADE AVE,0820,THEFT,$500 AND UNDER,STREET,false,false,1633,,38,,06,1134983,1925759,,41.952474868,-87.77919919
,HS362057,06/16/2010 01:20:00 AM,078XX S CARPENTER ST,031A,ROBBERY,ARMED: HANDGUN,RESIDENCE,false,false,0612,,17,,03,1170672,1852909,,41.751860234,-87.650135857
,HS365275,06/16/2010 07:00:00 PM,009XX W WOLFRAM ST,0910,MOTOR VEHICLE THEFT,AUTOMOBILE,STREET,false,false,1932,,44,,07,1169511,1919117,,41.933566174,-87.652466974
,HS362145,06/16/2010 04:35:00 AM,104XX S AVENUE G,0620,BURGLARY,UNLAWFUL ENTRY,RESIDENCE-GARAGE,false,false,0432,,10,,05,1203158,1836308,,41.705536399,-87.531658471
,HS365422,06/16/2010 07:00:00 PM,089XX S JUSTINE ST,0890,THEFT,FROM BUILDING,RESIDENCE,false,true,2221,,21,,06,1167567,1845509,,41.73162067,-87.661725907
,HS363985,06/16/2010 08:00:00 PM,022XX W BELMONT AVE,0890,THEFT,FROM BUILDING,RESIDENCE-GARAGE,false,false,1913,,32,,06,1160900,1921214,,41.939503765,-87.684053519
,HS362787,06/16/2010 08:00:00 AM,002XX E PERSHING RD,0810,THEFT,OVER $500,"SCHOOL, PUBLIC, BUILDING",false,false,0211,,3,,06,1178744,1879190,,41.823798151,-87.619756522
,HS362532,06/16/2010 11:29:39 AM,003XX W 105TH ST,0610,BURGLARY,FORCIBLE ENTRY,CONSTRUCTION SITE,false,false,0512,,34,,05,1175905,1835298,,41.703417689,-87.631485579
,HS362602,06/16/2010 09:00:00 AM,055XX S STATE ST,1320,CRIMINAL DAMAGE,TO VEHICLE,VACANT LOT/LAND,false,false,0233,,3,,14,1177221,1868192,,41.793653222,-87.625676053
,HS362101,06/16/2010 02:35:00 AM,103XX S MICHIGAN AVE,0820,THEFT,$500 AND UNDER,STREET,false,false,0512,,9,,06,1178924,1836263,,41.705997732,-87.620401453
,HS362634,06/16/2010 12:20:00 PM,110XX S EDBROOKE AVE,1310,CRIMINAL DAMAGE,TO PROPERTY,RESIDENCE,false,true,0513,,9,,14,1179208,1831761,,41.693637163,-87.619498111
,HS363182,06/16/2010 02:00:00 PM,005XX E 89TH ST,1310,CRIMINAL DAMAGE,TO PROPERTY,RESIDENCE-GARAGE,false,false,0633,,6,,14,1181320,1846086,,41.7328985,-87.611325859
,HS364064,06/16/2010 09:30:00 PM,053XX N WINTHROP AVE,1320,CRIMINAL DAMAGE,TO VEHICLE,RESIDENCE-GARAGE,false,false,2023,,48,,14,1167904,1935725,,41.97917403,-87.657891525
,HS362196,06/16/2010 07:11:40 AM,004XX W 120TH ST,0560,ASSAULT,SIMPLE,APARTMENT,true,false,0523,,34,,08A,1175356,1825332,,41.67608173,-87.633792246
,HS365810,06/16/2010 07:30:00 AM,005XX W STRATFORD PL,1360,CRIMINAL TRESPASS,TO VEHICLE,STREET,false,false,2331,,44,,26,1171917,1923523,,41.945603633,-87.643494822
,HS363482,06/16/2010 08:20:00 PM,006XX N LAMON AVE,1310,CRIMINAL DAMAGE,TO PROPERTY,RESIDENCE,false,false,1532,,37,,14,1143572,1903963,,41.892507688,-87.748172063
,HS364043,06/16/2010 05:00:00 PM,053XX N WINTHROP AVE,1320,CRIMINAL DAMAGE,TO VEHICLE,RESIDENCE-GARAGE,false,false,2023,,48,,14,1167909,1935549,,41.978690973,-87.657878241
,HS362727,06/16/2010 12:27:00 PM,104XX S VERNON AVE,0460,BATTERY,SIMPLE,STREET,true,false,0512,,9,,08B,1181088,1835936,,41.705050965,-87.612487112
,HS364998,06/16/2010 01:00:00 PM,041XX W WASHINGTON BLVD,0810,THEFT,OVER $500,RESIDENCE,false,false,1114,,28,,06,1148744,1900170,,41.882000919,-87.729275294
,HS362424,06/16/2010 08:40:00 AM,096XX S MICHIGAN AVE,0890,THEFT,FROM BUILDING,"SCHOOL, PUBLIC, BUILDING",false,false,0511,,6,,06,1178850,1841009,,41.71902307,-87.620528559
,HS363423,06/16/2010 06:30:00 PM,054XX N WESTERN AVE,1710,OFFENSE INVOLVING CHILDREN,ENDANGERING LIFE/HEALTH CHILD,SIDEWALK,false,false,2011,,40,,26,1159358,1935956,,41.979988518,-87.68931361
,HS363541,06/16/2010 09:05:00 PM,016XX W 66TH ST,0496,BATTERY,AGGRAVATED DOMESTIC BATTERY: KNIFE/CUTTING INST,APARTMENT,true,true,0725,,15,,04B,1166622,1860947,,41.774004882,-87.664748327
,HS362587,06/16/2010 12:30:00 PM,113XX S FORRESTVILLE AVE,0430,BATTERY,AGGRAVATED: OTHER DANG WEAPON,"SCHOOL, PUBLIC, BUILDING",true,false,0531,,9,,04B,1181944,1829952,,41.688610361,-87.609536712
,HS362860,06/16/2010 10:00:00 AM,036XX N NEW ENGLAND AVE,0610,BURGLARY,FORCIBLE ENTRY,RESIDENCE,false,false,1632,,36,,05,1129762,1923425,,41.946161138,-87.798445682
,HS362136,06/16/2010 04:45:00 AM,004XX S KOSTNER AVE,0560,ASSAULT,SIMPLE,GAS STATION,false,false,1131,,24,,08A,1147129,1897553,,41.874850606,-87.735272577
,HS362702,06/16/2010 09:00:00 AM,046XX W MONROE ST,1320,CRIMINAL DAMAGE,TO VEHICLE,ALLEY,false,false,1113,,28,,14,1145444,1899160,,41.879292459,-87.741418566
,HS362445,06/16/2010 12:00:00 AM,010XX N HAMLIN AVE,0890,THEFT,FROM BUILDING,APARTMENT,false,false,1112,,27,,06,1150859,1906705,,41.899892524,-87.721337822
,HS363079,06/16/2010 10:00:00 AM,032XX W HARRISON ST,0560,ASSAULT,SIMPLE,CAR WASH,false,true,1134,,24,,08A,1154799,1897179,,41.873674205,-87.707121399
,HS363456,06/16/2010 08:09:23 PM,063XX S ASHLAND AVE,031A,ROBBERY,ARMED: HANDGUN,CTA TRAIN,false,false,0725,,16,,03,1166755,1862773,,41.779012821,-87.664208692
,HS365850,06/16/2010 07:00:00 PM,031XX N RAVENSWOOD AVE,1320,CRIMINAL DAMAGE,TO VEHICLE,STREET,false,false,1931,,32,,14,1163799,1920761,,41.938199962,-87.673411694
,HS363596,06/16/2010 09:00:00 PM,062XX S MICHIGAN AVE,0560,ASSAULT,SIMPLE,OTHER,false,false,0311,,20,,08A,1178263,1863570,,41.780946398,-87.621995369
,HS362215,06/16/2010 07:45:00 AM,071XX S DR MARTIN LUTHER KING JR DR,0560,ASSAULT,SIMPLE,PARKING LOT/GARAGE(NON.RESID.),false,false,0323,,6,,08A,1180149,1857867,,41.765253769,-87.615255549
,HS362072,06/16/2010 01:30:00 AM,068XX S DORCHESTER AVE,2825,OTHER OFFENSE,HARASSMENT BY TELEPHONE,APARTMENT,false,true,0321,,5,,26,1186716,1860015,,41.770995109,-87.591117851
,HS365932,06/16/2010 10:00:00 AM,033XX W 65TH ST,1320,CRIMINAL DAMAGE,TO VEHICLE,STREET,false,false,0823,,15,,14,1155217,1861321,,41.775266895,-87.706547152
,HS364501,06/16/2010 01:00:00 AM,020XX W 43RD ST,0810,THEFT,OVER $500,OTHER,false,false,0914,,12,,06,1163227,1876141,,41.815770889,-87.676768377
,HS366041,06/16/2010 06:30:00 PM,062XX S LANGLEY AVE,0460,BATTERY,SIMPLE,SIDEWALK,false,false,0313,,20,,08B,1181969,1863739,,41.781325219,-87.608403339
,HS366078,06/16/2010 01:30:00 PM,063XX S HALSTED ST,0890,THEFT,FROM BUILDING,COLLEGE/UNIVERSITY GROUNDS,false,false,0723,,20,,06,1172055,1862918,,41.779295906,-87.644774188
,HS364401,06/16/2010 01:14:00 PM,022XX W CERMAK RD,1195,DECEPTIVE PRACTICE,FINAN EXPLOIT-ELDERLY/DISABLED,BANK,false,false,1034,,25,,11,1161959,1889368,,41.852093721,-87.681051227
,HS364487,06/16/2010 04:00:00 PM,0000X E HURON ST,1310,CRIMINAL DAMAGE,TO PROPERTY,RESIDENCE,false,false,1834,,42,,14,1176505,1905079,,41.894890041,-87.627189408
,HS362651,06/16/2010 12:35:00 PM,0000X W CHECKPOINT 7A ST,5007,OTHER OFFENSE,OTHER WEAPONS VIOLATION,AIRPORT TERMINAL UPPER LEVEL - SECURE AREA,false,false,1653,,41,,26,1101667,1934359,,41.976600326,-87.901514402
,HS362869,06/16/2010 02:32:35 PM,045XX W JACKSON BLVD,1320,CRIMINAL DAMAGE,TO VEHICLE,STREET,false,false,1131,,24,,14,1146155,1898302,,41.876924519,-87.738829686
,HS366174,06/16/2010 07:17:00 PM,007XX N WELLS ST,0820,THEFT,$500 AND UNDER,ALLEY,false,false,1831,,42,,06,1174598,1905447,,41.895942708,-87.634182214
,HS366308,06/16/2010 02:00:00 AM,016XX W HOWARD ST,0820,THEFT,$500 AND UNDER,STREET,false,false,2422,,49,,06,1164097,1950345,,42.019373201,-87.671476382
,HS366325,06/16/2010 10:00:00 AM,103XX S VERNON AVE,0910,MOTOR VEHICLE THEFT,AUTOMOBILE,STREET,false,false,0512,,9,,07,1181071,1836533,,41.706689602,-87.612531065
,HS363253,06/16/2010 03:00:00 PM,008XX W EASTWOOD AVE,0560,ASSAULT,SIMPLE,RESIDENCE PORCH/HALLWAY,false,false,2312,,46,,08A,1169806,1931096,,41.966430564,-87.651032417
,HS366416,06/16/2010 09:00:00 AM,052XX N LINCOLN AVE,1152,DECEPTIVE PRACTICE,ILLEGAL USE CASH CARD,ATM (AUTOMATIC TELLER MACHINE),false,false,2011,,40,,11,1158535,1934684,,41.97651503,-87.692375295
,HS366421,06/16/2010 12:00:00 PM,032XX W 59TH ST,1345,CRIMINAL DAMAGE,TO CITY OF CHICAGO PROPERTY,CTA BUS STOP,true,false,0822,,14,,14,1155583,1865315,,41.786219695,-87.705098458
,HS366476,06/16/2010 05:00:00 PM,030XX N TROY ST,0890,THEFT,FROM BUILDING,ATHLETIC CLUB,false,false,1411,,35,,06,1154850,1920054,,41.936444228,-87.706320262
,HS362935,06/16/2010 02:45:00 PM,062XX N HERMITAGE AVE,1780,OFFENSE INVOLVING CHILDREN,OTHER OFFENSE,RESIDENCE,false,true,2433,,40,,26,1163640,1941367,,41.994747052,-87.673412751
,HS362490,06/16/2010 11:00:00 AM,073XX N WINCHESTER AVE,031A,ROBBERY,ARMED: HANDGUN,STREET,true,false,2424,,49,,03,1162043,1948933,,42.015541978,-87.679074568
,HS366541,06/16/2010 12:30:00 PM,0000X W WASHINGTON ST,0890,THEFT,FROM BUILDING,GOVERNMENT BUILDING/PROPERTY,false,false,0113,,42,,06,1175800,1900817,,41.883210775,-87.629906972
,HS366163,06/16/2010 09:00:00 AM,088XX S STONY ISLAND AVE,1152,DECEPTIVE PRACTICE,ILLEGAL USE CASH CARD,RESTAURANT,false,false,0412,,8,,11,1188462,1846631,,41.734226651,-87.585144393
,HS366726,06/16/2010 08:00:00 PM,014XX W GARFIELD BLVD,0320,ROBBERY,STRONGARM - NO WEAPON,APARTMENT,false,true,0713,,16,,03,1167495,1868133,,41.79370548,-87.661342202
,HS363351,06/16/2010 07:45:00 AM,041XX N BELL AVE,0890,THEFT,FROM BUILDING,APARTMENT,false,false,1912,,47,,06,1160625,1927352,,41.956352499,-87.684893554
,HS364649,06/16/2010 03:45:00 PM,066XX S GREENWOOD AVE,1305,CRIMINAL DAMAGE,CRIMINAL DEFACEMENT,RESIDENCE PORCH/HALLWAY,false,false,0321,,5,,14,1184359,1861297,,41.774568527,-87.599717551
,HS363762,06/16/2010 11:05:00 PM,033XX N HALSTED ST,0820,THEFT,$500 AND UNDER,BAR OR TAVERN,false,false,2331,,44,,06,1170327,1922606,,41.943122315,-87.649365938
,HS363763,06/16/2010 08:30:00 PM,002XX W 87TH ST,0820,THEFT,$500 AND UNDER,PARKING LOT/GARAGE(NON.RESID.),false,false,0622,,21,,06,1176467,1847230,,41.736148121,-87.629070243
,HS363054,06/16/2010 03:13:00 PM,086XX S STONY ISLAND AVE,0460,BATTERY,SIMPLE,RESTAURANT,false,false,0412,,8,,08B,1188432,1847822,,41.737495591,-87.58521637
,HS366556,06/16/2010 05:30:00 PM,048XX N MARINE DR,0910,MOTOR VEHICLE THEFT,AUTOMOBILE,STREET,false,false,2024,,48,,07,1170159,1932184,,41.969408346,-87.649702583
,HS362874,06/16/2010 12:00:00 PM,059XX N GLENWOOD AVE,0890,THEFT,FROM BUILDING,"SCHOOL, PUBLIC, BUILDING",false,false,2013,,48,,06,1165910,1939379,,41.989243623,-87.665119726
,HS364067,06/16/2010 03:30:00 PM,023XX S CHRISTIANA AVE,0890,THEFT,FROM BUILDING,"SCHOOL, PUBLIC, BUILDING",false,false,1024,,22,,06,1154399,1888201,,41.849045571,-87.708829783
,HS362317,06/16/2010 09:00:00 AM,028XX S KOMENSKY AVE,4387,OTHER OFFENSE,VIOLATE ORDER OF PROTECTION,"SCHOOL, PUBLIC, BUILDING",false,false,1031,,22,,26,1149839,1884869,,41.839991916,-87.72565211
,HS362925,06/16/2010 03:11:32 PM,043XX W GLADYS AVE,0486,BATTERY,DOMESTIC BATTERY SIMPLE,RESIDENCE,false,true,1131,,24,,08B,1147458,1898000,,41.87607093,-87.734053156
,HS365313,06/16/2010 01:00:00 PM,070XX N CALDWELL AVE,0630,BURGLARY,ATTEMPT FORCIBLE ENTRY,RESIDENCE,false,false,1621,,41,,05,1133217,1945943,,42.007892773,-87.78521639
,HS363773,06/16/2010 11:30:00 PM,110XX S VERNON AVE,0486,BATTERY,DOMESTIC BATTERY SIMPLE,APARTMENT,false,true,0513,,9,,08B,1181201,1831971,,41.694167876,-87.612194894
,HS364673,06/16/2010 10:00:00 PM,018XX N HUMBOLDT BLVD,0917,MOTOR VEHICLE THEFT,"CYCLE, SCOOTER, BIKE W-VIN",STREET,false,false,1421,,35,,07,1156083,1912101,,41.914595748,-87.702004029
,HS362465,06/16/2010 10:00:00 AM,010XX N RIDGEWAY AVE,041A,BATTERY,AGGRAVATED: HANDGUN,APARTMENT,false,false,1112,,27,,04B,1151195,1906575,,41.899529208,-87.720107093
,HS367748,06/16/2010 09:00:00 PM,027XX N CALIFORNIA AVE,0820,THEFT,$500 AND UNDER,PARKING LOT/GARAGE(NON.RESID.),false,false,1411,,35,,06,1157238,1918138,,41.931138327,-87.697596282
,HS362834,06/16/2010 02:20:00 PM,041XX S INDIANA AVE,0497,BATTERY,AGGRAVATED DOMESTIC BATTERY: OTHER DANG WEAPON,ALLEY,false,true,0214,,3,,04B,1178288,1877539,,41.819278053,-87.621479592
,HS367768,06/16/2010 09:00:00 PM,022XX E 75TH ST,0910,MOTOR VEHICLE THEFT,AUTOMOBILE,STREET,false,false,0414,,7,,07,1192295,1855670,,41.758938155,-87.570808838
,HS367920,06/16/2010 08:00:00 PM,054XX S GREENWOOD AVE,0910,MOTOR VEHICLE THEFT,AUTOMOBILE,STREET,false,false,2131,,5,,07,1184305,1869186,,41.796217884,-87.599668737
,HS365970,06/16/2010 10:15:00 PM,020XX N CALIFORNIA AVE,1310,CRIMINAL DAMAGE,TO PROPERTY,APARTMENT,false,false,1431,,1,,14,1157374,1913471,,41.918328961,-87.697223733
,HS362456,06/16/2010 10:30:00 AM,037XX N LARAMIE AVE,2230,LIQUOR LAW VIOLATION,ILLEGAL CONSUMPTION BY MINOR,"SCHOOL, PUBLIC, BUILDING",true,false,1634,,38,,22,1141027,1924525,,41.948979271,-87.757011425
,HS368110,06/16/2010 08:00:00 AM,021XX W PETERSON AVE,0860,THEFT,RETAIL THEFT,DEPARTMENT STORE,false,false,2413,,40,,06,1160994,1939841,,41.990615196,-87.683188577
,HS363257,06/16/2010 10:25:00 AM,026XX S KOSTNER AVE,0910,MOTOR VEHICLE THEFT,AUTOMOBILE,STREET,false,false,1031,,22,,07,1147482,1886188,,41.843656863,-87.734267647
,HS368215,06/16/2010 04:00:00 PM,075XX S STONY ISLAND AVE,0330,ROBBERY,AGGRAVATED,PARKING LOT/GARAGE(NON.RESID.),false,false,0411,,5,,03,1188116,1855487,,41.758536614,-87.586130225
,HS368654,06/16/2010 12:30:00 PM,112XX S DR MARTIN LUTHER KING JR DR,1365,CRIMINAL TRESPASS,TO RESIDENCE,RESIDENCE,false,false,0531,,9,,26,1180913,1830469,,41.690052791,-87.613295298
,HS365144,06/16/2010 09:00:00 PM,115XX S ASHLAND AVE,1320,CRIMINAL DAMAGE,TO VEHICLE,STREET,false,true,0524,,34,,14,1167751,1828094,,41.683827194,-87.661549547
,HS363788,06/16/2010 07:15:00 PM,076XX S PHILLIPS AVE,0610,BURGLARY,FORCIBLE ENTRY,APARTMENT,false,false,0421,,7,,05,1193856,1854827,,41.756586786,-87.565115559
,HS369023,06/16/2010 12:01:00 AM,013XX N HUDSON AVE,0820,THEFT,$500 AND UNDER,APARTMENT,false,false,1821,,27,,06,1173068,1909520,,41.907153315,-87.639680572
,HS362733,06/16/2010 09:00:00 AM,043XX S ST LAWRENCE AVE,0610,BURGLARY,FORCIBLE ENTRY,RESIDENCE,false,false,0222,,4,,05,1180984,1876406,,41.816107297,-87.611624624
,HS369275,06/16/2010 03:00:00 PM,035XX W LAWRENCE AVE,0810,THEFT,OVER $500,STREET,false,false,1712,,39,,06,1151759,1931662,,41.968358893,-87.717373489
,HS369286,06/16/2010 03:00:00 PM,025XX N SHEFFIELD AVE,1320,CRIMINAL DAMAGE,TO VEHICLE,STREET,false,false,1933,,43,,14,1169187,1917220,,41.928367769,-87.653712909
,HS369391,06/16/2010 04:00:00 PM,044XX N KEYSTONE AVE,0820,THEFT,$500 AND UNDER,STREET,false,false,1722,,39,,06,1148601,1929130,,41.961472617,-87.729051036
,HS364270,06/16/2010 09:00:00 AM,046XX N MALDEN ST,0843,THEFT,ATTEMPT FINANCIAL IDENTITY THEFT,RESIDENCE,false,false,2311,,46,,06,1166686,1930918,,41.966009731,-87.662509208
,HS369593,06/16/2010 04:00:00 PM,042XX N MOZART ST,0810,THEFT,OVER $500,RESIDENTIAL YARD (FRONT/BACK),false,false,1724,,33,,06,1156618,1928127,,41.958561401,-87.699603273
,HS362806,06/16/2010 01:46:00 PM,058XX W GIDDINGS ST,1330,CRIMINAL TRESPASS,TO LAND,RESIDENCE,true,false,1622,,45,,26,1136566,1930987,,41.966792769,-87.77325432
,HS363271,06/16/2010 06:00:00 PM,0000X W ROOSEVELT RD,0460,BATTERY,SIMPLE,STREET,false,false,0132,,2,,08B,1176302,1895060,,41.867401916,-87.628237282
,HS362962,06/16/2010 08:30:00 AM,005XX W DEMING PL,0620,BURGLARY,UNLAWFUL ENTRY,APARTMENT,false,false,1933,,43,,05,1172141,1917237,,41.928349655,-87.642857579
,HS369983,06/16/2010 05:00:00 AM,038XX N FREMONT ST,0281,CRIM SEXUAL ASSAULT,NON-AGGRAVATED,APARTMENT,true,false,2324,,46,,02,1169575,1925758,,41.951787958,-87.652037805
,HS369960,06/16/2010 11:00:00 PM,025XX N NORDICA AVE,0486,BATTERY,DOMESTIC BATTERY SIMPLE,RESIDENCE,false,true,2512,,36,,08B,1128664,1916002,,41.925810259,-87.80265055
,HS370116,06/16/2010 12:00:00 AM,048XX S KOSTNER AVE,1152,DECEPTIVE PRACTICE,ILLEGAL USE CASH CARD,RESIDENCE,false,false,0815,,23,,11,1147846,1872076,,41.804924561,-87.733293517
,HS362047,06/16/2010 12:40:00 AM,031XX N HALSTED ST,0890,THEFT,FROM BUILDING,BAR OR TAVERN,false,false,2332,,44,,06,1170368,1921292,,41.939515748,-87.649253785
,HS364061,06/16/2010 09:00:00 PM,022XX E 70TH PL,2825,OTHER OFFENSE,HARASSMENT BY TELEPHONE,RESIDENCE,false,false,0331,,5,,26,1192219,1858649,,41.767114613,-87.570990609
,HS363551,06/16/2010 08:39:10 PM,122XX S NORMAL AVE,0460,BATTERY,SIMPLE,STREET,false,false,0523,,34,,08B,1175177,1823761,,41.67177464,-87.634494061
,HS370858,06/16/2010 11:30:00 AM,007XX E 61ST ST,1310,CRIMINAL DAMAGE,TO PROPERTY,APARTMENT,false,false,0313,,20,,14,1182383,1864732,,41.784040514,-87.606854782
,HS370866,06/16/2010 04:30:00 PM,024XX N WASHTENAW AVE,0810,THEFT,OVER $500,RESIDENCE PORCH/HALLWAY,false,false,1431,,1,,06,1157956,1916255,,41.9259566,-87.695009279
,HS370896,06/16/2010 04:00:00 PM,021XX N WESTERN AVE,0810,THEFT,OVER $500,PARKING LOT/GARAGE(NON.RESID.),false,false,1431,,1,,06,1160007,1914477,,41.921035498,-87.687522054
,HS362433,06/16/2010 10:32:00 AM,067XX S BISHOP ST,1310,CRIMINAL DAMAGE,TO PROPERTY,RESIDENCE,false,false,0725,,17,,14,1167826,1860068,,41.771567024,-87.660359909
,HS363547,06/16/2010 08:55:50 PM,001XX E 111TH ST,0850,THEFT,ATTEMPT THEFT,SMALL RETAIL STORE,false,false,0513,,9,,06,1178884,1831382,,41.692604495,-87.620695823
,HS363608,06/16/2010 08:40:00 PM,035XX W 47TH ST,1513,PROSTITUTION,SOLICIT FOR BUSINESS,STREET,true,false,0821,,14,,16,1153427,1873239,,41.808007252,-87.712793785
,HS363609,06/16/2010 10:55:00 AM,035XX W 47TH ST,1513,PROSTITUTION,SOLICIT FOR BUSINESS,STREET,true,false,0821,,14,,16,1153427,1873239,,41.808007252,-87.712793785
,HS363610,06/16/2010 08:01:00 PM,035XX W 47TH ST,1513,PROSTITUTION,SOLICIT FOR BUSINESS,STREET,true,false,0821,,14,,16,1153427,1873239,,41.808007252,-87.712793785
,HS362173,06/16/2010 06:40:00 AM,031XX W MADISON ST,1512,PROSTITUTION,SOLICIT FOR PROSTITUTE,STREET,true,false,1124,,28,,16,1155837,1899858,,41.881004808,-87.703238142
,HS370159,06/16/2010 03:30:00 PM,011XX N CICERO AVE,0320,ROBBERY,STRONGARM - NO WEAPON,CTA BUS STOP,false,false,1531,,37,,03,1144150,1907370,,41.901846045,-87.745963616
,HS363617,06/16/2010 01:48:00 AM,052XX W DIVERSEY AVE,0460,BATTERY,SIMPLE,SIDEWALK,true,false,2514,,31,,08B,1141030,1918115,,41.931389548,-87.757158767
,HS363493,06/16/2010 08:21:18 PM,028XX N RIDGEWAY AVE,0460,BATTERY,SIMPLE,SIDEWALK,false,false,2523,,35,,08B,1150899,1918619,,41.932584847,-87.720878396
,HS362714,06/16/2010 11:15:00 AM,030XX N MOBILE AVE,0430,BATTERY,AGGRAVATED: OTHER DANG WEAPON,"SCHOOL, PUBLIC, BUILDING",false,false,2511,,36,,04B,1133880,1919540,,41.935428755,-87.783400598
,HS371206,06/16/2010 09:00:00 PM,028XX W 64TH ST,0820,THEFT,$500 AND UNDER,RESIDENCE,false,false,0823,,15,,06,1158372,1862074,,41.777269554,-87.694960726
,HS371770,06/16/2010 03:50:00 PM,104XX S INDIANA AVE,1150,DECEPTIVE PRACTICE,CREDIT CARD FRAUD,RESIDENCE,false,false,0512,,9,,11,1179427,1835794,,41.70469929,-87.618573767
,HS371937,06/16/2010 08:00:00 AM,054XX S HONORE ST,0910,MOTOR VEHICLE THEFT,AUTOMOBILE,OTHER,false,false,0932,,16,,07,1164940,1868714,,41.795354239,-87.670694799
,HS363650,06/16/2010 10:05:00 PM,033XX W BEACH AVE,0460,BATTERY,SIMPLE,STREET,false,false,1422,,26,,08B,1153759,1909437,,41.907332122,-87.710613173
,HS363407,06/16/2010 07:10:00 PM,035XX W ARMITAGE AVE,0860,THEFT,RETAIL THEFT,SMALL RETAIL STORE,false,false,1422,,26,,06,1152358,1913057,,41.917293524,-87.71566393
,HS371574,06/16/2010 09:00:00 AM,001XX S AUSTIN BLVD,1152,DECEPTIVE PRACTICE,ILLEGAL USE CASH CARD,RESIDENCE,false,false,1513,,29,,11,1136409,1898832,,41.878558583,-87.774601941
,HS364725,06/16/2010 03:30:00 PM,0000X E RANDOLPH ST,0890,THEFT,FROM BUILDING,ATHLETIC CLUB,false,false,0122,,42,,06,1176904,1901295,,41.884497529,-87.625838595
,HS362957,06/16/2010 11:40:00 AM,001XX N WABASH AVE,0820,THEFT,$500 AND UNDER,"SCHOOL, PRIVATE, BUILDING",false,false,0122,,42,,06,1176785,1901619,,41.885389294,-87.626265771
,HS372251,06/16/2010 02:00:00 PM,044XX S MOZART ST,3960,INTIMIDATION,INTIMIDATION,RESIDENCE,false,false,0912,,14,,26,1158106,1875159,,41.813181991,-87.695580012
,HS363781,06/16/2010 11:02:00 PM,080XX S RIDGELAND AVE,2820,OTHER OFFENSE,TELEPHONE THREAT,APARTMENT,false,false,0414,,8,,26,1189372,1852171,,41.749407184,-87.581633336
,HS362117,06/16/2010 03:30:00 AM,067XX S PAXTON AVE,0486,BATTERY,DOMESTIC BATTERY SIMPLE,STREET,false,true,0331,,5,,08B,1192036,1860762,,41.772917294,-87.571592772
,HS362809,06/16/2010 11:00:00 AM,009XX W SUPERIOR ST,0820,THEFT,$500 AND UNDER,STREET,false,false,1323,,27,,06,1170147,1905253,,41.895508726,-87.650535341
,HS362842,06/16/2010 02:20:00 PM,032XX N MILWAUKEE AVE,0320,ROBBERY,STRONGARM - NO WEAPON,RESTAURANT,false,false,1732,,30,,03,1149497,1921450,,41.940380717,-87.725956924
,HS363053,06/16/2010 03:44:00 PM,059XX W CHICAGO AVE,1310,CRIMINAL DAMAGE,TO PROPERTY,SMALL RETAIL STORE,false,false,1511,,29,,14,1136570,1904727,,41.894732361,-87.773869653
,HS362086,06/16/2010 02:02:00 AM,0000X E GARFIELD BLVD,0860,THEFT,RETAIL THEFT,GAS STATION,false,false,0232,,3,,06,1177792,1868568,,41.794672085,-87.623570871
,HS362819,06/16/2010 03:20:00 PM,0000X W CHECKPOINT 8 ST,5007,OTHER OFFENSE,OTHER WEAPONS VIOLATION,AIRPORT TERMINAL UPPER LEVEL - SECURE AREA,false,false,1653,,41,,26,1101937,1934433,,41.976799653,-87.900520088
,HS363725,06/16/2010 11:00:00 PM,016XX N RICHMOND ST,0530,ASSAULT,AGGRAVATED: OTHER DANG WEAPON,STREET,true,false,1421,,35,,04A,1156565,1910869,,41.911205289,-87.700266632
,HS363431,06/16/2010 06:30:00 PM,047XX W IRVING PARK RD,1549,PROSTITUTION,OTHER PROSTITUTION OFFENSE,OTHER,true,false,1722,,45,,16,1143989,1926171,,41.953440869,-87.74608202
,HS372855,06/16/2010 12:30:00 PM,103XX S ELIZABETH ST,0545,ASSAULT,PRO EMP HANDS NO/MIN INJURY,"SCHOOL, PUBLIC, BUILDING",false,false,2232,,21,,08A,1169846,1836216,,41.706070186,-87.653645803
,HS362775,06/16/2010 01:21:00 PM,069XX S WALLACE ST,2017,NARCOTICS,MANU/DELIVER:CRACK,RESIDENCE,true,false,0732,,6,,18,1173476,1858846,,41.768090527,-87.639685075
,HS363129,06/16/2010 04:13:00 PM,009XX N HAMLIN AVE,2025,NARCOTICS,POSS: HALLUCINOGENS,VEHICLE NON-COMMERCIAL,true,false,1112,,27,,18,1150884,1905904,,41.897694011,-87.721266986
,HS363611,06/16/2010 09:25:00 PM,035XX W 47TH ST,1513,PROSTITUTION,SOLICIT FOR BUSINESS,STREET,true,false,0821,,14,,16,1153427,1873239,,41.808007252,-87.712793785
,HS363612,06/16/2010 09:40:00 PM,035XX W 47TH ST,1513,PROSTITUTION,SOLICIT FOR BUSINESS,STREET,true,false,0821,,14,,16,1153427,1873239,,41.808007252,-87.712793785
,HS363580,06/16/2010 08:25:00 PM,023XX N CENTRAL AVE,1811,NARCOTICS,POSS: CANNABIS 30GMS OR LESS,STREET,true,false,2515,,37,,18,1138655,1915098,,41.923154038,-87.765959961
,HS373582,06/16/2010 08:00:00 AM,012XX N WOLCOTT AVE,1110,DECEPTIVE PRACTICE,BOGUS CHECK,APARTMENT,false,false,1424,,1,,11,1163505,1908209,,41.903762669,-87.674846432
,HS374070,06/16/2010 07:00:00 PM,093XX S BURNSIDE AVE,0560,ASSAULT,SIMPLE,SIDEWALK,false,false,0633,,9,,08A,1182385,1842695,,41.723568614,-87.607529057
,HS362645,06/16/2010 11:40:00 AM,079XX S WESTERN AVE,0486,BATTERY,DOMESTIC BATTERY SIMPLE,VEHICLE NON-COMMERCIAL,false,false,0835,,18,,08B,1161754,1852094,,41.74981343,-87.682838953
,HS363118,06/16/2010 04:45:00 PM,001XX N STATE ST,0860,THEFT,RETAIL THEFT,SIDEWALK,false,false,0122,,42,,06,1176352,1900927,,41.883500187,-87.627876698
,HS363685,06/16/2010 10:35:00 PM,036XX W OGDEN AVE,033A,ROBBERY,ATTEMPT: ARMED-HANDGUN,SIDEWALK,false,false,1014,,24,,03,1152598,1890161,,41.854459796,-87.715387915
,HS363269,06/16/2010 04:00:00 PM,025XX N AUSTIN AVE,0486,BATTERY,DOMESTIC BATTERY SIMPLE,RESIDENCE,false,true,2512,,29,,08B,1135969,1916254,,41.926374578,-87.775801807
,HS366402,06/16/2010 04:00:00 PM,030XX N MILWAUKEE AVE,0520,ASSAULT,AGGRAVATED:KNIFE/CUTTING INSTR,SIDEWALK,false,false,2523,,35,,04A,1151064,1920189,,41.93688982,-87.720230774
,HS362721,06/16/2010 11:20:00 AM,112XX S EDBROOKE AVE,1822,NARCOTICS,MANU/DEL:CANNABIS OVER 10 GMS,RESIDENCE,true,false,0531,,9,,18,1179203,1830412,,41.689935428,-87.619557344
,HS362777,06/16/2010 01:41:00 PM,059XX S CARPENTER ST,2017,NARCOTICS,MANU/DELIVER:CRACK,SIDEWALK,true,false,0712,,16,,18,1170326,1865510,,41.786446475,-87.651037472
,HS363252,06/16/2010 05:45:00 PM,080XX S GREEN ST,1821,NARCOTICS,MANU/DEL:CANNABIS 10GM OR LESS,RESIDENCE,true,false,0621,,21,,18,1172038,1851456,,41.747843139,-87.645172686
,HS363892,06/16/2010 10:45:00 PM,044XX N WHIPPLE ST,0337,ROBBERY,ATTEMPT: ARMED-OTHER DANG WEAP,SIDEWALK,false,false,1724,,33,,03,1155250,1929317,,41.961854486,-87.704600483
,HS374609,06/16/2010 11:30:00 AM,047XX N ALBANY AVE,2825,OTHER OFFENSE,HARASSMENT BY TELEPHONE,RESIDENCE,false,true,1713,,33,,26,1154855,1931370,,41.967495986,-87.705997471
,HS362191,06/16/2010 06:55:00 AM,029XX W MADISON ST,1506,PROSTITUTION,SOLICIT ON PUBLIC WAY,STREET,true,false,1124,,2,,16,1156779,1899878,,41.881040659,-87.699778628
,HS374509,06/16/2010 02:00:00 PM,022XX S STEWART AVE,0810,THEFT,OVER $500,RESIDENCE,false,false,2111,,25,,06,1173705,1889364,,41.851829814,-87.637940541
,HS362192,06/16/2010 06:40:00 AM,029XX W MADISON ST,1506,PROSTITUTION,SOLICIT ON PUBLIC WAY,STREET,true,false,1124,,2,,16,1156896,1899881,,41.88104652,-87.699348928
,HS374845,06/16/2010 03:00:00 PM,0000X W KINZIE ST,0890,THEFT,FROM BUILDING,OTHER,false,false,1831,,42,,06,1176088,1903018,,41.889243957,-87.628783073
,HS375160,06/16/2010 06:00:00 PM,028XX N HALSTED ST,0890,THEFT,FROM BUILDING,MEDICAL/DENTAL OFFICE,false,false,1932,,44,,06,1170446,1919030,,41.933307015,-87.649033474
,HS375281,06/16/2010 09:00:00 PM,072XX S HALSTED ST,0560,ASSAULT,SIMPLE,OTHER,false,false,0733,,17,,08A,1172218,1856914,,41.762816631,-87.644352944
,HS373350,06/16/2010 02:15:00 PM,028XX N CAMPBELL AVE,0580,STALKING,SIMPLE,APARTMENT,false,true,1411,,1,,08A,1159202,1918687,,41.932604632,-87.690363819
,HS375587,06/16/2010 04:10:00 PM,004XX E 80TH ST,0820,THEFT,$500 AND UNDER,STREET,false,false,0624,,6,,06,1180776,1852066,,41.749320815,-87.613135423
,HS362821,06/16/2010 11:17:00 AM,001XX E 118TH PL,1821,NARCOTICS,MANU/DEL:CANNABIS 10GM OR LESS,STREET,true,false,0532,,9,,18,1179324,1826424,,41.678989021,-87.619235381
,HS362604,06/16/2010 12:16:00 PM,010XX N HARDING AVE,2017,NARCOTICS,MANU/DELIVER:CRACK,VEHICLE NON-COMMERCIAL,true,false,1112,,27,,18,1149868,1906552,,41.899492018,-87.724981793
,HS376023,06/16/2010 11:00:00 AM,101XX S UNION AVE,0890,THEFT,FROM BUILDING,RESIDENCE,false,false,2232,,34,,06,1173429,1837606,,41.709806198,-87.640484143
,HS362522,06/16/2010 11:23:00 AM,004XX E 63RD ST,031A,ROBBERY,ARMED: HANDGUN,GROCERY FOOD STORE,false,false,0313,,20,,03,1180133,1863331,,41.780247905,-87.615146952
,HS362056,06/16/2010 12:01:00 AM,077XX S CORNELL AVE,2820,OTHER OFFENSE,TELEPHONE THREAT,APARTMENT,false,true,0411,,8,,26,1188579,1854033,,41.754535659,-87.584479776
,HS377749,06/16/2010 02:30:00 PM,028XX N CLYBOURN AVE,0610,BURGLARY,FORCIBLE ENTRY,RESIDENCE,false,false,1913,,1,,05,1162312,1918805,,41.932863861,-87.678931601
,HS364632,06/16/2010 09:00:00 AM,015XX W CHASE AVE,2825,OTHER OFFENSE,HARASSMENT BY TELEPHONE,RESIDENCE,false,false,2423,,49,,26,1164759,1948341,,42.013860121,-87.669097533
,HS373003,06/16/2010 12:00:00 PM,003XX W SUPERIOR ST,0840,THEFT,FINANCIAL ID THEFT: OVER $300,RESIDENCE,false,false,1831,,42,,06,1173684,1905296,,41.895548745,-87.637543608
,HS363204,06/16/2010 05:00:00 PM,013XX W 81ST ST,2024,NARCOTICS,POSS: HEROIN(WHITE),STREET,true,false,0612,,21,,18,1168986,1851058,,41.74681741,-87.656367643
,HS374319,06/16/2010 01:00:00 AM,122XX S WENTWORTH AVE,0915,MOTOR VEHICLE THEFT,"TRUCK, BUS, MOTOR HOME",DRIVEWAY - RESIDENTIAL,false,false,0523,,9,,07,1177148,1823776,,41.671771713,-87.627279796
,HS377960,06/16/2010 10:00:00 PM,033XX N WHIPPLE ST,1310,CRIMINAL DAMAGE,TO PROPERTY,RESIDENCE,false,false,1733,,33,,14,1155461,1922027,,41.941845997,-87.704021529
,HS378225,06/16/2010 02:15:00 PM,056XX S KOLMAR AVE,2820,OTHER OFFENSE,TELEPHONE THREAT,RESIDENCE,false,false,0813,,13,,26,1146989,1866879,,41.790679557,-87.736568993
,HS378686,06/16/2010 03:00:00 PM,055XX W EDMUNDS ST,0890,THEFT,FROM BUILDING,APARTMENT,false,true,1623,,45,,06,1138581,1932588,,41.971149671,-87.765806346
,HS366008,06/16/2010 08:20:00 PM,087XX S COTTAGE GROVE AVE,0320,ROBBERY,STRONGARM - NO WEAPON,STREET,false,false,0632,,6,,03,1183086,1847385,,41.736422269,-87.604815966
,HS378056,06/16/2010 05:00:00 PM,001XX W 109TH PL,0610,BURGLARY,FORCIBLE ENTRY,VACANT LOT/LAND,false,false,0513,,34,,05,1177267,1832342,,41.695275433,-87.626587071
,HS379799,06/16/2010 12:30:00 AM,043XX W 16TH ST,0560,ASSAULT,SIMPLE,STREET,false,false,1012,,24,,08A,1147864,1891694,,41.858758715,-87.732724445
,HS366301,06/16/2010 08:00:00 PM,062XX S LANGLEY AVE,2820,OTHER OFFENSE,TELEPHONE THREAT,APARTMENT,false,false,0313,,20,,26,1181969,1863739,,41.781325219,-87.608403339
,HS363607,06/16/2010 09:43:00 PM,113XX S VINCENNES AVE,0486,BATTERY,DOMESTIC BATTERY SIMPLE,SIDEWALK,false,true,2212,,19,,08B,1166568,1829609,,41.688009847,-87.665837169
,HS363146,06/16/2010 03:00:00 PM,0000X S DEARBORN ST,0810,THEFT,OVER $500,STREET,false,false,0123,,42,,06,1175947,1900179,,41.881456759,-87.629386402
,HS382059,06/16/2010 12:00:00 PM,023XX N SPAULDING AVE,0610,BURGLARY,FORCIBLE ENTRY,RESIDENCE,false,false,1413,,35,,05,1153764,1915294,,41.923404137,-87.710438542
,HS375246,06/16/2010 05:30:00 PM,033XX W FULTON BLVD,1365,CRIMINAL TRESPASS,TO RESIDENCE,RESIDENCE,false,false,1123,,28,,26,1154011,1901800,,41.886370445,-87.70989132
,HS363540,06/16/2010 08:22:00 PM,005XX N RIDGEWAY AVE,3751,INTERFERENCE WITH PUBLIC OFFICER,AIDING ARRESTEE ESCAPE,SIDEWALK,true,false,1122,,27,,24,1151292,1903292,,41.890518421,-87.719837034
,HS382994,06/16/2010 12:01:00 AM,058XX S MICHIGAN AVE,0610,BURGLARY,FORCIBLE ENTRY,RESIDENCE,false,false,0233,,20,,05,1178154,1866372,,41.78863784,-87.622310033
,HS363363,06/16/2010 06:15:00 PM,020XX W FOSTER AVE,0460,BATTERY,SIMPLE,PARK PROPERTY,false,false,2012,,40,,08B,1161728,1934525,,41.976012569,-87.680637765
,HS363722,06/16/2010 08:30:00 PM,009XX N CENTRAL AVE,0340,ROBBERY,ATTEMPT: STRONGARM-NO WEAPON,STREET,false,false,1511,,29,,03,1138853,1905532,,41.896900224,-87.765465135
,HS383242,06/16/2010 09:00:00 AM,015XX W JACKSON BLVD,1152,DECEPTIVE PRACTICE,ILLEGAL USE CASH CARD,RESIDENCE,false,false,1211,,2,,11,1166139,1898712,,41.87764631,-87.665442691
,HS363543,06/16/2010 08:24:00 PM,006XX N RIDGEWAY AVE,3751,INTERFERENCE WITH PUBLIC OFFICER,AIDING ARRESTEE ESCAPE,SIDEWALK,false,false,1122,,27,,24,1151276,1903907,,41.892206358,-87.719879646
,HS384918,06/16/2010 10:00:00 AM,030XX N LUNA AVE,0820,THEFT,$500 AND UNDER,RESIDENCE,false,false,2514,,31,,06,1138840,1919637,,41.935606179,-87.765169679
,HS385360,06/16/2010 03:30:00 PM,017XX N LUNA AVE,2851,PUBLIC PEACE VIOLATION,ARSON THREAT,SIDEWALK,false,false,2532,,37,,26,1139135,1910919,,41.911677665,-87.764298131
,HS386696,06/16/2010 11:00:00 AM,057XX S HONORE ST,0890,THEFT,FROM BUILDING,APARTMENT,false,false,0715,,15,,06,1165001,1866550,,41.789414665,-87.67053229
,HS387013,06/16/2010 12:00:00 PM,051XX S WOLCOTT AVE,0890,THEFT,FROM BUILDING,RESIDENCE,false,false,0932,,16,,06,1164555,1870541,,41.800375885,-87.672055067
,HS386370,06/16/2010 12:01:00 AM,053XX W MONROE ST,1121,DECEPTIVE PRACTICE,COUNTERFEITING DOCUMENT,RESIDENCE,false,false,1522,,29,,10,1140745,1899142,,41.879330699,-87.758673189
,HS367651,06/16/2010 11:00:00 AM,078XX S YATES BLVD,0620,BURGLARY,UNLAWFUL ENTRY,APARTMENT,false,false,0414,,7,,05,1193558,1853449,,41.752812742,-87.566252678
,HS389250,06/16/2010 03:20:00 PM,008XX N HERMITAGE AVE,0820,THEFT,$500 AND UNDER,STREET,false,false,1322,,1,,06,1164580,1905588,,41.896547743,-87.670972044
,HS388435,06/16/2010 09:00:00 AM,006XX N MICHIGAN AVE,0890,THEFT,FROM BUILDING,OTHER,false,false,1834,,42,,06,1177314,1904693,,41.893812529,-87.624229924
,HS390456,06/16/2010 01:00:00 AM,049XX W BYRON ST,1320,CRIMINAL DAMAGE,TO VEHICLE,DRIVEWAY - RESIDENTIAL,false,false,1634,,45,,14,1142647,1925464,,41.951525926,-87.75103305
,HS390010,06/16/2010 11:00:00 AM,034XX N LINDER AVE,1310,CRIMINAL DAMAGE,TO PROPERTY,STREET,false,false,1633,,38,,14,1139092,1922158,,41.942519474,-87.764182037
,HS392320,06/16/2010 11:00:00 PM,035XX N CLARK ST,1152,DECEPTIVE PRACTICE,ILLEGAL USE CASH CARD,RESIDENCE,false,false,1923,,44,,11,1168601,1923699,,41.946159169,-87.655678044
,HS392050,06/16/2010 02:00:00 PM,041XX W CONGRESS PKWY,0890,THEFT,FROM BUILDING,RESIDENCE,false,false,1132,,24,,06,1148939,1897371,,41.874316377,-87.728631664
,HS394771,06/16/2010 10:00:00 AM,012XX S WABASH AVE,1122,DECEPTIVE PRACTICE,COUNTERFEIT CHECK,BANK,false,false,0132,,2,,10,1176963,1894850,,41.866810739,-87.625817031
,HS386529,06/16/2010 08:00:00 AM,002XX E PERSHING RD,0810,THEFT,OVER $500,"SCHOOL, PUBLIC, BUILDING",false,false,0211,,3,,06,1178744,1879190,,41.823798151,-87.619756522
,HS397593,06/16/2010 10:00:00 AM,022XX N LA CROSSE AVE,0910,MOTOR VEHICLE THEFT,AUTOMOBILE,STREET,false,false,2522,,31,,07,1143697,1914357,,41.921027621,-87.747452256
,HS363620,06/16/2010 09:45:00 PM,043XX W DIVERSEY AVE,1811,NARCOTICS,POSS: CANNABIS 30GMS OR LESS,SIDEWALK,true,false,2523,,31,,18,1147153,1918266,,41.931688788,-87.734653716
,HS399040,06/16/2010 12:00:00 PM,014XX N BOSWORTH AVE,2825,OTHER OFFENSE,HARASSMENT BY TELEPHONE,RESIDENCE,false,false,1433,,1,,26,1165795,1909703,,41.907813761,-87.666392077
,HS362915,06/16/2010 03:00:00 PM,034XX W MONROE ST,2092,NARCOTICS,SOLICIT NARCOTICS ON PUBLICWAY,SIDEWALK,true,false,1123,,28,,26,1153552,1899323,,41.879582441,-87.711642782
,HS399920,06/16/2010 09:00:00 AM,069XX S OAKLEY AVE,1150,DECEPTIVE PRACTICE,CREDIT CARD FRAUD,OTHER,false,false,0832,,17,,11,1162263,1858624,,41.767722126,-87.680792241
,HS401087,06/16/2010 09:00:00 PM,049XX N KOLMAR AVE,1751,OFFENSE INVOLVING CHILDREN,CRIM SEX ABUSE BY FAM MEMBER,APARTMENT,false,false,1712,,39,,20,1144527,1932653,,41.971217868,-87.743940357
,HS407373,06/16/2010 10:00:00 AM,011XX N DAMEN AVE,0910,MOTOR VEHICLE THEFT,AUTOMOBILE,STREET,false,false,1312,,32,,07,1162867,1907414,,41.901594544,-87.677212289
,HS408220,06/16/2010 03:00:00 PM,030XX W FARGO AVE,0820,THEFT,$500 AND UNDER,RESIDENTIAL YARD (FRONT/BACK),false,false,2411,,50,,06,1154885,1949222,,42.016482113,-87.705405861
,HS363539,06/16/2010 07:27:00 PM,042XX W 47TH ST,2210,LIQUOR LAW VIOLATION,SELL/GIVE/DEL LIQUOR TO MINOR,RESTAURANT,true,false,0815,,23,,22,1148601,1873123,,41.807783187,-87.730497531
,HS363476,06/16/2010 10:00:00 AM,068XX S DORCHESTER AVE,1310,CRIMINAL DAMAGE,TO PROPERTY,APARTMENT,false,false,0321,,5,,14,1186717,1859996,,41.770942948,-87.591114787
,HS408611,06/16/2010 03:00:00 PM,093XX S MAY ST,0820,THEFT,$500 AND UNDER,STREET,false,false,2222,,21,,06,1170297,1842811,,41.724158078,-87.651803103
,HS362397,06/16/2010 10:12:00 AM,039XX S DREXEL BLVD,1310,CRIMINAL DAMAGE,TO PROPERTY,APARTMENT,false,false,2122,,4,,14,1182569,1878613,,41.82212679,-87.60574203
,HS362511,06/16/2010 11:10:00 AM,044XX N SPRINGFIELD AVE,0320,ROBBERY,STRONGARM - NO WEAPON,SIDEWALK,false,false,1723,,39,,03,1149590,1929328,,41.961996747,-87.725409734
,HS363274,06/16/2010 05:35:00 PM,039XX W GRENSHAW ST,2024,NARCOTICS,POSS: HEROIN(WHITE),VACANT LOT/LAND,true,false,1132,,24,,18,1150266,1894750,,41.867098294,-87.723827808
,HS364555,06/16/2010 07:00:00 PM,021XX W CRYSTAL ST,0810,THEFT,OVER $500,CHURCH/SYNAGOGUE/PLACE OF WORSHIP,false,false,1424,,32,,06,1161921,1908306,,41.904062062,-87.680662123
,HS363538,06/16/2010 07:00:00 PM,038XX W 47TH ST,2210,LIQUOR LAW VIOLATION,SELL/GIVE/DEL LIQUOR TO MINOR,TAVERN/LIQUOR STORE,true,false,0821,,14,,22,1151702,1873198,,41.807928746,-87.71912179
,HS362541,06/16/2010 11:35:00 AM,011XX S WHIPPLE ST,2024,NARCOTICS,POSS: HEROIN(WHITE),SIDEWALK,true,false,1134,,28,,18,1156201,1894923,,41.867455324,-87.702034833
,HS362857,06/16/2010 02:57:00 PM,001XX S SPRINGFIELD AVE,2027,NARCOTICS,POSS: CRACK,SIDEWALK,true,false,1122,,28,,18,1150408,1899283,,41.879534592,-87.723188209
,HS362431,06/16/2010 10:00:00 AM,005XX N CENTRAL PARK AVE,1811,NARCOTICS,POSS: CANNABIS 30GMS OR LESS,ALLEY,true,false,1122,,27,,18,1152285,1903502,,41.891075142,-87.716184693
,HS419066,06/16/2010 08:00:00 AM,005XX W OHARE ST,0910,MOTOR VEHICLE THEFT,AUTOMOBILE,AIRPORT VENDING ESTABLISHMENT,true,false,1654,,41,,07,1106851,1936729,,41.983030629,-87.882404127
,HS423936,06/16/2010 12:00:00 AM,042XX W MONROE ST,1750,OFFENSE INVOLVING CHILDREN,CHILD ABUSE,RESIDENCE,false,true,1115,,28,,20,1148184,1899325,,41.879692941,-87.731353391
,HS424162,06/16/2010 11:00:00 AM,030XX N HONORE ST,1150,DECEPTIVE PRACTICE,CREDIT CARD FRAUD,RESIDENCE,false,false,1931,,32,,11,1163579,1920428,,41.937290835,-87.674229648
,HS434375,06/16/2010 04:00:00 PM,042XX W ARMITAGE AVE,0820,THEFT,$500 AND UNDER,VEHICLE NON-COMMERCIAL,false,false,2522,,30,,06,1147954,1912954,,41.91709678,-87.731847071
,HS363372,06/16/2010 06:55:00 PM,113XX S CHURCH ST,0460,BATTERY,SIMPLE,RESIDENTIAL YARD (FRONT/BACK),false,false,2212,,19,,08B,1166205,1829731,,41.688352347,-87.667162631
,HS455267,06/16/2010 12:01:00 AM,019XX S ASHLAND AVE,1150,DECEPTIVE PRACTICE,CREDIT CARD FRAUD,OTHER,false,false,1222,,25,,11,1166026,1890714,,41.855701524,-87.666085852
,HS456629,06/16/2010 02:08:00 PM,057XX S ROCKWELL ST,0460,BATTERY,SIMPLE,STREET,false,false,0824,,16,,08B,1160017,1866608,,41.789677808,-87.688805538
,HS458565,06/16/2010 09:00:00 AM,021XX S MICHIGAN AVE,0840,THEFT,FINANCIAL ID THEFT: OVER $300,RESIDENCE,false,false,0134,,2,,06,1177540,1890161,,41.853930752,-87.623841071
,HS386673,06/16/2010 03:00:00 PM,005XX E 105TH PL,1790,OFFENSE INVOLVING CHILDREN,CHILD ABDUCTION,RESIDENCE,false,false,0512,,9,,20,1181966,1835128,,41.702813495,-87.609296885
,HS466756,06/16/2010 12:00:00 PM,055XX S BISHOP ST,0610,BURGLARY,FORCIBLE ENTRY,ABANDONED BUILDING,false,false,0713,,16,,05,1167612,1867907,,41.793082799,-87.660919654
,HS467131,06/16/2010 12:00:00 PM,024XX W WARREN BLVD,0560,ASSAULT,SIMPLE,APARTMENT,false,false,1332,,2,,08A,1160207,1900283,,41.882081883,-87.687180019
,HS489048,06/16/2010 11:30:00 PM,101XX S LAFAYETTE AVE,2820,OTHER OFFENSE,TELEPHONE THREAT,RESIDENCE,false,false,0511,,9,,26,1177713,1837699,,41.709965741,-87.624792761
,HS490133,06/16/2010 02:00:00 PM,014XX N CENTRAL PARK AVE,2825,OTHER OFFENSE,HARASSMENT BY TELEPHONE,APARTMENT,false,true,2535,,26,,26,1152095,1909500,,41.907537986,-87.716724153
,HS502616,06/16/2010 12:00:00 PM,114XX S EMERALD AVE,1310,CRIMINAL DAMAGE,TO PROPERTY,RESIDENCE-GARAGE,false,false,2233,,34,,14,1173361,1829085,,41.686424778,-87.640984014
,HS520308,06/16/2010 12:01:00 AM,011XX W PRATT BLVD,0810,THEFT,OVER $500,RESIDENCE,false,false,2432,,49,,06,1167298,1945335,,42.005557173,-87.659842175
,HS529470,06/16/2010 07:00:00 AM,073XX S UNION AVE,0620,BURGLARY,UNLAWFUL ENTRY,APARTMENT,false,false,0732,,17,,05,1172906,1856115,,41.760608928,-87.641854857
,HS532231,06/16/2010 06:00:00 PM,057XX W RACE AVE,0460,BATTERY,SIMPLE,APARTMENT,false,true,1512,,29,,08B,1138093,1903043,,41.890083865,-87.76831674
,HS418951,06/16/2010 09:00:00 AM,049XX W WABANSIA AVE,0840,THEFT,FINANCIAL ID THEFT: OVER $300,RESIDENCE,false,false,2533,,37,,06,1142972,1910845,,41.911403881,-87.750203842
,HS362545,06/16/2010 11:30:00 AM,062XX S EVANS AVE,0486,BATTERY,DOMESTIC BATTERY SIMPLE,SIDEWALK,false,true,0313,,20,,08B,1182295,1863729,,41.78129023,-87.607208473
,HS363708,06/16/2010 10:20:00 PM,115XX S HALSTED ST,0860,THEFT,RETAIL THEFT,GAS STATION,false,false,0524,,34,,06,1173048,1828494,,41.684809877,-87.642147208
,HS362734,06/16/2010 12:37:14 PM,091XX S ASHLAND AVE,1310,CRIMINAL DAMAGE,TO PROPERTY,RESIDENCE,false,false,2221,,21,,14,1167277,1844069,,41.727675299,-87.662829385
,HS362783,06/16/2010 01:45:00 PM,026XX N SPAULDING AVE,0486,BATTERY,DOMESTIC BATTERY SIMPLE,APARTMENT,false,true,1412,,35,,08B,1153629,1917365,,41.929089819,-87.710879344
,HS631133,06/16/2010 09:00:00 AM,100XX S WOODLAWN AVE,0560,ASSAULT,SIMPLE,CONSTRUCTION SITE,false,true,0511,,8,,08A,1186531,1838828,,41.7128602,-87.592464611
,HS362916,06/16/2010 03:03:00 PM,002XX E 37TH ST,0560,ASSAULT,SIMPLE,"SCHOOL, PUBLIC, BUILDING",false,false,0211,,3,,08A,1178665,1880515,,41.827435856,-87.620005983
,HS363517,06/16/2010 06:30:00 PM,023XX W 103RD ST,0820,THEFT,$500 AND UNDER,STREET,false,false,2212,,19,,06,1162762,1836280,,41.706396318,-87.679585308
,HT103630,06/16/2010 11:00:00 AM,098XX S EXCHANGE AVE,0890,THEFT,FROM BUILDING,"SCHOOL, PUBLIC, BUILDING",false,false,0431,,10,,06,1197465,1840300,,41.716634354,-87.552372642
,HS362168,06/16/2010 06:39:23 AM,030XX W JACKSON BLVD,0820,THEFT,$500 AND UNDER,OTHER,false,false,1124,,28,,06,1155939,1898528,,41.877353099,-87.702899477
,HS362718,06/16/2010 01:20:00 PM,019XX E 79TH ST,0460,BATTERY,SIMPLE,SIDEWALK,false,false,0414,,8,,08B,1190419,1852974,,41.751585523,-87.577770931
,HT173459,06/16/2010 12:01:00 AM,066XX W ALBION AVE,1110,DECEPTIVE PRACTICE,BOGUS CHECK,RESIDENCE,false,false,1611,,41,,11,1130654,1943399,,42.000956462,-87.794705305
,HT186668,06/16/2010 12:00:00 PM,098XX S HOYNE AVE,1120,DECEPTIVE PRACTICE,FORGERY,RESIDENCE,false,true,2213,,19,,10,1164097,1839352,,41.714798479,-87.674610512
,HT210599,06/16/2010 08:00:00 AM,057XX N LINCOLN AVE,0840,THEFT,FINANCIAL ID THEFT: OVER $300,OTHER,false,false,2011,,40,,06,1156099,1938389,,41.986731401,-87.701232956
,HS363234,06/16/2010 05:34:00 PM,077XX S LOOMIS BLVD,0486,BATTERY,DOMESTIC BATTERY SIMPLE,STREET,false,false,0612,,17,,08B,1168343,1853346,,41.753109854,-87.658658021
,HS363519,06/16/2010 08:12:15 PM,087XX S ADA ST,1310,CRIMINAL DAMAGE,TO PROPERTY,STREET,false,false,2222,,21,,14,1168855,1846844,,41.735256427,-87.656969022
,HV177860,06/16/2010 02:00:00 PM,037XX N MARSHFIELD AVE,0820,THEFT,$500 AND UNDER,STREET,false,false,1923,,47,,06,1164659,1924796,,41.949253998,-87.670136283
,HV205076,06/16/2010 02:00:00 AM,047XX N WHIPPLE ST,0266,CRIM SEXUAL ASSAULT,PREDATORY,RESIDENCE PORCH/HALLWAY,true,false,1713,,33,,02,1155187,1931363,,41.9674701,-87.704776925
,HV336036,06/16/2010 03:00:00 PM,072XX N OAKLEY AVE,0841,THEFT,FINANCIAL ID THEFT:$300 &UNDER,RESIDENCE,false,false,2411,,49,,06,1159747,1947917,,42.012801892,-87.687551278
