ID,Case Number,Date,Block,IUCR,Primary Type,Description,Location Description,Arrest,Domestic,Beat,District,Ward,Community Area,FBI Code,X Coordinate,Y Coordinate,Updated On,Latitude,Longitude
8790778,HV464761,09/07/2012 12:05:00 AM,021XX N LAWNDALE AVE,1811,NARCOTICS,POSS: CANNABIS 30GMS OR LESS,SIDEWALK,true,false,2525,025,26,22,18,1151368,1913785,02/04/2016 06:33:39 AM,41.91931073,-87.719282076
8790795,HV464769,09/07/2012 01:10:00 AM,033XX W 31ST ST,0460,BATTERY,SIMPLE,SIDEWALK,false,false,1032,010,22,30,08B,1154402,1883869,02/04/2016 06:33:39 AM,41.837157983,-87.70893436
8790796,HV464752,09/07/2012 12:15:00 AM,012XX W 71ST PL,031A,ROBBERY,ARMED: HANDGUN,VEHICLE NON-COMMERCIAL,false,false,0734,007,17,67,03,1169076,1857364,02/04/2016 06:33:39 AM,41.764119971,-87.6558559
8791110,HV464964,09/07/2012 08:09:00 AM,050XX S ASHLAND AVE,1512,PROSTITUTION,SOLICIT FOR PROSTITUTE,STREET,true,false,0931,009,16,61,16,1166529,1871235,02/04/2016 06:33:39 AM,41.802238401,-87.664795994
8791485,HV465084,09/07/2012 09:53:00 AM,008XX E 133RD ST,0460,BATTERY,SIMPLE,"SCHOOL, PUBLIC, BUILDING",true,false,0533,005,9,54,08B,1184098,1817514,02/04/2016 06:33:39 AM,41.654428792,-87.602037533
8791509,HV465197,09/07/2012 09:00:00 AM,019XX W LAWRENCE AVE,0460,BATTERY,SIMPLE,TAXICAB,true,false,2032,020,47,4,08B,1162852,1931901,02/04/2016 06:33:39 AM,41.968788631,-87.676578363
8791516,HV465214,09/07/2012 11:25:00 AM,0000X W 87TH ST,1210,DECEPTIVE PRACTICE,THEFT OF LABOR/SERVICES,CTA PLATFORM,true,false,0634,006,21,44,11,1177549,1847286,02/04/2016 06:33:39 AM,41.736277427,-87.62510451
8791520,HV464839,09/07/2012 03:15:00 AM,013XX W ROSEMONT AVE,1310,CRIMINAL DAMAGE,TO PROPERTY,APARTMENT,false,true,2433,024,40,77,14,1166302,1941970,02/04/2016 06:33:39 AM,41.996344987,-87.663603366
8791924,HV465673,09/07/2012 04:50:00 PM,008XX S KEDVALE AVE,1310,CRIMINAL DAMAGE,TO PROPERTY,APARTMENT,false,true,1132,011,24,26,14,1148848,1896008,02/04/2016 06:33:39 AM,41.870577905,-87.729001011
8791926,HV465608,09/07/2012 04:35:00 PM,043XX N KENMORE AVE,0810,THEFT,OVER $500,RESIDENTIAL YARD (FRONT/BACK),true,false,1915,019,46,3,06,1168391,1928890,02/04/2016 06:33:39 AM,41.960408028,-87.656299197
8792289,HV466077,09/07/2012 10:10:00 PM,046XX W MC LEAN AVE,2022,NARCOTICS,POSS: COCAINE,STREET,true,false,2522,025,31,19,18,1144978,1913218,02/04/2016 06:33:39 AM,41.917877978,-87.742774337
8792306,HV466010,09/07/2012 07:45:00 PM,063XX S STATE ST,1320,CRIMINAL DAMAGE,TO VEHICLE,STREET,false,false,0312,003,20,69,14,1177344,1863145,02/04/2016 06:33:39 AM,41.779800967,-87.625377411
8792320,HV466143,09/07/2012 05:00:00 PM,060XX S NAGLE AVE,2820,OTHER OFFENSE,TELEPHONE THREAT,RESIDENCE,false,true,0812,008,23,64,26,1134435,1863887,02/04/2016 06:33:39 AM,41.782698865,-87.782672673
8792322,HV465993,09/07/2012 01:00:00 PM,083XX S MACKINAW AVE,0560,ASSAULT,SIMPLE,"SCHOOL, PUBLIC, GROUNDS",false,false,0424,004,10,46,08A,1199921,1850307,02/04/2016 06:33:39 AM,41.74403284,-87.543041152
8792355,HV466183,09/07/2012 11:30:00 PM,018XX W 37TH ST,502P,OTHER OFFENSE,FALSE/STOLEN/ALTERED TRP,SIDEWALK,true,false,0912,009,11,59,26,1164545,1880163,02/04/2016 06:33:39 AM,41.826779966,-87.671820105
8792368,HV465766,09/07/2012 05:00:00 PM,059XX W CORCORAN PL,0910,MOTOR VEHICLE THEFT,AUTOMOBILE,STREET,false,false,1512,015,29,25,07,1136994,1901961,02/04/2016 06:33:39 AM,41.887134504,-87.772378808
8796405,HV469650,09/07/2012 05:00:00 AM,068XX S PRAIRIE AVE,0486,BATTERY,DOMESTIC BATTERY SIMPLE,RESIDENCE,false,true,0322,003,20,69,08B,1179218,1859816,02/04/2016 06:33:39 AM,41.770623308,-87.618608559
8790747,HV464729,09/07/2012 12:01:00 AM,007XX W JACKSON BLVD,0870,THEFT,POCKET-PICKING,CTA PLATFORM,false,false,1213,012,2,28,06,1171570,1898872,02/10/2018 03:50:01 PM,41.877967656,-87.64549689
8790751,HV464735,09/07/2012 12:25:00 AM,025XX S WHIPPLE ST,0486,BATTERY,DOMESTIC BATTERY SIMPLE,SIDEWALK,true,true,1033,010,12,30,08B,1156432,1887021,02/10/2018 03:50:01 PM,41.845766704,-87.701400298
8790754,HV464726,09/07/2012 12:02:00 AM,016XX W HOWARD ST,2027,NARCOTICS,POSS: CRACK,PARK PROPERTY,true,false,2422,024,49,1,18,1164177,1950345,02/10/2018 03:50:01 PM,42.019371503,-87.671181992
8790755,HV464751,09/07/2012 12:39:00 AM,066XX S BELL AVE,1330,CRIMINAL TRESPASS,TO LAND,RESIDENTIAL YARD (FRONT/BACK),true,false,0832,008,15,66,26,1162546,1860612,02/10/2018 03:50:01 PM,41.773171579,-87.679699536
8790770,HV464759,09/07/2012 01:10:00 AM,008XX W 122ND ST,2027,NARCOTICS,POSS: CRACK,SIDEWALK,true,false,0524,005,34,53,18,1172963,1823950,02/10/2018 03:50:01 PM,41.672342273,-87.642591725
8790786,HV464740,09/07/2012 12:40:00 AM,048XX N RIDGEWAY AVE,4387,OTHER OFFENSE,VIOLATE ORDER OF PROTECTION,APARTMENT,true,true,1712,017,39,14,26,1150519,1931801,02/10/2018 03:50:01 PM,41.968764691,-87.721929286
8790792,HV464775,09/07/2012 01:00:00 AM,006XX N LAKE SHORE DR,0460,BATTERY,SIMPLE,TAXICAB,false,false,1834,018,42,8,08B,1179651,1905033,02/10/2018 03:50:01 PM,41.894692183,-87.615636574
8790793,HV464762,09/07/2012 12:45:00 AM,008XX N STATE ST,1210,DECEPTIVE PRACTICE,THEFT OF LABOR/SERVICES,CTA PLATFORM,true,false,1832,018,42,8,11,1176223,1905805,02/10/2018 03:50:01 PM,41.896888586,-87.628203192
8790797,HV464763,09/07/2012 01:00:00 AM,015XX S CHRISTIANA AVE,1310,CRIMINAL DAMAGE,TO PROPERTY,APARTMENT,false,true,1021,010,24,29,14,1154285,1892188,02/10/2018 03:50:01 PM,41.859988632,-87.709141806
8790798,HV464768,09/07/2012 12:30:00 AM,025XX W MOFFAT ST,0486,BATTERY,DOMESTIC BATTERY SIMPLE,APARTMENT,true,true,1434,014,1,22,08B,1159209,1912209,02/10/2018 03:50:01 PM,41.91482839,-87.690516553
8790799,HV464748,09/07/2012 12:30:00 AM,074XX S STEWART AVE,0560,ASSAULT,SIMPLE,APARTMENT,false,true,0732,007,17,69,08A,1174912,1855659,02/10/2018 03:50:01 PM,41.759313126,-87.634516391
8790802,HV464719,09/07/2012 12:10:00 AM,002XX N PINE AVE,031A,ROBBERY,ARMED: HANDGUN,SIDEWALK,false,false,1523,015,28,25,03,1139459,1901136,02/10/2018 03:50:01 PM,41.884826024,-87.763346613
8790805,HV464781,09/07/2012 01:40:00 AM,003XX S KILPATRICK AVE,0486,BATTERY,DOMESTIC BATTERY SIMPLE,APARTMENT,false,true,1131,011,24,25,08B,1145110,1898039,02/10/2018 03:50:01 PM,41.876222614,-87.742673299
8790811,HV464780,09/07/2012 01:45:00 AM,025XX W FLOURNOY ST,0486,BATTERY,DOMESTIC BATTERY SIMPLE,APARTMENT,false,true,1135,011,2,28,08B,1159675,1896951,02/10/2018 03:50:01 PM,41.872949539,-87.689225343
8790817,HV464805,09/07/2012 12:30:00 AM,052XX S KENWOOD AVE,0810,THEFT,OVER $500,VEHICLE NON-COMMERCIAL,false,false,0234,002,4,41,06,1186020,1870781,02/10/2018 03:50:01 PM,41.800554348,-87.593329445
8790819,HV464792,09/07/2012 01:53:00 AM,015XX S DRAKE AVE,0810,THEFT,OVER $500,APARTMENT,false,true,1021,010,24,29,06,1152955,1892266,02/10/2018 03:50:01 PM,41.860229103,-87.71402184
8790822,HV464778,09/07/2012 01:30:00 AM,024XX N MILWAUKEE AVE,1305,CRIMINAL DAMAGE,CRIMINAL DEFACEMENT,SIDEWALK,true,false,1414,014,35,22,14,1155813,1916363,02/10/2018 03:50:01 PM,41.926296467,-87.702880861
8790824,HV464771,09/07/2012 12:27:00 AM,019XX N WOOD ST,0850,THEFT,ATTEMPT THEFT,STREET,true,false,1433,014,32,22,06,1164041,1913039,02/10/2018 03:50:01 PM,41.917005213,-87.67274094
8790827,HV464779,09/07/2012 01:45:00 AM,055XX W NORTH AVE,0486,BATTERY,DOMESTIC BATTERY SIMPLE,APARTMENT,false,true,2532,025,37,25,08B,1139073,1910085,02/10/2018 03:50:01 PM,41.909390201,-87.76454622
8790829,HV464796,09/07/2012 01:56:00 AM,0000X W HUBBARD ST,0460,BATTERY,SIMPLE,BAR OR TAVERN,false,false,1831,018,42,8,08B,1175699,1903302,02/10/2018 03:50:01 PM,41.890032024,-87.630203077
8790830,HV464791,09/07/2012 01:45:00 AM,032XX W DIVERSEY AVE,0860,THEFT,RETAIL THEFT,GROCERY FOOD STORE,false,false,1412,014,35,22,06,1154478,1918443,02/10/2018 03:50:01 PM,41.93203098,-87.707730613
8790831,HV464806,09/07/2012 02:40:00 AM,048XX W JACKSON BLVD,1661,GAMBLING,GAME/DICE,SIDEWALK,true,false,1533,015,28,25,19,1144122,1898232,02/10/2018 03:50:01 PM,41.87677083,-87.746296094
8790834,HV464758,09/07/2012 12:45:00 AM,033XX S MICHIGAN AVE,0820,THEFT,$500 AND UNDER,"SCHOOL, PUBLIC, GROUNDS",true,false,0211,002,3,35,06,1177741,1882990,02/10/2018 03:50:01 PM,41.834248453,-87.623320927
8790836,HV464789,09/07/2012 01:55:00 AM,071XX S SPRINGFIELD AVE,1310,CRIMINAL DAMAGE,TO PROPERTY,RESIDENCE,false,false,0833,008,13,65,14,1151599,1856989,02/10/2018 03:50:01 PM,41.763450783,-87.719923707
8790838,HV464737,09/07/2012 12:40:00 AM,014XX S SPAULDING AVE,041A,BATTERY,AGGRAVATED: HANDGUN,APARTMENT,true,false,1022,010,24,29,04B,1154596,1892948,02/10/2018 03:50:01 PM,41.862067946,-87.707979883
8790839,HV464808,09/07/2012 02:10:00 AM,013XX N MILWAUKEE AVE,1310,CRIMINAL DAMAGE,TO PROPERTY,BAR OR TAVERN,true,false,1424,014,1,24,14,1164335,1909299,02/10/2018 03:50:01 PM,41.906736182,-87.671766774
8790840,HV464818,09/07/2012 02:05:00 AM,055XX S TROY ST,0313,ROBBERY,ARMED: OTHER DANGEROUS WEAPON,ALLEY,false,false,0824,008,14,63,03,1156325,1867693,02/10/2018 03:50:01 PM,41.792730356,-87.702313896
8790841,HV464814,09/07/2012 02:30:00 AM,057XX W RACE AVE,0486,BATTERY,DOMESTIC BATTERY SIMPLE,RESIDENCE,false,true,1512,015,29,25,08B,1138074,1903043,02/10/2018 03:50:01 PM,41.890084208,-87.768386518
8790844,HV464804,09/07/2012 02:26:00 AM,052XX S CALIFORNIA AVE,2022,NARCOTICS,POSS: COCAINE,STREET,true,false,0923,009,14,63,18,1158593,1869888,02/10/2018 03:50:01 PM,41.798707749,-87.6939375
8790848,HV464811,09/07/2012 01:50:00 AM,004XX N WALLER AVE,0486,BATTERY,DOMESTIC BATTERY SIMPLE,APARTMENT,true,true,1512,015,29,25,08B,1138268,1902322,02/10/2018 03:50:01 PM,41.888102185,-87.767691506
8790849,HV464812,09/07/2012 02:48:00 AM,028XX N KILDARE AVE,502P,OTHER OFFENSE,FALSE/STOLEN/ALTERED TRP,STREET,false,false,2523,025,31,20,26,1147232,1918443,02/10/2018 03:50:01 PM,41.932172978,-87.734358857
8790850,HV464827,09/07/2012 02:40:00 AM,005XX N WALLER AVE,0460,BATTERY,SIMPLE,STREET,true,false,1512,015,29,25,08B,1138251,1902821,02/10/2018 03:50:01 PM,41.889471812,-87.767741858
8790852,HV464824,09/07/2012 03:00:00 AM,029XX N NARRAGANSETT AVE,1330,CRIMINAL TRESPASS,TO LAND,RESIDENCE-GARAGE,true,false,2511,025,36,19,26,1133237,1918919,02/10/2018 03:50:01 PM,41.933735954,-87.785778278
8790853,HV464810,09/07/2012 02:20:00 AM,135XX S BUFFALO AVE,0560,ASSAULT,SIMPLE,STREET,true,false,0433,004,10,55,08A,1200107,1815884,02/10/2018 03:50:01 PM,41.64956827,-87.543516242
8790854,HV464813,09/07/2012 02:30:00 AM,047XX S CHRISTIANA AVE,1320,CRIMINAL DAMAGE,TO VEHICLE,PARKING LOT/GARAGE(NON.RESID.),true,false,0821,008,14,58,14,1154830,1873155,02/10/2018 03:50:01 PM,41.807748831,-87.707650133
8790855,HV464764,09/07/2012 01:03:00 AM,102XX S AVENUE O,031A,ROBBERY,ARMED: HANDGUN,STREET,false,false,0432,004,10,52,03,1200847,1837831,02/10/2018 03:50:01 PM,41.709774366,-87.540069549
8790860,HV464793,09/07/2012 01:33:00 AM,062XX S WOOD ST,143A,WEAPONS VIOLATION,UNLAWFUL POSS OF HANDGUN,STREET,true,false,0714,007,15,67,15,1165417,1863395,02/10/2018 03:50:01 PM,41.780748135,-87.669096316
8790865,HV464819,09/07/2012 02:01:00 AM,051XX W MADISON ST,5007,OTHER OFFENSE,OTHER WEAPONS VIOLATION,GAS STATION,true,false,1533,015,28,25,26,1142285,1899542,02/10/2018 03:50:01 PM,41.880399914,-87.753008553
8790866,HV464835,09/07/2012 04:00:00 AM,013XX S SAWYER AVE,0486,BATTERY,DOMESTIC BATTERY SIMPLE,APARTMENT,true,true,1022,010,24,29,08B,1154907,1893657,02/10/2018 03:50:01 PM,41.864007298,-87.706819251
8790868,HV464830,09/07/2012 03:20:00 AM,046XX N CLIFTON AVE,0486,BATTERY,DOMESTIC BATTERY SIMPLE,APARTMENT,true,true,1913,019,46,3,08B,1167678,1930890,02/10/2018 03:50:01 PM,41.965911528,-87.65886264
8790869,HV464828,09/07/2012 03:35:00 AM,024XX N SHEFFIELD AVE,0460,BATTERY,SIMPLE,STREET,false,false,1932,019,43,7,08B,1169221,1916218,02/10/2018 03:50:01 PM,41.925617492,-87.653617159
8790870,HV464838,09/07/2012 04:05:00 AM,015XX W WRIGHTWOOD AVE,1310,CRIMINAL DAMAGE,TO PROPERTY,RESIDENCE,false,false,1932,019,32,7,14,1165658,1917350,02/10/2018 03:50:01 PM,41.928800521,-87.666676974
8790871,HV464800,09/07/2012 02:05:00 AM,045XX N DAMEN AVE,0486,BATTERY,DOMESTIC BATTERY SIMPLE,APARTMENT,true,true,1911,019,47,4,08B,1162194,1930120,02/10/2018 03:50:01 PM,41.963915302,-87.679047815
8790872,HV464843,09/07/2012 03:58:00 AM,054XX W BELMONT AVE,1822,NARCOTICS,MANU/DEL:CANNABIS OVER 10 GMS,PARKING LOT/GARAGE(NON.RESID.),true,false,1633,016,38,15,18,1139722,1920746,02/10/2018 03:50:01 PM,41.938633302,-87.761901059
8790874,HV464836,09/07/2012 03:15:00 AM,093XX S ESCANABA AVE,143A,WEAPONS VIOLATION,UNLAWFUL POSS OF HANDGUN,ALLEY,true,false,0423,004,10,48,15,1197016,1843559,02/10/2018 03:50:01 PM,41.7255885,-87.553909021
8790876,HV464848,09/07/2012 04:20:00 AM,018XX N MOHAWK ST,1360,CRIMINAL TRESPASS,TO VEHICLE,ALLEY,true,false,1813,018,43,7,26,1172314,1912544,02/10/2018 03:50:01 PM,41.915468023,-87.642360826
8790877,HV464821,09/07/2012 02:50:00 AM,056XX N SPAULDING AVE,0650,BURGLARY,HOME INVASION,APARTMENT,false,false,1711,017,39,13,05,1153356,1937461,02/10/2018 03:50:01 PM,41.984240028,-87.711346552
8790880,HV464855,09/07/2012 04:30:00 AM,005XX S LARAMIE AVE,051A,ASSAULT,AGGRAVATED: HANDGUN,APARTMENT,true,true,1522,015,29,25,04A,1141808,1897058,02/10/2018 03:50:01 PM,41.87359234,-87.754821551
8790881,HV464743,09/07/2012 12:10:00 AM,049XX W WASHINGTON BLVD,0650,BURGLARY,HOME INVASION,APARTMENT,false,false,1532,015,28,25,05,1143397,1900049,02/10/2018 03:50:01 PM,41.881770478,-87.748912673
8790882,HV464837,09/07/2012 04:15:00 AM,003XX N LOTUS AVE,0560,ASSAULT,SIMPLE,APARTMENT,false,true,1523,015,28,25,08A,1139890,1901675,02/10/2018 03:50:01 PM,41.886297242,-87.761750709
8790883,HV464744,09/07/2012 12:30:00 AM,080XX S EXCHANGE AVE,0460,BATTERY,SIMPLE,SIDEWALK,false,false,0422,004,7,46,08B,1197222,1852400,02/10/2018 03:50:01 PM,41.749843782,-87.55286076
8790884,HV464864,09/07/2012 05:50:00 AM,117XX S BISHOP ST,1310,CRIMINAL DAMAGE,TO PROPERTY,RESIDENCE,false,false,0524,005,34,53,14,1168779,1826835,02/10/2018 03:50:01 PM,41.680350226,-87.657822501
8790887,HV464786,09/07/2012 01:00:00 AM,075XX S COLFAX AVE,0486,BATTERY,DOMESTIC BATTERY SIMPLE,APARTMENT,false,true,0421,004,7,43,08B,1194835,1855450,02/10/2018 03:50:01 PM,41.7582723,-87.561507298
8790888,HV464858,09/07/2012 05:20:00 AM,008XX E 63RD ST,0890,THEFT,FROM BUILDING,OTHER,false,false,0313,003,20,42,06,1183298,1863428,02/10/2018 03:50:01 PM,41.780440958,-87.603540663
8790894,HV464852,09/07/2012 05:25:00 AM,096XX S COLFAX AVE,502R,OTHER OFFENSE,VEHICLE TITLE/REG OFFENSE,STREET,false,false,0431,004,7,51,26,1195308,1841446,02/10/2018 03:50:01 PM,41.719832504,-87.560234883
8790897,HV464850,09/07/2012 05:12:00 AM,025XX E 90TH ST,502R,OTHER OFFENSE,VEHICLE TITLE/REG OFFENSE,STREET,false,false,0423,004,7,48,26,1194819,1845792,02/10/2018 03:50:01 PM,41.731770357,-87.561883262
8790901,HV464865,09/07/2012 05:30:00 AM,076XX S CLYDE AVE,0820,THEFT,$500 AND UNDER,STREET,false,false,0414,004,8,43,06,1191529,1854756,02/10/2018 03:50:01 PM,41.756448661,-87.573645716
8790907,HV464876,09/07/2012 06:45:00 AM,053XX S MENARD AVE,0486,BATTERY,DOMESTIC BATTERY SIMPLE,APARTMENT,false,true,0811,008,23,56,08B,1138602,1868660,02/10/2018 03:50:01 PM,41.795722568,-87.767279657
8790911,HV464862,09/07/2012 03:58:00 AM,012XX N STATE PKWY,0484,BATTERY,PRO EMP HANDS NO/MIN INJURY,ALLEY,false,false,1824,018,42,8,08B,1176057,1908832,02/10/2018 03:50:01 PM,41.905198561,-87.628721563
8790912,HV464801,09/07/2012 01:43:00 AM,075XX S MICHIGAN AVE,0550,ASSAULT,AGGRAVATED PO: HANDGUN,ALLEY,true,false,0623,006,6,69,04A,1178465,1854954,02/10/2018 03:50:01 PM,41.757298587,-87.621516226
8790980,HV464918,09/07/2012 12:30:00 AM,053XX S KENNETH AVE,1320,CRIMINAL DAMAGE,TO VEHICLE,OTHER,false,false,0815,008,23,62,14,1147598,1868995,02/10/2018 03:50:01 PM,41.796474571,-87.734281839
8790992,HV464891,09/07/2012 07:05:00 AM,067XX S MARSHFIELD AVE,0810,THEFT,OVER $500,STREET,false,false,0725,007,15,67,06,1166504,1859986,02/10/2018 03:50:01 PM,41.771370289,-87.665208261
8791015,HV464881,09/07/2012 06:45:00 AM,016XX N WESTERN AVE,0460,BATTERY,SIMPLE,GAS STATION,false,false,1434,014,1,24,08B,1160114,1910738,02/10/2018 03:50:01 PM,41.910773194,-87.687232407
8791016,HV464933,09/07/2012 12:00:00 AM,046XX S WHIPPLE ST,1320,CRIMINAL DAMAGE,TO VEHICLE,STREET,false,false,0922,009,14,58,14,1156814,1873824,02/10/2018 03:50:01 PM,41.80954479,-87.700355224
8791024,HV464944,09/07/2012 12:15:00 AM,012XX W HUBBARD ST,0810,THEFT,OVER $500,STREET,false,false,1324,012,27,24,06,1168146,1903223,02/10/2018 03:50:01 PM,41.889981729,-87.657943188
8791025,HV464890,09/07/2012 06:45:00 AM,053XX W WASHINGTON BLVD,0820,THEFT,$500 AND UNDER,PARKING LOT/GARAGE(NON.RESID.),false,false,1522,015,28,25,06,1140892,1900237,02/10/2018 03:50:01 PM,41.882332816,-87.758106473
8791032,HV464915,09/07/2012 12:01:00 AM,067XX S MORGAN ST,0820,THEFT,$500 AND UNDER,PARKING LOT/GARAGE(NON.RESID.),false,false,0723,007,17,68,06,1170803,1860231,02/10/2018 03:50:01 PM,41.771949874,-87.649442482
8791059,HV464895,09/07/2012 01:00:00 AM,008XX N WELLS ST,0810,THEFT,OVER $500,STREET,false,false,1823,018,27,8,06,1174583,1905885,02/10/2018 03:50:01 PM,41.897144939,-87.634224197
8791123,HV464946,09/07/2012 08:35:00 AM,058XX S HALSTED ST,1506,PROSTITUTION,SOLICIT ON PUBLIC WAY,STREET,true,false,0711,007,20,68,16,1171974,1865924,02/10/2018 03:50:01 PM,41.787546491,-87.644982919
8791124,HV464925,09/07/2012 07:35:00 AM,019XX W SUPERIOR ST,0560,ASSAULT,SIMPLE,RESIDENCE,true,true,1324,012,1,24,08A,1163299,1905020,02/10/2018 03:50:01 PM,41.895016149,-87.675692912
8791127,HV464894,09/07/2012 04:45:00 AM,045XX S DR MARTIN LUTHER KING JR DR,031A,ROBBERY,ARMED: HANDGUN,CTA BUS STOP,false,false,0221,002,3,38,03,1179626,1874801,02/10/2018 03:50:01 PM,41.811734235,-87.616655102
8791141,HV464983,09/07/2012 08:40:00 AM,056XX S LAFLIN ST,1365,CRIMINAL TRESPASS,TO RESIDENCE,ABANDONED BUILDING,false,false,0713,007,16,67,26,1167298,1867406,02/10/2018 03:50:01 PM,41.791714729,-87.662085403
8791148,HV464980,09/07/2012 07:30:00 AM,058XX S PRINCETON AVE,0610,BURGLARY,FORCIBLE ENTRY,OTHER,false,false,0711,007,20,68,05,1175288,1866131,02/10/2018 03:50:01 PM,41.788041071,-87.632825756
8791151,HV464957,09/07/2012 07:58:00 AM,073XX S HALSTED ST,502R,OTHER OFFENSE,VEHICLE TITLE/REG OFFENSE,STREET,true,false,0733,007,17,68,26,1172239,1856129,02/10/2018 03:50:01 PM,41.760662032,-87.644299022
8791163,HV464988,09/07/2012 08:47:00 AM,020XX N PULASKI RD,1330,CRIMINAL TRESPASS,TO LAND,PARKING LOT/GARAGE(NON.RESID.),true,false,2525,025,30,20,26,1149389,1913084,02/10/2018 03:50:01 PM,41.917425774,-87.726571455
8791164,HV464885,09/07/2012 06:30:00 AM,090XX S ADA ST,0497,BATTERY,AGGRAVATED DOMESTIC BATTERY: OTHER DANG WEAPON,RESIDENTIAL YARD (FRONT/BACK),false,true,2222,022,21,73,04B,1168916,1844773,02/10/2018 03:50:01 PM,41.729571987,-87.65680518
8791165,HV464972,09/07/2012 08:40:00 AM,046XX W NORTH AVE,0860,THEFT,RETAIL THEFT,DEPARTMENT STORE,true,false,2533,025,37,25,06,1145011,1910225,02/10/2018 03:50:01 PM,41.909664252,-87.742728815
8791174,HV465017,09/07/2012 09:00:00 AM,005XX E 51ST ST,0545,ASSAULT,PRO EMP HANDS NO/MIN INJURY,HOSPITAL BUILDING/GROUNDS,true,false,0223,002,3,38,08A,1180467,1871309,02/10/2018 03:50:01 PM,41.802132606,-87.613677631
8791191,HV464906,09/07/2012 07:20:00 AM,043XX W GLADYS AVE,051A,ASSAULT,AGGRAVATED: HANDGUN,APARTMENT,true,true,1131,011,24,26,04A,1147567,1898003,02/10/2018 03:50:01 PM,41.876077073,-87.733652865
8791194,HV465012,09/07/2012 09:02:00 AM,035XX W FLOURNOY ST,0486,BATTERY,DOMESTIC BATTERY SIMPLE,APARTMENT,false,true,1133,011,24,27,08B,1152808,1896801,02/10/2018 03:50:01 PM,41.872676559,-87.71444143
8791201,HV465045,09/07/2012 09:15:00 AM,007XX W 63RD ST,1821,NARCOTICS,MANU/DEL:CANNABIS 10GM OR LESS,"SCHOOL, PUBLIC, BUILDING",true,false,0723,007,20,68,18,1172236,1863088,02/10/2018 03:50:01 PM,41.779758427,-87.64410563
8791205,HV465016,09/07/2012 08:45:00 AM,034XX W WILSON AVE,141C,WEAPONS VIOLATION,UNLAWFUL USE OTHER DANG WEAPON,"SCHOOL, PUBLIC, BUILDING",true,false,1723,017,33,14,15,1152455,1930350,02/10/2018 03:50:01 PM,41.964744922,-87.714849143
8791212,HV465015,09/07/2012 08:47:00 AM,027XX S STATE ST,0460,BATTERY,SIMPLE,CHA HALLWAY/STAIRWELL/ELEVATOR,false,false,0133,001,3,35,08B,1176731,1886507,02/10/2018 03:50:01 PM,41.843922218,-87.6269207
8791213,HV465064,09/07/2012 08:15:00 AM,003XX N LOTUS AVE,0560,ASSAULT,SIMPLE,APARTMENT,false,true,1523,015,28,25,08A,1139889,1901686,02/10/2018 03:50:01 PM,41.886327445,-87.761754112
8791231,HV465003,09/07/2012 08:38:00 AM,056XX S ROCKWELL ST,0470,PUBLIC PEACE VIOLATION,RECKLESS CONDUCT,STREET,true,false,0824,008,16,63,24,1160001,1867170,02/10/2018 03:50:01 PM,41.791220341,-87.688848758
8791232,HV464953,09/07/2012 08:10:00 AM,036XX W MARQUETTE RD,0320,ROBBERY,STRONGARM - NO WEAPON,SIDEWALK,false,false,0833,008,13,65,03,1153318,1859940,02/10/2018 03:50:01 PM,41.771514985,-87.713545211
8791244,HV464905,09/07/2012 07:42:00 AM,106XX S CALHOUN AVE,051A,ASSAULT,AGGRAVATED: HANDGUN,STREET,false,false,0434,004,10,51,04A,1194880,1835033,02/10/2018 03:50:01 PM,41.702245142,-87.562012904
8791254,HV464966,09/07/2012 05:40:00 AM,004XX S RACINE AVE,1563,SEX OFFENSE,CRIMINAL SEXUAL ABUSE,STREET,false,false,1213,012,2,28,17,1168451,1897951,02/10/2018 03:50:01 PM,41.875508384,-87.656975687
8791277,HV465055,09/07/2012 08:15:00 AM,014XX S PRAIRIE AVE,0460,BATTERY,SIMPLE,OTHER,false,false,0132,001,2,33,08B,1178198,1893530,02/10/2018 03:50:01 PM,41.863160559,-87.621323445
8791283,HV465077,09/07/2012 10:00:00 AM,015XX W 79TH ST,0520,ASSAULT,AGGRAVATED:KNIFE/CUTTING INSTR,APARTMENT,false,true,0612,006,21,71,04A,1167570,1852347,02/10/2018 03:50:01 PM,41.750385059,-87.661519356
8791285,HV465014,09/07/2012 12:01:00 AM,075XX S HAMILTON AVE,0910,MOTOR VEHICLE THEFT,AUTOMOBILE,OTHER,false,false,0611,006,18,71,07,1163195,1854450,02/10/2018 03:50:01 PM,41.756248622,-87.677492677
8791293,HV465083,09/07/2012 10:05:00 AM,003XX S CALIFORNIA AVE,2014,NARCOTICS,MANU/DELIVER: HEROIN (WHITE),SIDEWALK,true,false,1125,011,2,27,18,1157767,1898505,02/10/2018 03:50:01 PM,41.877252943,-87.696188173
8791294,HV464844,09/07/2012 04:30:00 AM,086XX S DREXEL AVE,0486,BATTERY,DOMESTIC BATTERY SIMPLE,APARTMENT,false,true,0632,006,8,44,08B,1183733,1847915,02/10/2018 03:50:01 PM,41.737861594,-87.602429111
8791302,HV465018,09/07/2012 06:00:00 AM,047XX N MALDEN ST,0486,BATTERY,DOMESTIC BATTERY SIMPLE,RESIDENCE,true,true,1913,019,46,3,08B,1166609,1931616,02/10/2018 03:50:01 PM,41.967926722,-87.662772235
8791337,HV465057,09/07/2012 09:14:00 AM,056XX N GLENWOOD AVE,2024,NARCOTICS,POSS: HEROIN(WHITE),SIDEWALK,true,false,2013,020,48,77,18,1165968,1937393,02/10/2018 03:50:01 PM,41.983792742,-87.6649634
8791339,HV465104,09/07/2012 09:35:00 AM,051XX S HONORE ST,1320,CRIMINAL DAMAGE,TO VEHICLE,STREET,false,false,0932,009,16,61,14,1164887,1870533,02/10/2018 03:50:01 PM,41.800346917,-87.670837744
8791344,HV464867,09/07/2012 06:10:00 AM,036XX S HERMITAGE AVE,0486,BATTERY,DOMESTIC BATTERY SIMPLE,RESIDENTIAL YARD (FRONT/BACK),false,true,0912,009,11,59,08B,1165281,1880528,02/10/2018 03:50:01 PM,41.827765982,-87.669109498
8791347,HV464853,09/07/2012 05:13:00 AM,038XX W GRAND AVE,143A,WEAPONS VIOLATION,UNLAWFUL POSS OF HANDGUN,STREET,true,false,2535,025,27,23,15,1150326,1908527,02/10/2018 03:50:01 PM,41.90490269,-87.72324796
8791348,HV465146,09/07/2012 04:00:00 AM,044XX W THOMAS ST,0910,MOTOR VEHICLE THEFT,AUTOMOBILE,STREET,false,false,1111,011,37,23,07,1146570,1906958,02/10/2018 03:50:01 PM,41.900669662,-87.737085073
8791355,HV465087,09/07/2012 10:14:00 AM,023XX N LAMON AVE,0496,BATTERY,AGGRAVATED DOMESTIC BATTERY: KNIFE/CUTTING INST,RESIDENCE,true,true,2522,025,31,19,04B,1143350,1914983,02/10/2018 03:50:01 PM,41.922751927,-87.748711548
8791359,HV464945,09/07/2012 08:00:00 AM,051XX W DIVERSEY AVE,0860,THEFT,RETAIL THEFT,SMALL RETAIL STORE,false,false,2521,025,31,19,06,1141596,1918129,02/10/2018 03:50:01 PM,41.931417509,-87.755078443
8791368,HV464896,09/07/2012 07:00:00 AM,050XX W BARRY AVE,0430,BATTERY,AGGRAVATED: OTHER DANG WEAPON,RESIDENCE,false,false,2521,025,30,19,04B,1142255,1920142,02/10/2018 03:50:01 PM,41.936929158,-87.752606595
8791371,HV465121,09/07/2012 09:00:00 AM,013XX N BURLING ST,0497,BATTERY,AGGRAVATED DOMESTIC BATTERY: OTHER DANG WEAPON,RESIDENCE,false,true,1822,018,27,8,04B,1170994,1908956,02/10/2018 03:50:01 PM,41.905651437,-87.647315778
8791372,HV465049,09/07/2012 09:20:00 AM,015XX N TALMAN AVE,0460,BATTERY,SIMPLE,APARTMENT,false,true,1423,014,26,24,08B,1158468,1910140,02/10/2018 03:50:01 PM,41.909166099,-87.693295619
8791380,HV465040,09/07/2012 09:20:00 AM,018XX N ST LOUIS AVE,1320,CRIMINAL DAMAGE,TO VEHICLE,PARKING LOT/GARAGE(NON.RESID.),false,false,1422,014,26,22,14,1153037,1911907,02/10/2018 03:50:01 PM,41.914124377,-87.713199811
8791388,HV465068,09/07/2012 08:00:00 AM,099XX S WINSTON AVE,0810,THEFT,OVER $500,RESIDENCE,false,false,2213,022,21,73,06,1168790,1838789,02/10/2018 03:50:01 PM,41.713153707,-87.657438857
8791390,HV465131,09/07/2012 10:25:00 AM,066XX S WASHTENAW AVE,2024,NARCOTICS,POSS: HEROIN(WHITE),ALLEY,true,false,0831,008,15,66,18,1159519,1860523,02/10/2018 03:50:01 PM,41.772989945,-87.690798288
8791397,HV465076,09/07/2012 10:00:00 AM,015XX N LA SALLE DR,0840,THEFT,FINANCIAL ID THEFT: OVER $300,APARTMENT,false,false,1821,018,43,8,06,1174852,1910450,02/10/2018 03:50:01 PM,41.909665505,-87.633099347
8791398,HV465094,09/07/2012 10:00:00 AM,061XX S CHAMPLAIN AVE,0486,BATTERY,DOMESTIC BATTERY SIMPLE,APARTMENT,false,true,0313,003,20,42,08B,1181626,1864372,02/10/2018 03:50:01 PM,41.783070158,-87.609641308
8791406,HV464993,09/07/2012 08:50:00 AM,002XX E 43RD ST,031A,ROBBERY,ARMED: HANDGUN,SMALL RETAIL STORE,false,false,0213,002,3,38,03,1178426,1876553,02/10/2018 03:50:01 PM,41.816569249,-87.621003344
8791407,HV465031,09/07/2012 09:00:00 AM,017XX N RUTHERFORD AVE,1150,DECEPTIVE PRACTICE,CREDIT CARD FRAUD,RESIDENCE,false,false,2513,025,36,25,11,1131145,1910896,02/10/2018 03:50:01 PM,41.911756259,-87.793651997
8791408,HV465162,09/07/2012 10:40:00 AM,009XX N LAVERGNE AVE,2024,NARCOTICS,POSS: HEROIN(WHITE),SIDEWALK,true,false,1531,015,37,25,18,1142850,1905947,02/10/2018 03:50:01 PM,41.897965497,-87.750774234
8791409,HV465108,09/07/2012 09:37:00 AM,065XX S DR MARTIN LUTHER KING JR DR,1310,CRIMINAL DAMAGE,TO PROPERTY,APARTMENT,false,false,0312,003,20,69,14,1180046,1861715,02/10/2018 03:50:01 PM,41.775815434,-87.615515359
8791412,HV465123,09/07/2012 10:25:00 AM,064XX N ROCKWELL ST,0810,THEFT,OVER $500,SIDEWALK,false,false,2412,024,50,2,06,1157820,1942626,02/10/2018 03:50:01 PM,41.998322875,-87.694786897
8791413,HV465114,09/07/2012 10:15:00 AM,075XX N CLARK ST,0860,THEFT,RETAIL THEFT,SMALL RETAIL STORE,false,false,2422,024,49,1,06,1162907,1949949,02/10/2018 03:50:01 PM,42.018311737,-87.675866628
8791439,HV465025,09/07/2012 03:00:00 AM,029XX E 78TH ST,0820,THEFT,$500 AND UNDER,STREET,false,false,0421,004,7,43,06,1197363,1854227,02/10/2018 03:50:01 PM,41.75485369,-87.552283311
8791442,HV465127,09/07/2012 03:00:00 AM,001XX N MICHIGAN AVE,2826,OTHER OFFENSE,HARASSMENT BY ELECTRONIC MEANS,RESIDENCE,false,false,0114,001,42,32,26,1177276,1901405,02/10/2018 03:50:01 PM,41.884790951,-87.624469241
8791449,HV465187,09/07/2012 11:15:00 AM,040XX W LAKE ST,1210,DECEPTIVE PRACTICE,THEFT OF LABOR/SERVICES,CTA PLATFORM,true,false,1114,011,28,26,11,1149512,1901446,02/10/2018 03:50:01 PM,41.885487535,-87.726422045
8791453,HV465161,09/07/2012 11:10:00 AM,026XX N CICERO AVE,1506,PROSTITUTION,SOLICIT ON PUBLIC WAY,SIDEWALK,true,false,2521,025,31,19,16,1143939,1917265,02/10/2018 03:50:01 PM,41.929002923,-87.746489959
8791454,HV464947,09/07/2012 08:30:00 AM,065XX S DR MARTIN LUTHER KING JR DR,0486,BATTERY,DOMESTIC BATTERY SIMPLE,APARTMENT,false,true,0312,003,20,42,08B,1180044,1861803,02/10/2018 03:50:01 PM,41.776056961,-87.615519998
8791457,HV465174,09/07/2012 10:55:00 AM,017XX N CALIFORNIA AVE,0560,ASSAULT,SIMPLE,"SCHOOL, PUBLIC, BUILDING",true,false,1421,014,1,24,08A,1157433,1911449,02/10/2018 03:50:01 PM,41.912779231,-87.697062077
8791458,HV464870,09/07/2012 05:00:00 AM,004XX E 62ND ST,0610,BURGLARY,FORCIBLE ENTRY,APARTMENT,false,false,0313,003,20,42,05,1180418,1864003,02/10/2018 03:50:01 PM,41.782085401,-87.614081498
8791459,HV465133,09/07/2012 10:30:00 AM,089XX S STONY ISLAND AVE,0860,THEFT,RETAIL THEFT,SMALL RETAIL STORE,false,false,0413,004,8,48,06,1188475,1846086,02/10/2018 03:50:01 PM,41.732730806,-87.585114125
8791460,HV465034,09/07/2012 09:27:00 AM,097XX S EWING AVE,031A,ROBBERY,ARMED: HANDGUN,OTHER,false,false,0432,004,10,52,03,1202121,1841241,02/10/2018 03:50:01 PM,41.719099372,-87.535288346
8791461,HV465145,09/07/2012 10:45:00 AM,040XX W LAKE ST,1811,NARCOTICS,POSS: CANNABIS 30GMS OR LESS,CTA PLATFORM,true,false,1114,011,28,26,18,1149512,1901446,02/10/2018 03:50:01 PM,41.885487535,-87.726422045
8791462,HV465156,09/07/2012 10:45:00 AM,063XX W 56TH ST,1811,NARCOTICS,POSS: CANNABIS 30GMS OR LESS,"SCHOOL, PUBLIC, BUILDING",true,false,0811,008,23,56,18,1135110,1866750,02/10/2018 03:50:01 PM,41.79054357,-87.780130326
8791463,HV465163,09/07/2012 10:48:00 AM,039XX W 71ST ST,0560,ASSAULT,SIMPLE,DRUG STORE,false,false,0833,008,13,65,08A,1151015,1857223,02/10/2018 03:50:01 PM,41.764104326,-87.722058118
8791470,HV465198,09/07/2012 11:00:00 AM,034XX W POTOMAC AVE,1320,CRIMINAL DAMAGE,TO VEHICLE,STREET,false,false,1422,014,26,23,14,1153261,1908438,02/10/2018 03:50:01 PM,41.90460068,-87.712469118
8791473,HV465078,09/07/2012 10:00:00 AM,013XX S AVERS AVE,0486,BATTERY,DOMESTIC BATTERY SIMPLE,APARTMENT,true,true,1011,010,24,29,08B,1150926,1893459,02/10/2018 03:50:01 PM,41.863542756,-87.72143862
8791481,HV465217,09/07/2012 11:40:00 AM,033XX W WELLINGTON AVE,1811,NARCOTICS,POSS: CANNABIS 30GMS OR LESS,STREET,true,false,1412,014,35,21,18,1153804,1919768,02/10/2018 03:50:01 PM,41.935680351,-87.710172088
8791482,HV465157,09/07/2012 04:28:00 AM,018XX W 36TH ST,1811,NARCOTICS,POSS: CANNABIS 30GMS OR LESS,STREET,true,false,0912,009,11,59,18,1164520,1880827,02/10/2018 03:50:01 PM,41.828602582,-87.67189307
8791490,HV465093,09/07/2012 08:30:00 AM,007XX N TRUMBULL AVE,2092,NARCOTICS,SOLICIT NARCOTICS ON PUBLICWAY,STREET,true,false,1121,011,27,23,26,1153245,1904762,02/10/2018 03:50:01 PM,41.894513704,-87.712625587
8791494,HV465150,09/07/2012 09:50:00 AM,002XX E HURON ST,0860,THEFT,RETAIL THEFT,OTHER,true,false,1834,018,42,8,06,1178046,1905133,02/10/2018 03:50:01 PM,41.895003278,-87.62152816
8791496,HV465148,09/07/2012 09:45:00 AM,033XX W OHIO ST,2024,NARCOTICS,POSS: HEROIN(WHITE),STREET,true,false,1121,011,27,23,18,1153806,1903795,02/10/2018 03:50:01 PM,41.891849007,-87.710590965
8791502,HV465210,09/07/2012 08:50:00 AM,060XX S ROCKWELL ST,0890,THEFT,FROM BUILDING,"SCHOOL, PUBLIC, BUILDING",false,false,0825,008,15,66,06,1160074,1864580,02/10/2018 03:50:01 PM,41.784111527,-87.688652292
8791503,HV465250,09/07/2012 12:10:00 PM,028XX W WASHINGTON BLVD,1811,NARCOTICS,POSS: CANNABIS 30GMS OR LESS,SIDEWALK,true,false,1331,012,2,27,18,1157286,1900552,02/10/2018 03:50:01 PM,41.882879894,-87.697898626
8791505,HV465208,09/07/2012 11:10:00 AM,049XX N KENMORE AVE,0820,THEFT,$500 AND UNDER,SIDEWALK,false,false,2024,020,46,3,06,1168355,1933247,02/10/2018 03:50:01 PM,41.972364558,-87.656304974
8791506,HV465160,09/07/2012 11:00:00 AM,039XX W 26TH ST,0470,PUBLIC PEACE VIOLATION,RECKLESS CONDUCT,SIDEWALK,true,false,1013,010,22,30,24,1150567,1886435,02/10/2018 03:50:01 PM,41.844275055,-87.722939788
8791507,HV465188,09/07/2012 11:00:00 AM,044XX W GRENSHAW ST,1320,CRIMINAL DAMAGE,TO VEHICLE,PARKING LOT/GARAGE(NON.RESID.),false,false,1131,011,24,29,14,1146949,1894664,02/10/2018 03:50:01 PM,41.866926281,-87.736007281
8791508,HV465153,09/07/2012 07:00:00 AM,013XX N PARKSIDE AVE,2825,OTHER OFFENSE,HARASSMENT BY TELEPHONE,RESIDENCE,false,false,2531,025,29,25,26,1138429,1908318,02/10/2018 03:50:01 PM,41.904553037,-87.766954889
8791511,HV465180,09/07/2012 10:45:00 AM,001XX W 110TH PL,0820,THEFT,$500 AND UNDER,STREET,false,false,0513,005,34,49,06,1177232,1831677,02/10/2018 03:50:01 PM,41.693451364,-87.62673519
8791513,HV465086,09/07/2012 10:00:00 AM,042XX W CERMAK RD,0486,BATTERY,DOMESTIC BATTERY SIMPLE,APARTMENT,false,true,1013,010,22,29,08B,1148129,1889029,02/10/2018 03:50:01 PM,41.851440528,-87.73182024
8791515,HV465238,09/07/2012 11:45:00 AM,042XX W MADISON ST,5000,OTHER OFFENSE,OTHER CRIME AGAINST PERSON,SIDEWALK,false,false,1115,011,28,26,26,1148220,1899677,02/10/2018 03:50:01 PM,41.880658176,-87.731212135
8791519,HV465185,09/07/2012 10:35:00 AM,021XX E 87TH ST,0460,BATTERY,SIMPLE,"SCHOOL, PUBLIC, BUILDING",false,false,0412,004,8,45,08B,1191768,1847705,02/10/2018 03:50:01 PM,41.737094305,-87.572998178
8791521,HV465271,09/07/2012 12:25:00 PM,004XX N LARAMIE AVE,2024,NARCOTICS,POSS: HEROIN(WHITE),STREET,true,false,1532,015,28,25,18,1141624,1902475,02/10/2018 03:50:01 PM,41.888460669,-87.755363176
8791522,HV465140,09/07/2012 10:40:00 AM,017XX N LUNA AVE,031A,ROBBERY,ARMED: HANDGUN,STREET,false,false,2532,025,37,25,03,1139134,1910939,02/10/2018 03:50:01 PM,41.911732565,-87.764301317
8791524,HV465243,09/07/2012 08:50:00 AM,060XX S ROCKWELL ST,0820,THEFT,$500 AND UNDER,"SCHOOL, PUBLIC, BUILDING",false,false,0825,008,15,66,06,1160074,1864580,02/10/2018 03:50:01 PM,41.784111527,-87.688652292
8791525,HV465266,09/07/2012 12:00:00 PM,063XX S KEDZIE AVE,0860,THEFT,RETAIL THEFT,DRUG STORE,false,false,0823,008,15,66,06,1156143,1862448,02/10/2018 03:50:01 PM,41.778340981,-87.703122242
8791530,HV464968,09/07/2012 01:00:00 AM,113XX S EDBROOKE AVE,0610,BURGLARY,FORCIBLE ENTRY,RESIDENCE,false,false,0531,005,9,49,05,1179223,1829802,02/10/2018 03:50:01 PM,41.688261045,-87.619502629
8791533,HV465169,09/07/2012 11:10:00 AM,079XX S ESSEX AVE,1811,NARCOTICS,POSS: CANNABIS 30GMS OR LESS,PARKING LOT/GARAGE(NON.RESID.),true,false,0422,004,7,46,18,1194232,1852897,02/10/2018 03:50:01 PM,41.751281494,-87.563800882
8791534,HV465113,09/07/2012 09:45:00 AM,010XX N LAWNDALE AVE,1811,NARCOTICS,POSS: CANNABIS 30GMS OR LESS,SIDEWALK,true,false,1112,011,27,23,18,1151522,1906731,02/10/2018 03:50:01 PM,41.899950867,-87.718901912
8791535,HV465273,09/07/2012 12:00:00 PM,001XX W CHESTNUT ST,0890,THEFT,FROM BUILDING,RESIDENCE,false,false,1832,018,42,8,06,1175283,1906190,02/10/2018 03:50:01 PM,41.897966193,-87.631644061
8791536,HV465240,09/07/2012 10:50:00 AM,033XX W MAYPOLE AVE,1812,NARCOTICS,POSS: CANNABIS MORE THAN 30GMS,SIDEWALK,true,false,1123,011,28,27,18,1154138,1900784,02/10/2018 03:50:01 PM,41.883579906,-87.709452068
8791539,HV465229,09/07/2012 11:02:00 AM,042XX S ARCHER AVE,2850,PUBLIC PEACE VIOLATION,BOMB THREAT,SMALL RETAIL STORE,false,false,0921,009,14,58,26,1156955,1876483,02/10/2018 03:50:01 PM,41.81683858,-87.699766152
8791542,HV465105,09/07/2012 10:00:00 AM,072XX S BENNETT AVE,0460,BATTERY,SIMPLE,RESIDENCE PORCH/HALLWAY,false,false,0333,003,5,43,08B,1189959,1857411,02/10/2018 03:50:01 PM,41.763772107,-87.579314074
8791543,HV465249,09/07/2012 11:58:00 AM,015XX E 67TH ST,0483,BATTERY,AGG PRO.EMP: OTHER DANG WEAPON,STREET,false,false,0321,003,5,42,04B,1187519,1860867,02/10/2018 03:50:01 PM,41.773314016,-87.588147331
8791544,HV465207,09/07/2012 11:49:00 AM,043XX S LAKE PARK AVE,5001,OTHER OFFENSE,OTHER CRIME INVOLVING PROPERTY,STREET,true,false,0222,002,4,39,26,1184545,1876563,02/10/2018 03:50:01 PM,41.816455303,-87.598557379
8791545,HV465246,09/07/2012 11:42:00 AM,033XX W BELMONT AVE,1812,NARCOTICS,POSS: CANNABIS MORE THAN 30GMS,PARKING LOT/GARAGE(NON.RESID.),true,false,1733,017,35,21,18,1153363,1921084,02/10/2018 03:50:01 PM,41.939300341,-87.711757734
8791552,HV465297,09/07/2012 12:00:00 PM,063XX S HAMILTON AVE,1320,CRIMINAL DAMAGE,TO VEHICLE,STREET,false,false,0726,007,15,67,14,1163120,1862560,02/10/2018 03:50:01 PM,41.778505165,-87.677540928
8791553,HV465252,09/07/2012 06:00:00 AM,0000X W SUPERIOR ST,0810,THEFT,OVER $500,APARTMENT,false,false,1832,018,42,8,06,1176127,1905362,02/10/2018 03:50:01 PM,41.895675136,-87.628569146
8791559,HV465303,09/07/2012 12:00:00 AM,001XX N LOCKWOOD AVE,0910,MOTOR VEHICLE THEFT,AUTOMOBILE,STREET,false,false,1523,015,28,25,07,1141028,1900430,02/10/2018 03:50:01 PM,41.88285993,-87.757602318
8791560,HV465200,09/07/2012 11:29:00 AM,016XX E 82ND ST,2027,NARCOTICS,POSS: CRACK,SIDEWALK,true,false,0414,004,8,45,18,1188779,1850941,02/10/2018 03:50:01 PM,41.746046145,-87.583845553
8791568,HV465155,09/07/2012 10:00:00 AM,018XX E 72ND ST,1310,CRIMINAL DAMAGE,TO PROPERTY,RESIDENCE,false,true,0324,003,5,43,14,1189726,1857599,02/10/2018 03:50:01 PM,41.764293597,-87.580162023
8791569,HV465222,09/07/2012 11:16:00 AM,030XX W JACKSON BLVD,0610,BURGLARY,FORCIBLE ENTRY,ABANDONED BUILDING,true,false,1124,011,28,27,05,1155944,1898528,02/10/2018 03:50:01 PM,41.877352998,-87.702881119
8791577,HV464878,09/07/2012 06:20:00 AM,005XX S PULASKI RD,0460,BATTERY,SIMPLE,CTA TRAIN,false,false,1132,011,24,26,08B,1149812,1897228,02/10/2018 03:50:01 PM,41.873907046,-87.725430093
8791579,HV465278,09/07/2012 10:00:00 AM,001XX N STATE ST,0486,BATTERY,DOMESTIC BATTERY SIMPLE,STREET,false,true,0111,001,42,32,08B,1176336,1901448,02/10/2018 03:50:01 PM,41.884930201,-87.627919724
8791587,HV465283,09/07/2012 11:30:00 AM,011XX N CENTRAL PARK AVE,0560,ASSAULT,SIMPLE,RESIDENTIAL YARD (FRONT/BACK),false,false,1112,011,27,23,08A,1152168,1907256,02/10/2018 03:50:01 PM,41.901378797,-87.716515262
8791592,HV465128,09/07/2012 10:33:00 AM,011XX S SACRAMENTO BLVD,1310,CRIMINAL DAMAGE,TO PROPERTY,RESIDENCE PORCH/HALLWAY,false,false,1135,011,28,29,14,1156531,1895026,02/10/2018 03:50:01 PM,41.867731301,-87.700820561
8791604,HV464982,09/07/2012 08:20:00 AM,020XX W LAWRENCE AVE,0820,THEFT,$500 AND UNDER,SIDEWALK,false,false,1911,019,47,4,06,1161945,1931879,02/10/2018 03:50:01 PM,41.968747292,-87.679913988
8791606,HV465292,09/07/2012 01:00:00 AM,001XX S MENARD AVE,0820,THEFT,$500 AND UNDER,STREET,false,false,1513,015,29,25,06,1137743,1898863,02/10/2018 03:50:01 PM,41.878619716,-87.769702943
8791607,HV464959,09/07/2012 08:35:00 AM,012XX W WILSON AVE,1310,CRIMINAL DAMAGE,TO PROPERTY,RESTAURANT,false,false,1913,019,46,3,14,1167243,1930683,02/10/2018 03:50:01 PM,41.965352898,-87.66046802
8791645,HV465304,09/07/2012 12:30:00 PM,067XX N SHERIDAN RD,1330,CRIMINAL TRESPASS,TO LAND,RESTAURANT,true,false,2432,024,49,1,26,1167023,1945080,02/10/2018 03:50:01 PM,42.004863381,-87.660861288
8791651,HV465237,09/07/2012 10:14:00 AM,013XX W ROSEMONT AVE,1310,CRIMINAL DAMAGE,TO PROPERTY,APARTMENT,false,true,2433,024,40,77,14,1166302,1941970,02/10/2018 03:50:01 PM,41.996344987,-87.663603366
8791658,HV465199,09/07/2012 11:00:00 AM,002XX W 47TH ST,1210,DECEPTIVE PRACTICE,THEFT OF LABOR/SERVICES,CTA TRAIN,true,false,0215,002,3,37,11,1175735,1873831,02/10/2018 03:50:01 PM,41.809160622,-87.630956102
8791661,HV465286,09/07/2012 11:53:00 AM,058XX S CARPENTER ST,143A,WEAPONS VIOLATION,UNLAWFUL POSS OF HANDGUN,RESIDENCE,false,false,0712,007,16,68,15,1170309,1866170,02/10/2018 03:50:01 PM,41.788257961,-87.6510806
8791664,HV465258,09/07/2012 12:00:00 PM,0000X W 112TH ST,051A,ASSAULT,AGGRAVATED: HANDGUN,SIDEWALK,false,false,0522,005,34,49,04A,1177970,1830703,02/10/2018 03:50:01 PM,41.690761922,-87.624062586
8791666,HV465298,09/07/2012 12:20:00 PM,0000X W WASHINGTON ST,0560,ASSAULT,SIMPLE,GOVERNMENT BUILDING/PROPERTY,false,false,0111,001,42,32,08A,1175800,1900817,02/10/2018 03:50:01 PM,41.883210775,-87.629906972
8791667,HV465333,09/07/2012 12:40:00 PM,013XX W MADISON ST,0820,THEFT,$500 AND UNDER,ALLEY,false,false,1212,012,27,28,06,1167650,1900154,02/10/2018 03:50:01 PM,41.881570868,-87.659853167
8791668,HV465192,09/07/2012 11:10:00 AM,001XX E 47TH ST,1320,CRIMINAL DAMAGE,TO VEHICLE,PARKING LOT/GARAGE(NON.RESID.),false,false,0224,002,3,38,14,1178100,1873900,02/10/2018 03:50:01 PM,41.809296597,-87.622279702
8791669,HV465334,09/07/2012 01:00:00 PM,048XX W MONROE ST,0820,THEFT,$500 AND UNDER,VACANT LOT/LAND,false,false,1533,015,28,25,06,1144251,1899226,02/10/2018 03:50:01 PM,41.879496065,-87.745797456
8791686,HV465223,09/07/2012 10:55:00 AM,020XX W FOSTER AVE,1365,CRIMINAL TRESPASS,TO RESIDENCE,RESIDENCE PORCH/HALLWAY,true,false,2012,020,40,4,26,1161850,1934529,02/10/2018 03:50:01 PM,41.976020993,-87.680189012
8791690,HV465350,09/07/2012 02:42:00 AM,062XX S ASHLAND AVE,0820,THEFT,$500 AND UNDER,PARKING LOT/GARAGE(NON.RESID.),false,false,0713,007,16,67,06,1166738,1863437,02/10/2018 03:50:01 PM,41.780835284,-87.664252074
8791693,HV465294,09/07/2012 12:55:00 PM,033XX S KEDZIE AVE,0460,BATTERY,SIMPLE,COMMERCIAL / BUSINESS OFFICE,true,false,1032,010,22,30,08B,1155572,1882206,02/10/2018 03:50:01 PM,41.832571089,-87.704685773
8791699,HV465339,09/07/2012 12:25:00 PM,072XX S SACRAMENTO AVE,1310,CRIMINAL DAMAGE,TO PROPERTY,SIDEWALK,true,false,0831,008,18,66,14,1157625,1856488,02/10/2018 03:50:01 PM,41.761955918,-87.69785055
8791707,HV465342,09/07/2012 01:10:00 PM,063XX S STEWART AVE,0460,BATTERY,SIMPLE,"SCHOOL, PUBLIC, GROUNDS",true,false,0722,007,20,68,08B,1174712,1862928,02/10/2018 03:50:01 PM,41.779264552,-87.635033087
8791731,HV465384,09/07/2012 01:35:00 PM,036XX W DIVISION ST,2024,NARCOTICS,POSS: HEROIN(WHITE),SIDEWALK,true,false,2535,025,26,23,18,1151922,1907753,02/10/2018 03:50:01 PM,41.902747463,-87.717405744
8791732,HV465393,09/07/2012 08:00:00 AM,033XX W 109TH ST,5001,OTHER OFFENSE,OTHER CRIME INVOLVING PROPERTY,STREET,false,false,2211,022,19,74,26,1155819,1832133,02/10/2018 03:50:01 PM,41.695158006,-87.705121287
8791733,HV465135,09/07/2012 10:30:00 AM,070XX S HONORE ST,0486,BATTERY,DOMESTIC BATTERY SIMPLE,RESIDENCE,false,true,0735,007,17,67,08B,1165232,1858082,02/10/2018 03:50:01 PM,41.766172478,-87.669924818
8791734,HV465331,09/07/2012 12:45:00 PM,035XX N KEDZIE AVE,0430,BATTERY,AGGRAVATED: OTHER DANG WEAPON,PARKING LOT/GARAGE(NON.RESID.),false,false,1733,017,33,21,04B,1154425,1923371,02/10/2018 03:50:01 PM,41.945554837,-87.707793234
8791739,HV465315,09/07/2012 01:00:00 PM,002XX N AUSTIN BLVD,0560,ASSAULT,SIMPLE,STREET,false,true,1512,015,29,25,08A,1136342,1900973,02/10/2018 03:50:01 PM,41.884434972,-87.774796793
8791740,HV465307,09/07/2012 12:50:00 PM,002XX N PARKSIDE AVE,0610,BURGLARY,FORCIBLE ENTRY,APARTMENT,false,false,1512,015,29,25,05,1138552,1901156,02/10/2018 03:50:01 PM,41.88489739,-87.766676821
8791746,HV465268,09/07/2012 12:05:00 PM,049XX W WEST END AVE,2014,NARCOTICS,MANU/DELIVER: HEROIN (WHITE),STREET,true,false,1532,015,28,25,18,1143245,1900525,02/10/2018 03:50:01 PM,41.883079519,-87.749458929
8791751,HV465354,09/07/2012 01:11:00 PM,033XX W HARRISON ST,1811,NARCOTICS,POSS: CANNABIS 30GMS OR LESS,PARKING LOT/GARAGE(NON.RESID.),true,false,1134,011,24,27,18,1153993,1897159,02/10/2018 03:50:01 PM,41.873635421,-87.710081187
8791761,HV465348,09/07/2012 01:00:00 PM,031XX N CICERO AVE,4387,OTHER OFFENSE,VIOLATE ORDER OF PROTECTION,PARKING LOT/GARAGE(NON.RESID.),true,true,2521,025,31,19,26,1143811,1920761,02/10/2018 03:50:01 PM,41.938598686,-87.746872446
8791763,HV465390,09/07/2012 01:46:00 PM,009XX W MONROE ST,0860,THEFT,RETAIL THEFT,SMALL RETAIL STORE,false,false,1212,012,2,28,06,1169974,1899753,02/10/2018 03:50:01 PM,41.880420133,-87.651331272
8791764,HV465363,09/07/2012 09:30:00 AM,022XX W CONGRESS PKWY,0910,MOTOR VEHICLE THEFT,AUTOMOBILE,STREET,false,false,1211,012,2,28,07,1161679,1897691,02/10/2018 03:50:01 PM,41.874938665,-87.681847091
8791767,HV465398,09/07/2012 01:30:00 PM,001XX S STATE ST,1330,CRIMINAL TRESPASS,TO LAND,OTHER,true,false,0112,001,42,32,26,1176406,1899607,02/10/2018 03:50:01 PM,41.879876814,-87.627718261
8791772,HV465300,09/07/2012 12:46:00 PM,055XX W DIVISION ST,1345,CRIMINAL DAMAGE,TO CITY OF CHICAGO PROPERTY,VEHICLE-COMMERCIAL,false,false,2532,025,37,25,14,1139162,1907451,02/10/2018 03:50:01 PM,41.902160574,-87.764283459
8791774,HV465301,09/07/2012 12:30:00 PM,077XX S ADA ST,1310,CRIMINAL DAMAGE,TO PROPERTY,RESIDENCE,true,false,0612,006,17,71,14,1168783,1853526,02/10/2018 03:50:01 PM,41.753594319,-87.657040405
8791775,HV465396,09/07/2012 01:40:00 PM,030XX W CERMAK RD,1811,NARCOTICS,POSS: CANNABIS 30GMS OR LESS,SIDEWALK,true,false,1033,010,12,30,18,1156592,1889232,02/10/2018 03:50:01 PM,41.851830706,-87.700753338
8791776,HV465326,09/07/2012 12:25:00 PM,051XX S INDIANA AVE,0460,BATTERY,SIMPLE,SIDEWALK,false,false,0231,002,3,40,08B,1178474,1870847,02/10/2018 03:50:01 PM,41.800910394,-87.621000756
8791778,HV465406,09/07/2012 01:45:00 PM,050XX S BLACKSTONE AVE,0820,THEFT,$500 AND UNDER,"SCHOOL, PUBLIC, BUILDING",false,false,0222,002,4,39,06,1186774,1871922,02/10/2018 03:50:01 PM,41.803667488,-87.590528166
8791779,HV465375,09/07/2012 11:45:00 AM,128XX S UNION AVE,1310,CRIMINAL DAMAGE,TO PROPERTY,RESIDENCE,false,false,0523,005,9,53,14,1173994,1819767,02/10/2018 03:50:01 PM,41.660840686,-87.638941603
8791782,HV465293,09/07/2012 12:20:00 PM,002XX E 136TH ST,1320,CRIMINAL DAMAGE,TO VEHICLE,VEHICLE NON-COMMERCIAL,false,true,0533,005,9,54,14,1180270,1815112,02/10/2018 03:50:01 PM,41.647925582,-87.616117235
8791784,HV465415,09/07/2012 12:36:00 PM,012XX S KARLOV AVE,2024,NARCOTICS,POSS: HEROIN(WHITE),SIDEWALK,true,false,1011,010,24,29,18,1149245,1894090,02/10/2018 03:50:01 PM,41.865307007,-87.727593166
8791785,HV465115,09/07/2012 10:20:00 AM,062XX S RHODES AVE,0486,BATTERY,DOMESTIC BATTERY SIMPLE,RESIDENCE,false,true,0313,003,20,42,08B,1180971,1863856,02/10/2018 03:50:01 PM,41.781669308,-87.612058594
8791789,HV465345,09/07/2012 01:25:00 PM,093XX S JEFFERY AVE,0486,BATTERY,DOMESTIC BATTERY SIMPLE,SIDEWALK,true,true,0413,004,8,48,08B,1191142,1843445,02/10/2018 03:50:01 PM,41.725419607,-87.575429044
8791790,HV465409,09/07/2012 07:00:00 AM,085XX S OGLESBY AVE,0610,BURGLARY,FORCIBLE ENTRY,RESIDENCE,false,false,0412,004,8,46,05,1193320,1848793,02/10/2018 03:50:01 PM,41.740042106,-87.567276736
8791791,HV465095,09/07/2012 10:20:00 AM,026XX E 76TH ST,041A,BATTERY,AGGRAVATED: HANDGUN,SIDEWALK,false,false,0421,004,7,43,04B,1195043,1855078,02/10/2018 03:50:01 PM,41.757246381,-87.560757256
8791792,HV465404,09/07/2012 01:42:00 PM,059XX S WESTERN AVE,0430,BATTERY,AGGRAVATED: OTHER DANG WEAPON,OTHER,false,false,0825,008,16,66,04B,1161386,1865307,02/10/2018 03:50:01 PM,41.786079418,-87.683821839
8791795,HV465465,09/07/2012 02:55:00 PM,022XX N CICERO AVE,1506,PROSTITUTION,SOLICIT ON PUBLIC WAY,SIDEWALK,true,false,2522,025,31,19,16,1144028,1914542,02/10/2018 03:50:01 PM,41.921529068,-87.746231419
8791796,HV465377,09/07/2012 01:00:00 PM,048XX S WESTERN AVE,0910,MOTOR VEHICLE THEFT,AUTOMOBILE,STREET,false,false,0922,009,12,58,07,1161182,1872703,02/10/2018 03:50:01 PM,41.806379228,-87.684365088
8791804,HV465418,09/07/2012 02:00:00 PM,053XX N BOWMANVILLE AVE,0486,BATTERY,DOMESTIC BATTERY SIMPLE,RESIDENCE,true,true,2012,020,40,4,08B,1159930,1935331,02/10/2018 03:50:01 PM,41.97826167,-87.68722735
8791805,HV465389,09/07/2012 01:45:00 PM,001XX N JEFFERSON ST,0860,THEFT,RETAIL THEFT,CONVENIENCE STORE,false,false,0121,001,42,28,06,1172295,1901507,02/10/2018 03:50:01 PM,41.885182294,-87.642757034
8791807,HV465438,09/07/2012 02:21:00 PM,044XX N LAWNDALE AVE,1365,CRIMINAL TRESPASS,TO RESIDENCE,APARTMENT,true,false,1723,017,33,14,26,1150925,1929119,02/10/2018 03:50:01 PM,41.961397141,-87.72050696
8791808,HV465388,09/07/2012 01:15:00 PM,020XX E 71ST ST,1811,NARCOTICS,POSS: CANNABIS 30GMS OR LESS,SIDEWALK,true,false,0331,003,5,43,18,1190984,1858323,02/10/2018 03:50:01 PM,41.766249991,-87.575527839
8791811,HV465325,09/07/2012 11:43:00 AM,035XX N KIMBALL AVE,0860,THEFT,RETAIL THEFT,SMALL RETAIL STORE,true,false,1732,017,35,21,06,1153099,1923246,02/10/2018 03:50:01 PM,41.945238279,-87.712670479
8791812,HV465410,09/07/2012 02:15:00 PM,055XX S SHIELDS AVE,1811,NARCOTICS,POSS: CANNABIS 30GMS OR LESS,SIDEWALK,true,false,0711,007,3,68,18,1174917,1868011,02/10/2018 03:50:01 PM,41.793208273,-87.634129998
8791813,HV465316,09/07/2012 12:31:00 PM,071XX S DR MARTIN LUTHER KING JR DR,2900,WEAPONS VIOLATION,UNLAWFUL USE/SALE AIR RIFLE,PARK PROPERTY,true,false,0323,003,6,69,15,1180150,1857765,02/10/2018 03:50:01 PM,41.764973847,-87.615255005
8791814,HV465365,09/07/2012 10:00:00 AM,028XX S PULASKI RD,0610,BURGLARY,FORCIBLE ENTRY,APARTMENT,false,false,1031,010,22,30,05,1150172,1884829,02/10/2018 03:50:01 PM,41.839875679,-87.724431168
8791815,HV465442,09/07/2012 02:10:00 PM,020XX W DIVERSEY PKWY,1350,CRIMINAL TRESPASS,TO STATE SUP LAND,CHA PARKING LOT/GROUNDS,true,false,1931,019,1,7,26,1162145,1918587,02/10/2018 03:50:01 PM,41.932269152,-87.679551419
8791817,HV465361,09/07/2012 01:20:00 PM,067XX S JUSTINE ST,0610,BURGLARY,FORCIBLE ENTRY,RESIDENCE,false,false,0725,007,17,67,05,1167165,1860016,02/10/2018 03:50:01 PM,41.771438496,-87.662784403
8791818,HV465417,09/07/2012 10:30:00 AM,034XX N LINCOLN AVE,0810,THEFT,OVER $500,SIDEWALK,false,false,1922,019,32,6,06,1164317,1922760,02/10/2018 03:50:01 PM,41.943674366,-87.671451212
8791819,HV465381,09/07/2012 12:30:00 PM,010XX W ALTGELD ST,0810,THEFT,OVER $500,VEHICLE-COMMERCIAL,false,false,1932,019,43,7,06,1168970,1916785,02/10/2018 03:50:01 PM,41.927178824,-87.654522957
8791821,HV465359,09/07/2012 12:58:00 PM,017XX W HOWARD ST,0860,THEFT,RETAIL THEFT,GROCERY FOOD STORE,true,false,2422,024,49,1,06,1163126,1950347,02/10/2018 03:50:01 PM,42.019399237,-87.675049485
8791822,HV465317,09/07/2012 11:30:00 AM,036XX N SHEFFIELD AVE,0460,BATTERY,SIMPLE,STREET,false,false,1923,019,44,6,08B,1168955,1924428,02/10/2018 03:50:01 PM,41.948151888,-87.654355638
8791824,HV465443,09/07/2012 01:00:00 PM,079XX S RIDGELAND AVE,0810,THEFT,OVER $500,APARTMENT,false,false,0414,004,8,46,06,1189358,1852754,02/10/2018 03:50:01 PM,41.751007325,-87.581665974
8791825,HV465401,09/07/2012 01:49:00 PM,0000X N STATE ST,0860,THEFT,RETAIL THEFT,DEPARTMENT STORE,true,false,0112,001,42,32,06,1176362,1900577,02/10/2018 03:50:01 PM,41.882539542,-87.627850543
8791827,HV465428,09/07/2012 12:26:00 PM,067XX S CHAPPEL AVE,143A,WEAPONS VIOLATION,UNLAWFUL POSS OF HANDGUN,APARTMENT,false,false,0331,003,5,43,15,1191037,1860745,02/10/2018 03:50:01 PM,41.772894867,-87.575255332
8791830,HV465466,09/07/2012 02:40:00 PM,009XX W KINZIE ST,0810,THEFT,OVER $500,STREET,false,false,1323,012,27,24,06,1169782,1902877,02/10/2018 03:50:01 PM,41.888996789,-87.651945191
8791831,HV465471,09/07/2012 02:45:00 PM,001XX N LAPORTE AVE,1811,NARCOTICS,POSS: CANNABIS 30GMS OR LESS,STREET,true,false,1532,015,28,25,18,1143351,1900719,02/10/2018 03:50:01 PM,41.883609899,-87.749064837
8791832,HV465485,09/07/2012 02:50:00 PM,056XX W IOWA ST,2024,NARCOTICS,POSS: HEROIN(WHITE),SIDEWALK,true,false,1511,015,29,25,18,1138404,1905438,02/10/2018 03:50:01 PM,41.89665042,-87.767116546
8791836,HV465481,09/07/2012 01:45:00 PM,017XX W 79TH ST,2024,NARCOTICS,POSS: HEROIN(WHITE),ALLEY,true,false,0611,006,21,71,18,1166195,1852312,02/10/2018 03:50:01 PM,41.750318365,-87.666558992
8791837,HV465496,09/07/2012 03:10:00 PM,066XX S EVANS AVE,1330,CRIMINAL TRESPASS,TO LAND,ABANDONED BUILDING,true,false,0321,003,20,42,26,1182361,1861107,02/10/2018 03:50:01 PM,41.774093686,-87.607047693
8791838,HV465195,09/07/2012 10:25:00 AM,079XX S DR MARTIN LUTHER KING JR DR,0495,BATTERY,AGGRAVATED OF A SENIOR CITIZEN,STREET,false,false,0624,006,6,44,04B,1180276,1852502,02/10/2018 03:50:01 PM,41.750528718,-87.614954267
8791844,HV465245,09/07/2012 11:29:00 AM,096XX S MICHIGAN AVE,0460,BATTERY,SIMPLE,"SCHOOL, PUBLIC, BUILDING",true,false,0511,005,6,49,08B,1178850,1841009,02/10/2018 03:50:01 PM,41.71902307,-87.620528559
8791845,HV465346,09/07/2012 01:25:00 PM,019XX E 95TH ST,1330,CRIMINAL TRESPASS,TO LAND,RESTAURANT,true,false,0431,004,7,51,26,1190981,1842365,02/10/2018 03:50:01 PM,41.722459867,-87.576053584
8791847,HV465400,09/07/2012 12:45:00 PM,014XX N LEAMINGTON AVE,0545,ASSAULT,PRO EMP HANDS NO/MIN INJURY,"SCHOOL, PUBLIC, BUILDING",true,false,2533,025,37,25,08A,1141772,1909093,02/10/2018 03:50:01 PM,41.9066185,-87.754655732
8791849,HV465509,09/07/2012 03:00:00 PM,028XX N TROY ST,2022,NARCOTICS,POSS: COCAINE,STREET,true,false,1411,014,35,21,18,1154887,1918716,02/10/2018 03:50:01 PM,41.932771913,-87.706220251
8791852,HV465335,09/07/2012 06:45:00 AM,004XX N STATE ST,0810,THEFT,OVER $500,VEHICLE NON-COMMERCIAL,false,false,1834,018,42,8,06,1176302,1903096,02/10/2018 03:50:01 PM,41.889453169,-87.627994833
8791853,HV465540,09/07/2012 01:00:00 PM,072XX S ROCKWELL ST,0890,THEFT,FROM BUILDING,OTHER,false,false,0831,008,18,66,06,1160294,1856546,02/10/2018 03:50:01 PM,41.762060555,-87.688066687
8791854,HV465424,09/07/2012 01:30:00 PM,064XX S SEELEY AVE,0610,BURGLARY,FORCIBLE ENTRY,VACANT LOT/LAND,true,false,0726,007,15,67,05,1163805,1861853,02/10/2018 03:50:01 PM,41.7765507,-87.675049508
8791855,HV465499,09/07/2012 02:35:00 PM,028XX W LAWRENCE AVE,1330,CRIMINAL TRESPASS,TO LAND,GAS STATION,true,false,2031,020,40,4,26,1156793,1931761,02/10/2018 03:50:01 PM,41.968529752,-87.698860976
8791856,HV465341,09/07/2012 12:55:00 PM,008XX W WEBSTER AVE,0890,THEFT,FROM BUILDING,RESIDENCE-GARAGE,false,false,1812,018,43,7,06,1170131,1914831,02/10/2018 03:50:01 PM,41.921791652,-87.65031399
8791857,HV465427,09/07/2012 09:50:00 AM,045XX S LAMON AVE,0910,MOTOR VEHICLE THEFT,AUTOMOBILE,STREET,false,false,0814,008,23,56,07,1144457,1873991,02/10/2018 03:50:01 PM,41.810243872,-87.74567508
8791858,HV465407,09/07/2012 12:08:00 PM,019XX W WILSON AVE,2820,OTHER OFFENSE,TELEPHONE THREAT,OTHER,false,false,1912,019,47,4,26,1162458,1930557,02/10/2018 03:50:01 PM,41.965108914,-87.678064882
8791859,HV465421,09/07/2012 12:30:00 PM,019XX N FAIRFIELD AVE,0820,THEFT,$500 AND UNDER,RESIDENTIAL YARD (FRONT/BACK),false,false,1421,014,1,22,06,1157729,1912723,02/10/2018 03:50:01 PM,41.916269157,-87.695939859
8791867,HV465523,09/07/2012 03:30:00 PM,007XX E 77TH ST,2024,NARCOTICS,POSS: HEROIN(WHITE),SIDEWALK,true,false,0624,006,6,69,18,1182382,1854113,02/10/2018 03:50:01 PM,41.754900961,-87.607187151
8791870,HV465567,09/07/2012 01:30:00 PM,029XX N KENNETH AVE,0820,THEFT,$500 AND UNDER,STREET,false,false,2523,025,31,20,06,1146210,1919075,02/10/2018 03:50:01 PM,41.933926776,-87.738098484
8791871,HV465413,09/07/2012 10:00:00 AM,052XX S LINDER AVE,1310,CRIMINAL DAMAGE,TO PROPERTY,RESIDENCE,false,false,0814,008,23,56,14,1140581,1869388,02/10/2018 03:50:01 PM,41.797684334,-87.760004632
8791872,HV465490,09/07/2012 02:50:00 PM,080XX S HALSTED ST,1330,CRIMINAL TRESPASS,TO LAND,RESTAURANT,false,false,0621,006,21,71,26,1172365,1851574,02/10/2018 03:50:01 PM,41.748159763,-87.643970994
8791874,HV465463,09/07/2012 11:33:00 AM,047XX S KARLOV AVE,0460,BATTERY,SIMPLE,RESIDENCE,false,false,0815,008,14,57,08B,1149827,1872850,02/10/2018 03:50:01 PM,41.807010349,-87.726007908
8791875,HV465543,09/07/2012 02:15:00 PM,064XX S FAIRFIELD AVE,1151,DECEPTIVE PRACTICE,ILLEGAL POSSESSION CASH CARD,RESIDENCE,false,false,0825,008,15,66,11,1159153,1861792,02/10/2018 03:50:01 PM,41.77647976,-87.692105276
8791876,HV465382,09/07/2012 08:00:00 AM,054XX W FULLERTON AVE,1305,CRIMINAL DAMAGE,CRIMINAL DEFACEMENT,RESIDENCE,false,false,2515,025,30,19,14,1139517,1915420,02/10/2018 03:50:01 PM,41.924021947,-87.762784753
8791879,HV465433,09/07/2012 01:58:00 PM,040XX W WRIGHTWOOD AVE,0820,THEFT,$500 AND UNDER,GAS STATION,false,false,2524,025,31,22,06,1149096,1916975,02/10/2018 03:50:01 PM,41.928108718,-87.727546962
8791881,HV465537,09/07/2012 03:25:00 PM,001XX S LA SALLE ST,0820,THEFT,$500 AND UNDER,RESTAURANT,false,false,0122,001,42,32,06,1175153,1899725,02/10/2018 03:50:01 PM,41.88022879,-87.632315523
8791883,HV465582,09/07/2012 03:20:00 PM,019XX S CENTRAL PARK AVE,0820,THEFT,$500 AND UNDER,CTA PLATFORM,false,false,1024,010,24,29,06,1152688,1889938,02/10/2018 03:50:01 PM,41.85384608,-87.715063469
8791886,HV465519,09/07/2012 03:22:00 PM,028XX W ROOSEVELT RD,2024,NARCOTICS,POSS: HEROIN(WHITE),ALLEY,true,false,1135,011,28,29,18,1157712,1894587,02/10/2018 03:50:01 PM,41.86650268,-87.696496849
8791888,HV465594,09/07/2012 04:00:00 PM,045XX N RAVENSWOOD AVE,2170,NARCOTICS,POSSESSION OF DRUG EQUIPMENT,STREET,true,false,1912,019,47,4,18,1163406,1930160,02/10/2018 03:50:01 PM,41.963999581,-87.674590543
8791889,HV465557,09/07/2012 03:31:00 PM,016XX W HOWARD ST,0460,BATTERY,SIMPLE,SIDEWALK,true,false,2422,024,49,1,08B,1163750,1950346,02/10/2018 03:50:01 PM,42.019383301,-87.67275327
8791890,HV465586,09/07/2012 03:50:00 PM,066XX S WENTWORTH AVE,1330,CRIMINAL TRESPASS,TO LAND,PARKING LOT/GARAGE(NON.RESID.),true,false,0722,007,6,69,26,1176103,1860852,02/10/2018 03:50:01 PM,41.773536673,-87.62999581
8791891,HV465554,09/07/2012 03:05:00 PM,008XX W DIVISION ST,1320,CRIMINAL DAMAGE,TO VEHICLE,STREET,false,false,1822,018,32,8,14,1170583,1908214,02/10/2018 03:50:01 PM,41.903624356,-87.64884726
8791892,HV465589,09/07/2012 03:45:00 PM,064XX N TALMAN AVE,0820,THEFT,$500 AND UNDER,STREET,false,false,2412,024,50,2,06,1157489,1942596,02/10/2018 03:50:01 PM,41.998247321,-87.696005361
8791893,HV465510,09/07/2012 02:20:00 PM,025XX S WESTERN AVE,0460,BATTERY,SIMPLE,ALLEY,false,false,1034,010,25,31,08B,1160770,1887160,02/10/2018 03:50:01 PM,41.846059439,-87.685476327
8791894,HV465470,09/07/2012 01:03:00 PM,008XX N MICHIGAN AVE,0860,THEFT,RETAIL THEFT,DEPARTMENT STORE,true,false,1833,018,42,8,06,1177338,1906181,02/10/2018 03:50:01 PM,41.897895128,-87.624096605
8791898,HV465581,09/07/2012 02:58:00 PM,029XX N LEAVITT ST,2826,OTHER OFFENSE,HARASSMENT BY ELECTRONIC MEANS,OTHER,false,false,1931,019,1,5,26,1161172,1919697,02/10/2018 03:50:01 PM,41.935335366,-87.68309613
8791901,HV465497,09/07/2012 02:30:00 PM,032XX W FULTON BLVD,143A,WEAPONS VIOLATION,UNLAWFUL POSS OF HANDGUN,APARTMENT,true,false,1123,011,28,27,15,1154820,1901819,02/10/2018 03:50:01 PM,41.886406416,-87.706919954
8791902,HV465472,09/07/2012 02:25:00 PM,046XX S HALSTED ST,0860,THEFT,RETAIL THEFT,GROCERY FOOD STORE,true,false,0925,009,11,61,06,1171750,1874054,02/10/2018 03:50:01 PM,41.809860998,-87.645565723
8791904,HV465596,09/07/2012 02:13:00 PM,030XX S DR MARTIN LUTHER KING JR DR,0820,THEFT,$500 AND UNDER,RESIDENCE PORCH/HALLWAY,false,false,0133,001,4,35,06,1179408,1885031,02/10/2018 03:50:01 PM,41.83981113,-87.617141911
8791905,HV465621,09/07/2012 03:50:00 PM,011XX S SPRINGFIELD AVE,2024,NARCOTICS,POSS: HEROIN(WHITE),STREET,true,false,1132,011,24,29,18,1150558,1894674,02/10/2018 03:50:01 PM,41.866884048,-87.722757812
8791906,HV465559,09/07/2012 04:15:00 PM,115XX S HARVARD AVE,1811,NARCOTICS,POSS: CANNABIS 30GMS OR LESS,SIDEWALK,true,false,0522,005,34,53,18,1176024,1828380,02/10/2018 03:50:01 PM,41.684431007,-87.631256307
8791907,HV465405,09/07/2012 10:57:00 AM,061XX N WASHTENAW AVE,2820,OTHER OFFENSE,TELEPHONE THREAT,RESIDENCE,false,false,2413,024,50,2,26,1157222,1940611,02/10/2018 03:50:01 PM,41.992805849,-87.697041827
8791908,HV465660,09/07/2012 03:30:00 PM,025XX N NEVA AVE,4387,OTHER OFFENSE,VIOLATE ORDER OF PROTECTION,RESIDENCE,false,true,2512,025,36,18,26,1127994,1916137,02/10/2018 03:50:01 PM,41.926192069,-87.805109463
8791909,HV465577,09/07/2012 03:10:00 PM,070XX S PULASKI RD,0860,THEFT,RETAIL THEFT,DEPARTMENT STORE,true,false,0833,008,13,65,06,1150923,1857420,02/10/2018 03:50:01 PM,41.764646721,-87.722390196
8791912,HV465593,09/07/2012 03:45:00 PM,020XX N CENTRAL PARK AVE,141C,WEAPONS VIOLATION,UNLAWFUL USE OTHER DANG WEAPON,"SCHOOL, PUBLIC, BUILDING",false,false,2525,025,26,22,15,1152052,1913194,02/10/2018 03:50:01 PM,41.917675506,-87.716784566
8791915,HV465610,09/07/2012 06:40:00 AM,023XX N RUTHERFORD AVE,0610,BURGLARY,FORCIBLE ENTRY,RESIDENCE,false,false,2512,025,36,18,05,1131081,1914975,02/10/2018 03:50:01 PM,41.922950654,-87.793792844
8791917,HV465536,09/07/2012 03:35:00 PM,018XX N KEYSTONE AVE,0486,BATTERY,DOMESTIC BATTERY SIMPLE,STREET,false,true,2534,025,30,20,08B,1149090,1912014,02/10/2018 03:50:01 PM,41.914495392,-87.727697758
8791918,HV465584,09/07/2012 02:00:00 PM,011XX S CANAL ST,0870,THEFT,POCKET-PICKING,OTHER,false,false,0124,001,2,28,06,1173303,1895451,02/10/2018 03:50:01 PM,41.868541914,-87.639235361
8791919,HV465663,09/07/2012 01:10:00 PM,031XX W AINSLIE ST,0810,THEFT,OVER $500,RESIDENCE,false,false,1713,017,33,14,06,1154626,1932386,02/10/2018 03:50:01 PM,41.970288548,-87.706812165
8791920,HV465682,09/07/2012 02:55:00 PM,060XX S CHAMPLAIN AVE,2017,NARCOTICS,MANU/DELIVER:CRACK,SIDEWALK,true,false,0313,003,20,42,18,1181600,1865204,02/10/2018 03:50:01 PM,41.785353844,-87.60971096
8791921,HV465642,09/07/2012 04:35:00 PM,037XX W ROOSEVELT RD,1330,CRIMINAL TRESPASS,TO LAND,GAS STATION,true,false,1011,010,24,29,26,1151592,1894452,02/10/2018 03:50:01 PM,41.86625461,-87.718967674
8791922,HV465558,09/07/2012 03:25:00 PM,022XX W JACKSON BLVD,1330,CRIMINAL TRESPASS,TO LAND,SIDEWALK,true,false,1211,012,2,28,26,1161301,1898652,02/10/2018 03:50:01 PM,41.877583601,-87.683208224
8791923,HV465598,09/07/2012 04:25:00 PM,014XX W 72ND PL,1811,NARCOTICS,POSS: CANNABIS 30GMS OR LESS,SIDEWALK,true,false,0734,007,17,67,18,1167944,1856669,02/10/2018 03:50:01 PM,41.76223719,-87.660024894
8791925,HV465647,09/07/2012 03:45:00 PM,040XX W FILLMORE ST,0460,BATTERY,SIMPLE,SIDEWALK,false,false,1132,011,24,29,08B,1149712,1895069,02/10/2018 03:50:01 PM,41.867984444,-87.725853347
8791930,HV465555,09/07/2012 03:33:00 PM,055XX S PERRY AVE,0484,BATTERY,PRO EMP HANDS NO/MIN INJURY,STREET,false,false,0225,002,3,40,08B,1176643,1868266,02/10/2018 03:50:01 PM,41.793869322,-87.627793295
8791932,HV465565,09/07/2012 04:05:00 PM,105XX S LAFAYETTE AVE,1661,GAMBLING,GAME/DICE,SIDEWALK,true,false,0512,005,34,49,19,1177791,1835063,02/10/2018 03:50:01 PM,41.70273043,-87.624586565
8791933,HV465539,09/07/2012 03:34:00 PM,044XX W MAYPOLE AVE,1811,NARCOTICS,POSS: CANNABIS 30GMS OR LESS,SIDEWALK,true,false,1113,011,28,26,18,1146578,1901083,02/10/2018 03:50:01 PM,41.884547857,-87.737205614
8791934,HV465579,09/07/2012 03:42:00 PM,044XX W CONGRESS PKWY,1812,NARCOTICS,POSS: CANNABIS MORE THAN 30GMS,SIDEWALK,true,false,1131,011,24,26,18,1146917,1897323,02/10/2018 03:50:01 PM,41.874223509,-87.736056836
8791935,HV465573,09/07/2012 04:00:00 PM,079XX S SPRINGFIELD AVE,0470,PUBLIC PEACE VIOLATION,RECKLESS CONDUCT,"SCHOOL, PUBLIC, GROUNDS",false,false,0834,008,18,70,24,1151774,1851453,02/10/2018 03:50:01 PM,41.748255646,-87.71942708
8791936,HV465600,09/07/2012 03:30:00 PM,037XX W HURON ST,0460,BATTERY,SIMPLE,SIDEWALK,false,false,1122,011,27,23,08B,1151121,1904407,02/10/2018 03:50:01 PM,41.893581449,-87.720435782
8791939,HV465698,09/07/2012 04:30:00 PM,038XX W OHIO ST,0486,BATTERY,DOMESTIC BATTERY SIMPLE,APARTMENT,false,true,1122,011,27,23,08B,1150853,1903735,02/10/2018 03:50:01 PM,41.891742661,-87.721437661
8791940,HV465575,09/07/2012 02:55:00 PM,008XX N MICHIGAN AVE,0870,THEFT,POCKET-PICKING,CTA BUS,false,false,1833,018,42,8,06,1177338,1906265,02/10/2018 03:50:01 PM,41.898125628,-87.624094055
8791941,HV465646,09/07/2012 10:00:00 AM,067XX W NORTH AVE,0820,THEFT,$500 AND UNDER,STREET,false,false,2513,025,36,25,06,1131488,1909915,02/10/2018 03:50:01 PM,41.909058339,-87.792414622
8791943,HV465592,09/07/2012 03:15:00 PM,085XX S COTTAGE GROVE AVE,0860,THEFT,RETAIL THEFT,DEPARTMENT STORE,true,false,0632,006,6,44,06,1183056,1848421,02/10/2018 03:50:01 PM,41.739265865,-87.604893749
8791945,HV465564,09/07/2012 03:50:00 PM,050XX S DAMEN AVE,031A,ROBBERY,ARMED: HANDGUN,PARKING LOT/GARAGE(NON.RESID.),false,false,0931,009,16,61,03,1163875,1871170,02/10/2018 03:50:01 PM,41.802116266,-87.674531164
8791946,HV465676,09/07/2012 05:00:00 PM,0000X W WACKER DR,1330,CRIMINAL TRESPASS,TO LAND,HOTEL/MOTEL,true,false,0111,001,42,32,26,1176210,1902134,02/10/2018 03:50:01 PM,41.886815464,-87.628361716
8791947,HV465739,09/07/2012 05:42:00 PM,030XX S EMERALD AVE,2820,OTHER OFFENSE,TELEPHONE THREAT,APARTMENT,false,false,0914,009,11,60,26,1171793,1884754,02/10/2018 03:50:01 PM,41.839221861,-87.645093622
8791950,HV465587,09/07/2012 02:30:00 PM,099XX S CLYDE AVE,051A,ASSAULT,AGGRAVATED: HANDGUN,STREET,false,true,0431,004,7,51,04A,1192151,1839524,02/10/2018 03:50:01 PM,41.714635555,-87.571860141
8791951,HV465514,09/07/2012 02:00:00 PM,076XX S CHAPPEL AVE,0486,BATTERY,DOMESTIC BATTERY SIMPLE,RESIDENCE PORCH/HALLWAY,false,true,0414,004,8,43,08B,1191197,1854687,02/10/2018 03:50:01 PM,41.756267358,-87.574864638
8791954,HV465545,09/07/2012 03:25:00 PM,023XX W 63RD ST,0610,BURGLARY,FORCIBLE ENTRY,COMMERCIAL / BUSINESS OFFICE,true,false,0825,008,15,66,05,1162066,1862809,02/10/2018 03:50:01 PM,41.779210447,-87.681398053
8791955,HV465614,09/07/2012 04:18:00 PM,020XX W CHICAGO AVE,0860,THEFT,RETAIL THEFT,GROCERY FOOD STORE,true,false,1313,012,1,24,06,1162692,1905336,02/10/2018 03:50:01 PM,41.895896023,-87.677913394
8791957,HV465735,09/07/2012 05:00:00 PM,055XX S KOLMAR AVE,0554,ASSAULT,AGG PO HANDS NO/MIN INJURY,STREET,true,false,0813,008,13,62,08A,1146969,1867590,02/10/2018 03:50:01 PM,41.792631035,-87.736624234
8791959,HV465548,09/07/2012 03:10:00 PM,111XX S MICHIGAN AVE,0860,THEFT,RETAIL THEFT,SMALL RETAIL STORE,true,false,0531,005,9,49,06,1178796,1830909,02/10/2018 03:50:01 PM,41.691308512,-87.621032325
8791960,HV465726,09/07/2012 02:00:00 PM,033XX S KEDZIE AVE,0820,THEFT,$500 AND UNDER,"SCHOOL, PRIVATE, BUILDING",true,false,1032,010,22,30,06,1155572,1882206,02/10/2018 03:50:01 PM,41.832571089,-87.704685773
8791961,HV465716,09/07/2012 04:30:00 AM,018XX S SPRINGFIELD AVE,0610,BURGLARY,FORCIBLE ENTRY,APARTMENT,false,false,1014,010,24,29,05,1150693,1890614,02/10/2018 03:50:01 PM,41.855740291,-87.722368273
8791962,HV465671,09/07/2012 05:00:00 PM,022XX S SACRAMENTO AVE,0420,BATTERY,AGGRAVATED:KNIFE/CUTTING INSTR,SIDEWALK,false,false,1033,010,12,30,04B,1156707,1889036,02/10/2018 03:50:01 PM,41.851290535,-87.700336559
8791963,HV465602,09/07/2012 04:22:00 PM,106XX S HOXIE AVE,141C,WEAPONS VIOLATION,UNLAWFUL USE OTHER DANG WEAPON,SIDEWALK,true,false,0434,004,10,51,15,1195212,1834957,02/10/2018 03:50:01 PM,41.702028424,-87.560799733
8791964,HV465690,09/07/2012 04:47:00 PM,070XX S HARPER AVE,051A,ASSAULT,AGGRAVATED: HANDGUN,RESIDENTIAL YARD (FRONT/BACK),true,false,0332,003,5,43,04A,1187601,1858615,02/10/2018 03:50:01 PM,41.767132385,-87.58791829
8791965,HV465440,09/07/2012 02:30:00 PM,018XX W CHICAGO AVE,0860,THEFT,RETAIL THEFT,DRUG STORE,true,false,1322,012,1,24,06,1164089,1905378,02/10/2018 03:50:01 PM,41.895981875,-87.672781334
8791967,HV465727,09/07/2012 05:05:00 PM,065XX W DIVERSEY AVE,0860,THEFT,RETAIL THEFT,DEPARTMENT STORE,true,false,2512,025,36,19,06,1132377,1917897,02/10/2018 03:50:01 PM,41.930946496,-87.788962647
8791968,HV465697,09/07/2012 05:00:00 PM,022XX N KEDVALE AVE,1110,DECEPTIVE PRACTICE,BOGUS CHECK,BANK,false,false,2525,025,31,20,11,1148351,1914466,02/10/2018 03:50:01 PM,41.921238202,-87.730349421
8791970,HV465708,09/07/2012 12:20:00 PM,078XX S YATES BLVD,0610,BURGLARY,FORCIBLE ENTRY,APARTMENT,false,false,0421,004,7,43,05,1193557,1853503,02/10/2018 03:50:01 PM,41.752960947,-87.566254578
8791977,HV465591,09/07/2012 03:00:00 PM,066XX S JUSTINE ST,0560,ASSAULT,SIMPLE,SIDEWALK,false,false,0725,007,17,67,08A,1167151,1860645,02/10/2018 03:50:01 PM,41.773164853,-87.662817746
8791978,HV465732,09/07/2012 10:30:00 AM,135XX S TORRENCE AVE,031A,ROBBERY,ARMED: HANDGUN,OTHER,false,false,0434,004,10,55,03,1195790,1815870,02/10/2018 03:50:01 PM,41.649637299,-87.55931113
8791980,HV465617,09/07/2012 03:00:00 AM,057XX S PEORIA ST,0486,BATTERY,DOMESTIC BATTERY SIMPLE,STREET,false,true,0712,007,16,68,08B,1171288,1866768,02/10/2018 03:50:01 PM,41.789877566,-87.647473498
8791982,HV465502,09/07/2012 08:30:00 AM,024XX W 64TH ST,0910,MOTOR VEHICLE THEFT,AUTOMOBILE,RESIDENCE,false,false,0825,008,15,66,07,1161306,1862156,02/10/2018 03:50:01 PM,41.777434302,-87.684202376
8791984,HV465414,09/07/2012 02:00:00 PM,064XX S LOWE AVE,0486,BATTERY,DOMESTIC BATTERY SIMPLE,RESIDENCE,false,true,0723,007,16,68,08B,1173144,1862203,02/10/2018 03:50:01 PM,41.777309867,-87.640802922
8791985,HV465532,09/07/2012 03:00:00 PM,056XX S WINCHESTER AVE,0460,BATTERY,SIMPLE,SIDEWALK,false,true,0715,007,15,67,08B,1164318,1867287,02/10/2018 03:50:01 PM,41.791451507,-87.673015886
8791988,HV465436,09/07/2012 06:00:00 AM,013XX E 75TH ST,0910,MOTOR VEHICLE THEFT,AUTOMOBILE,STREET,false,false,0411,004,5,43,07,1186262,1855532,02/10/2018 03:50:01 PM,41.758704087,-87.592923477
8791990,HV465615,09/07/2012 03:10:00 PM,0000X N STATE ST,0860,THEFT,RETAIL THEFT,DEPARTMENT STORE,true,false,0112,001,42,32,06,1176365,1900502,02/10/2018 03:50:01 PM,41.88233367,-87.627841791
8791991,HV465622,09/07/2012 04:30:00 PM,029XX S FEDERAL ST,0486,BATTERY,DOMESTIC BATTERY SIMPLE,CHA HALLWAY/STAIRWELL/ELEVATOR,true,false,0133,001,3,35,08B,1176159,1885264,02/10/2018 03:50:01 PM,41.840524223,-87.629057214
8791992,HV465705,09/07/2012 04:40:00 PM,051XX W MADISON ST,1330,CRIMINAL TRESPASS,TO LAND,GAS STATION,true,false,1533,015,28,25,26,1142285,1899542,02/10/2018 03:50:01 PM,41.880399914,-87.753008553
8791993,HV465469,09/07/2012 02:20:00 PM,001XX S DEARBORN ST,0870,THEFT,POCKET-PICKING,CTA GARAGE / OTHER PROPERTY,false,false,0112,001,42,32,06,1175955,1899852,02/10/2018 03:50:01 PM,41.880559272,-87.629366876
8791994,HV465597,09/07/2012 02:30:00 PM,019XX S CLARK ST,0820,THEFT,$500 AND UNDER,OTHER,false,false,0131,001,25,34,06,1175803,1891007,02/10/2018 03:50:01 PM,41.856291443,-87.630191028
8792001,HV465677,09/07/2012 04:00:00 PM,036XX S KEDZIE AVE,0865,THEFT,DELIVERY CONTAINER THEFT,OTHER RAILROAD PROP / TRAIN DEPOT,false,false,0911,009,12,58,06,1155624,1880422,02/10/2018 03:50:01 PM,41.827674527,-87.704542887
8792004,HV465794,09/07/2012 06:00:00 PM,008XX W 32ND ST,0486,BATTERY,DOMESTIC BATTERY SIMPLE,SIDEWALK,true,true,0913,009,11,60,08B,1171422,1883744,02/10/2018 03:50:01 PM,41.836458481,-87.646484649
8792005,HV465764,09/07/2012 04:00:00 PM,013XX S INDEPENDENCE BLVD,0486,BATTERY,DOMESTIC BATTERY SIMPLE,APARTMENT,true,true,1011,010,24,29,08B,1151468,1893515,02/10/2018 03:50:01 PM,41.863685809,-87.71944749
8792007,HV465745,09/07/2012 05:11:00 PM,059XX W ROOSEVELT RD,1811,NARCOTICS,POSS: CANNABIS 30GMS OR LESS,STREET,true,false,1513,015,29,25,18,1136801,1894066,02/10/2018 03:50:01 PM,41.865473008,-87.773276756
8792008,HV465728,09/07/2012 04:25:00 PM,063XX N NAGLE AVE,0860,THEFT,RETAIL THEFT,GROCERY FOOD STORE,false,false,1611,016,41,10,06,1132627,1941632,02/10/2018 03:50:01 PM,41.996073378,-87.78748829
8792009,HV465762,09/07/2012 05:20:00 PM,036XX W BELMONT AVE,0860,THEFT,RETAIL THEFT,GROCERY FOOD STORE,true,false,1732,017,35,21,06,1151596,1921036,02/10/2018 03:50:01 PM,41.939203599,-87.718253253
8792010,HV465772,09/07/2012 06:00:00 PM,016XX W DEVON AVE,0460,BATTERY,SIMPLE,SIDEWALK,false,false,2432,024,40,1,08B,1164303,1942584,02/10/2018 03:50:01 PM,41.998072486,-87.670939306
8792011,HV465704,09/07/2012 05:10:00 PM,010XX N LEAMINGTON AVE,0486,BATTERY,DOMESTIC BATTERY SIMPLE,APARTMENT,false,true,1531,015,37,25,08B,1141837,1906480,02/10/2018 03:50:01 PM,41.899446926,-87.754481726
8792012,HV465802,09/07/2012 04:30:00 PM,078XX S HALSTED ST,0460,BATTERY,SIMPLE,STREET,false,false,0621,006,17,71,08B,1172325,1852974,02/10/2018 03:50:01 PM,41.752002423,-87.644076471
8792013,HV465609,09/07/2012 04:12:00 PM,060XX N WINTHROP AVE,1310,CRIMINAL DAMAGE,TO PROPERTY,COMMERCIAL / BUSINESS OFFICE,false,false,2433,024,48,77,14,1167769,1940194,02/10/2018 03:50:01 PM,41.991439996,-87.658258453
8792014,HV465679,09/07/2012 05:07:00 PM,079XX S GREENWOOD AVE,0560,ASSAULT,SIMPLE,APARTMENT,false,false,0624,006,8,44,08A,1184931,1852548,02/10/2018 03:50:01 PM,41.750547026,-87.597894925
8792019,HV465437,09/07/2012 12:18:00 PM,088XX S LAFLIN ST,0620,BURGLARY,UNLAWFUL ENTRY,RESIDENCE-GARAGE,true,false,2222,022,21,71,05,1167883,1846021,02/10/2018 03:50:01 PM,41.733018901,-87.660553612
8792020,HV465494,09/07/2012 02:30:00 PM,082XX S DR MARTIN LUTHER KING JR DR,0486,BATTERY,DOMESTIC BATTERY SIMPLE,APARTMENT,false,true,0631,006,6,44,08B,1180332,1850547,02/10/2018 03:50:01 PM,41.745162693,-87.614808883
8792021,HV465829,09/07/2012 06:36:00 PM,004XX W EVERGREEN AVE,1330,CRIMINAL TRESPASS,TO LAND,RESIDENTIAL YARD (FRONT/BACK),true,false,1821,018,27,8,26,1173299,1909288,02/10/2018 03:50:01 PM,41.906511566,-87.638838917
8792025,HV465852,09/07/2012 07:06:49 PM,003XX W 35TH ST,1130,DECEPTIVE PRACTICE,FRAUD OR CONFIDENCE GAME,COMMERCIAL / BUSINESS OFFICE,false,false,0915,009,11,34,11,1174431,1881739,02/10/2018 03:50:01 PM,41.830890037,-87.635503335
8792027,HV465751,09/07/2012 07:00:00 AM,052XX N CENTRAL AVE,0610,BURGLARY,FORCIBLE ENTRY,APARTMENT,false,false,1623,016,45,11,05,1137847,1934666,02/10/2018 03:50:01 PM,41.976865195,-87.768455
8792028,HV465709,09/07/2012 03:18:00 PM,071XX S VINCENNES AVE,143A,WEAPONS VIOLATION,UNLAWFUL POSS OF HANDGUN,GAS STATION,true,false,0731,007,6,69,15,1176677,1857867,02/10/2018 03:50:01 PM,41.765332603,-87.627981404
8792030,HV465838,09/07/2012 02:45:00 PM,047XX S LAVERGNE AVE,0610,BURGLARY,FORCIBLE ENTRY,RESIDENCE,false,false,0814,008,23,56,05,1143823,1872794,02/10/2018 03:50:01 PM,41.80697099,-87.748030451
8792031,HV465818,09/07/2012 06:30:00 PM,026XX W CERMAK RD,0460,BATTERY,SIMPLE,SIDEWALK,true,false,1023,010,28,30,08B,1159166,1889298,02/10/2018 03:50:01 PM,41.851959396,-87.691304248
8792034,HV465851,09/07/2012 06:50:00 PM,010XX N RIDGEWAY AVE,2027,NARCOTICS,POSS: CRACK,SIDEWALK,true,false,1112,011,27,23,18,1151194,1906596,02/10/2018 03:50:01 PM,41.899586853,-87.720110215
8792036,HV465815,09/07/2012 05:00:00 PM,038XX W MADISON ST,0486,BATTERY,DOMESTIC BATTERY SIMPLE,STREET,false,true,1122,011,28,26,08B,1150898,1899740,02/10/2018 03:50:01 PM,41.880779076,-87.721377025
8792037,HV465661,09/07/2012 06:00:00 AM,048XX W STRONG ST,0610,BURGLARY,FORCIBLE ENTRY,APARTMENT,false,false,1623,016,45,12,05,1143162,1932474,02/10/2018 03:50:01 PM,41.970752337,-87.748964162
8792039,HV465800,09/07/2012 09:30:00 AM,043XX W 63RD ST,1310,CRIMINAL DAMAGE,TO PROPERTY,APARTMENT,false,false,0813,008,13,65,14,1148707,1862478,02/10/2018 03:50:01 PM,41.778569614,-87.73038258
8792040,HV465741,09/07/2012 04:45:00 PM,105XX S YATES AVE,141A,WEAPONS VIOLATION,UNLAWFUL USE HANDGUN,CHA PARKING LOT/GROUNDS,false,false,0434,004,10,51,15,1194209,1835557,02/10/2018 03:50:01 PM,41.703699517,-87.564452741
8792041,HV465768,09/07/2012 03:00:00 PM,081XX S TRIPP AVE,0610,BURGLARY,FORCIBLE ENTRY,RESIDENCE,false,false,0834,008,13,70,05,1149404,1849901,02/10/2018 03:50:01 PM,41.744042758,-87.728151679
8792043,HV465724,09/07/2012 04:45:00 PM,045XX S LECLAIRE AVE,0486,BATTERY,DOMESTIC BATTERY SIMPLE,STREET,false,true,0814,008,23,56,08B,1143124,1873972,02/10/2018 03:50:01 PM,41.810216642,-87.75056491
8792048,HV465725,09/07/2012 02:30:00 AM,059XX S ROCKWELL ST,0810,THEFT,OVER $500,STREET,false,false,0824,008,16,66,06,1160059,1865089,02/10/2018 03:50:01 PM,41.785508601,-87.688693296
8792049,HV465718,09/07/2012 04:15:00 PM,045XX S WABASH AVE,0497,BATTERY,AGGRAVATED DOMESTIC BATTERY: OTHER DANG WEAPON,CHA APARTMENT,false,true,0215,002,3,38,04B,1177473,1875024,02/10/2018 03:50:01 PM,41.812395165,-87.624545404
8792050,HV465515,09/07/2012 03:04:00 PM,025XX W 59TH ST,0810,THEFT,OVER $500,CONVENIENCE STORE,false,false,0824,008,16,66,06,1160285,1865451,02/10/2018 03:50:01 PM,41.786497326,-87.687854707
8792052,HV465669,09/07/2012 02:00:00 PM,038XX W 86TH PL,0610,BURGLARY,FORCIBLE ENTRY,RESIDENCE,false,false,0834,008,18,70,05,1152303,1846932,02/10/2018 03:50:01 PM,41.735838865,-87.717607156
8792054,HV465659,09/07/2012 08:55:00 AM,0000X E DELAWARE PL,2825,OTHER OFFENSE,HARASSMENT BY TELEPHONE,RESTAURANT,false,true,1833,018,42,8,26,1176432,1906632,02/10/2018 03:50:01 PM,41.899153198,-87.627410584
8792056,HV465754,09/07/2012 05:15:00 PM,059XX S PRAIRIE AVE,0486,BATTERY,DOMESTIC BATTERY SIMPLE,APARTMENT,true,true,0232,002,20,40,08B,1179056,1865707,02/10/2018 03:50:01 PM,41.786792498,-87.619023009
8792057,HV465420,09/07/2012 09:00:00 AM,026XX S WESTERN AVE,0820,THEFT,$500 AND UNDER,OTHER,false,false,1034,010,25,31,06,1160796,1886432,02/10/2018 03:50:01 PM,41.844061191,-87.685401066
8792058,HV465531,09/07/2012 03:00:00 PM,082XX S KEDZIE AVE,0313,ROBBERY,ARMED: OTHER DANGEROUS WEAPON,SMALL RETAIL STORE,false,false,0835,008,18,70,03,1156484,1849725,02/10/2018 03:50:01 PM,41.743420218,-87.702214313
8792060,HV465747,09/07/2012 05:30:00 PM,059XX W WASHINGTON BLVD,1320,CRIMINAL DAMAGE,TO VEHICLE,PARKING LOT/GARAGE(NON.RESID.),false,false,1513,015,29,25,14,1136661,1900132,02/10/2018 03:50:01 PM,41.882121452,-87.773645505
8792061,HV465808,09/07/2012 06:00:00 PM,014XX W 90TH ST,0820,THEFT,$500 AND UNDER,RESIDENCE,false,false,2222,022,21,73,06,1168391,1845068,02/10/2018 03:50:01 PM,41.730392818,-87.658719931
8792062,HV465779,09/07/2012 05:45:00 PM,071XX S EAST END AVE,0486,BATTERY,DOMESTIC BATTERY SIMPLE,APARTMENT,false,true,0324,003,8,43,08B,1188773,1857866,02/10/2018 03:50:01 PM,41.765049113,-87.583646422
8792065,HV465568,09/07/2012 01:45:00 PM,047XX W MARQUETTE RD,1780,OFFENSE INVOLVING CHILDREN,OTHER OFFENSE,"SCHOOL, PUBLIC, BUILDING",false,true,0833,008,13,65,26,1146112,1859760,02/10/2018 03:50:01 PM,41.7711605,-87.739964917
8792066,HV465804,09/07/2012 06:00:00 PM,035XX N BROADWAY,0860,THEFT,RETAIL THEFT,GROCERY FOOD STORE,true,false,1925,019,46,6,06,1171076,1923738,02/10/2018 03:50:01 PM,41.946212132,-87.646579678
8792067,HV465822,09/07/2012 04:50:00 PM,029XX W ADDISON ST,0860,THEFT,RETAIL THEFT,DEPARTMENT STORE,false,false,1733,017,33,21,06,1155975,1923781,02/10/2018 03:50:01 PM,41.946648722,-87.702084879
8792069,HV465884,09/07/2012 07:15:00 PM,001XX W 103RD PL,0560,ASSAULT,SIMPLE,RESIDENCE,false,false,0512,005,34,49,08A,1177175,1836326,02/10/2018 03:50:01 PM,41.706210169,-87.626804247
8792070,HV465501,09/07/2012 02:35:00 PM,052XX S WENTWORTH AVE,2825,OTHER OFFENSE,HARASSMENT BY TELEPHONE,POLICE FACILITY/VEH PARKING LOT,false,false,0225,002,3,37,26,1175853,1870255,02/10/2018 03:50:01 PM,41.79934509,-87.630630536
8792072,HV465823,09/07/2012 07:15:00 AM,030XX S HAMLIN AVE,0620,BURGLARY,UNLAWFUL ENTRY,RESIDENCE-GARAGE,false,false,1031,010,22,30,05,1151525,1884050,02/10/2018 03:50:01 PM,41.837711575,-87.719486619
8792073,HV465814,09/07/2012 06:20:00 PM,071XX S VERNON AVE,4387,OTHER OFFENSE,VIOLATE ORDER OF PROTECTION,RESIDENCE PORCH/HALLWAY,true,false,0323,003,6,69,26,1180479,1857857,02/10/2018 03:50:01 PM,41.765218761,-87.614046316
8792076,HV465641,09/07/2012 04:32:00 PM,003XX E 107TH ST,1365,CRIMINAL TRESPASS,TO RESIDENCE,ABANDONED BUILDING,false,false,0513,005,9,49,26,1180597,1834091,02/10/2018 03:50:01 PM,41.699999302,-87.614341486
8792078,HV465798,09/07/2012 04:30:00 PM,030XX W 40TH PL,0530,ASSAULT,AGGRAVATED: OTHER DANG WEAPON,SIDEWALK,false,false,0921,009,14,58,04A,1156809,1877621,02/10/2018 03:50:01 PM,41.81996435,-87.700270965
8792079,HV465629,09/07/2012 04:28:00 PM,095XX S STATE ST,0560,ASSAULT,SIMPLE,STREET,false,true,0511,005,21,49,08A,1177973,1841788,02/10/2018 03:50:01 PM,41.721180629,-87.623717187
8792082,HV465651,09/07/2012 03:00:00 PM,035XX W DOUGLAS BLVD,2820,OTHER OFFENSE,TELEPHONE THREAT,RESIDENCE,false,false,1021,010,24,29,26,1152781,1893058,02/10/2018 03:50:01 PM,41.862405884,-87.714639603
8792083,HV465839,09/07/2012 03:00:00 PM,091XX S STONY ISLAND AVE,0820,THEFT,$500 AND UNDER,PARKING LOT/GARAGE(NON.RESID.),false,false,0413,004,8,48,06,1188390,1844597,02/10/2018 03:50:01 PM,41.728646864,-87.585472909
8792084,HV465810,09/07/2012 06:00:00 PM,068XX S MORGAN ST,0460,BATTERY,SIMPLE,SIDEWALK,false,false,0723,007,17,68,08B,1170822,1859567,02/10/2018 03:50:01 PM,41.770127362,-87.64939219
8792086,HV465881,09/07/2012 07:00:00 PM,028XX W LAWRENCE AVE,0820,THEFT,$500 AND UNDER,STREET,false,false,1911,019,47,4,06,1156450,1931756,02/10/2018 03:50:01 PM,41.968522995,-87.700122312
8792087,HV465847,09/07/2012 06:00:00 PM,095XX S COTTAGE GROVE AVE,0820,THEFT,$500 AND UNDER,OTHER,false,false,0511,005,9,50,06,1183549,1841976,02/10/2018 03:50:01 PM,41.721568583,-87.603287781
8792088,HV465836,09/07/2012 06:00:00 PM,023XX S HOMAN AVE,0486,BATTERY,DOMESTIC BATTERY SIMPLE,RESIDENCE,true,true,1024,010,22,30,08B,1154064,1888308,02/10/2018 03:50:01 PM,41.849345871,-87.710056424
8792089,HV465806,09/07/2012 07:45:00 AM,092XX S LAFLIN ST,0610,BURGLARY,FORCIBLE ENTRY,RESIDENCE,false,false,2221,022,21,73,05,1167956,1843491,02/10/2018 03:50:01 PM,41.72607464,-87.660358644
8792090,HV465830,09/07/2012 06:11:00 PM,083XX S CARPENTER ST,2027,NARCOTICS,POSS: CRACK,SIDEWALK,true,false,0613,006,21,71,18,1170768,1849553,02/10/2018 03:50:01 PM,41.742648828,-87.649881744
8792091,HV465740,09/07/2012 09:00:00 AM,038XX W DEVON AVE,0610,BURGLARY,FORCIBLE ENTRY,RESIDENCE,false,false,1711,017,39,13,05,1149750,1942161,02/10/2018 03:50:01 PM,41.99720819,-87.724486113
8792092,HV465846,09/07/2012 06:30:00 PM,004XX N LA SALLE DR,0810,THEFT,OVER $500,SIDEWALK,false,false,1831,018,42,8,06,1175059,1903375,02/10/2018 03:50:01 PM,41.890246707,-87.63255123
8792093,HV465835,09/07/2012 06:43:00 PM,058XX S HALSTED ST,1330,CRIMINAL TRESPASS,TO LAND,TAVERN/LIQUOR STORE,true,false,0711,007,20,68,26,1171974,1865924,02/10/2018 03:50:01 PM,41.787546491,-87.644982919
8792094,HV465862,09/07/2012 08:30:00 AM,055XX S INDIANA AVE,1320,CRIMINAL DAMAGE,TO VEHICLE,STREET,false,false,0231,002,20,40,14,1178540,1868423,02/10/2018 03:50:01 PM,41.794257212,-87.620832396
8792095,HV465688,09/07/2012 03:15:00 PM,057XX N CICERO AVE,0610,BURGLARY,FORCIBLE ENTRY,RESIDENCE,false,false,1711,017,39,12,05,1143308,1937697,02/10/2018 03:50:01 PM,41.98508191,-87.748296133
8792096,HV465896,09/07/2012 05:30:00 PM,012XX S MICHIGAN AVE,0843,THEFT,ATTEMPT FINANCIAL IDENTITY THEFT,APARTMENT,false,false,0131,001,2,33,06,1177422,1894782,02/10/2018 03:50:01 PM,41.86661375,-87.62413407
8792098,HV465665,09/07/2012 07:50:00 AM,012XX N SPAULDING AVE,0820,THEFT,$500 AND UNDER,VEHICLE NON-COMMERCIAL,true,false,1422,014,26,23,06,1154132,1908278,02/10/2018 03:50:01 PM,41.904144282,-87.709273946
8792099,HV465876,09/07/2012 06:30:00 PM,076XX S MARSHFIELD AVE,0560,ASSAULT,SIMPLE,STREET,false,false,0611,006,17,71,08A,1166668,1854126,02/10/2018 03:50:01 PM,41.755286163,-87.664774047
8792101,HV465874,09/07/2012 04:30:00 PM,074XX N PAULINA ST,2820,OTHER OFFENSE,TELEPHONE THREAT,RESIDENCE,false,false,2422,024,49,1,26,1163818,1949543,02/10/2018 03:50:01 PM,42.017178415,-87.672525852
8792102,HV465767,09/07/2012 04:00:00 PM,009XX E 79TH ST,0486,BATTERY,DOMESTIC BATTERY SIMPLE,STREET,false,true,0624,006,8,69,08B,1184019,1852825,02/10/2018 03:50:01 PM,41.751328486,-87.601228243
8792103,HV465833,09/07/2012 06:25:00 PM,081XX S ALBANY AVE,0910,MOTOR VEHICLE THEFT,AUTOMOBILE,STREET,false,false,0835,008,18,70,07,1157127,1850539,02/10/2018 03:50:01 PM,41.745641002,-87.699836342
8792104,HV465840,09/07/2012 04:30:00 PM,075XX N PAULINA ST,0870,THEFT,POCKET-PICKING,CTA PLATFORM,false,false,2422,024,49,1,06,1163690,1950023,02/10/2018 03:50:01 PM,42.018498254,-87.672983233
8792105,HV465915,09/07/2012 05:00:00 PM,039XX W 82ND ST,0810,THEFT,OVER $500,RESIDENTIAL YARD (FRONT/BACK),false,false,0834,008,18,70,06,1151586,1849916,02/10/2018 03:50:01 PM,41.744041531,-87.720156119
8792107,HV465461,09/07/2012 02:38:00 PM,069XX S WENTWORTH AVE,051A,ASSAULT,AGGRAVATED: HANDGUN,STREET,false,false,0731,007,6,69,04A,1176156,1859062,02/10/2018 03:50:01 PM,41.768623525,-87.629855197
8792108,HV465899,09/07/2012 02:00:00 AM,090XX S ADA ST,0910,MOTOR VEHICLE THEFT,AUTOMOBILE,RESIDENTIAL YARD (FRONT/BACK),false,false,2222,022,21,73,07,1168915,1844779,02/10/2018 03:50:01 PM,41.729588474,-87.65680867
8792109,HV465729,09/07/2012 12:30:00 PM,0000X E JACKSON BLVD,1150,DECEPTIVE PRACTICE,CREDIT CARD FRAUD,RESTAURANT,false,false,0113,001,2,32,11,1177029,1899023,02/10/2018 03:50:01 PM,41.878260207,-87.625448401
8792110,HV465832,09/07/2012 06:10:00 PM,026XX S DR MARTIN LUTHER KING JR DR,0820,THEFT,$500 AND UNDER,STREET,false,false,0133,001,4,35,06,1179251,1886999,02/10/2018 03:50:01 PM,41.845215049,-87.617657849
8792111,HV465743,09/07/2012 02:30:00 PM,001XX S MICHIGAN AVE,0820,THEFT,$500 AND UNDER,RESTAURANT,false,false,0112,001,42,32,06,1177320,1899807,02/10/2018 03:50:01 PM,41.880404956,-87.624356147
8792112,HV465817,09/07/2012 05:15:00 PM,047XX N KILPATRICK AVE,0620,BURGLARY,UNLAWFUL ENTRY,RESIDENCE-GARAGE,false,false,1722,017,45,16,05,1144176,1931108,02/10/2018 03:50:01 PM,41.966984886,-87.745270033
8792113,HV465611,09/07/2012 08:00:00 AM,036XX N CALIFORNIA AVE,0820,THEFT,$500 AND UNDER,STREET,false,false,1733,017,33,16,06,1157069,1924082,02/10/2018 03:50:01 PM,41.947452506,-87.698055453
8792117,HV465763,09/07/2012 02:00:00 AM,060XX S GREEN ST,0910,MOTOR VEHICLE THEFT,AUTOMOBILE,RESIDENTIAL YARD (FRONT/BACK),false,false,0712,007,16,68,07,1171675,1864747,02/10/2018 03:50:01 PM,41.784323234,-87.646113716
8792118,HV465714,09/07/2012 01:07:00 PM,015XX N BELL AVE,0890,THEFT,FROM BUILDING,RESIDENCE PORCH/HALLWAY,false,false,1424,014,1,24,06,1161126,1910149,02/10/2018 03:50:01 PM,41.909135956,-87.683531076
8792119,HV465674,09/07/2012 03:30:00 PM,007XX N MICHIGAN AVE,0820,THEFT,$500 AND UNDER,SMALL RETAIL STORE,false,false,1833,018,42,8,06,1177293,1905623,02/10/2018 03:50:01 PM,41.89636497,-87.624278822
8792120,HV465668,09/07/2012 03:00:00 PM,089XX S HOUSTON AVE,0460,BATTERY,SIMPLE,STREET,false,false,0424,004,10,46,08B,1198072,1846375,02/10/2018 03:50:01 PM,41.733289529,-87.549947051
8792121,HV465891,09/07/2012 07:15:00 PM,036XX W LAKE ST,1210,DECEPTIVE PRACTICE,THEFT OF LABOR/SERVICES,CTA PLATFORM,true,false,1122,011,28,27,11,1151988,1901284,02/10/2018 03:50:01 PM,41.884994578,-87.71733391
8792122,HV465940,09/07/2012 11:30:00 AM,086XX S RACINE AVE,0810,THEFT,OVER $500,PARKING LOT/GARAGE(NON.RESID.),false,false,0613,006,21,71,06,1169829,1847589,02/10/2018 03:50:01 PM,41.737279752,-87.653379114
8792123,HV465580,09/07/2012 01:30:00 PM,002XX S MICHIGAN AVE,0890,THEFT,FROM BUILDING,RESTAURANT,false,false,0113,001,42,32,06,1177326,1899381,02/10/2018 03:50:01 PM,41.879235852,-87.624347038
8792125,HV465755,09/07/2012 05:35:00 PM,030XX N MILWAUKEE AVE,0910,MOTOR VEHICLE THEFT,AUTOMOBILE,VEHICLE NON-COMMERCIAL,false,false,2523,025,35,21,07,1151162,1920110,02/10/2018 03:50:01 PM,41.936671114,-87.719872686
8792126,HV465774,09/07/2012 05:45:00 PM,050XX W GRAND AVE,0460,BATTERY,SIMPLE,OTHER,false,false,2533,025,31,19,08B,1142372,1912674,02/10/2018 03:50:01 PM,41.916434028,-87.75236256
8792129,HV465699,09/07/2012 01:00:00 PM,051XX S LAPORTE AVE,0910,MOTOR VEHICLE THEFT,AUTOMOBILE,STREET,false,false,0814,008,23,56,07,1144234,1869956,02/10/2018 03:50:01 PM,41.799175377,-87.746594062
8792131,HV465951,09/07/2012 08:15:00 PM,006XX W HARRISON ST,1330,CRIMINAL TRESPASS,TO LAND,OTHER,true,false,0124,001,2,28,26,1172257,1897564,02/10/2018 03:50:01 PM,41.874363279,-87.643013039
8792132,HV465866,09/07/2012 06:59:00 PM,037XX W FLOURNOY ST,2027,NARCOTICS,POSS: CRACK,STREET,true,false,1133,011,24,27,18,1151662,1896776,02/10/2018 03:50:01 PM,41.872630553,-87.718649604
8792133,HV465871,09/07/2012 06:40:00 PM,052XX W HARRISON ST,2014,NARCOTICS,MANU/DELIVER: HEROIN (WHITE),STREET,true,false,1522,015,29,25,18,1141477,1896816,02/10/2018 03:50:01 PM,41.872934376,-87.756042812
8792134,HV465863,09/07/2012 01:00:00 PM,009XX W PERSHING RD,2820,OTHER OFFENSE,TELEPHONE THREAT,OTHER,false,true,0915,009,11,60,26,1170549,1878980,02/10/2018 03:50:01 PM,41.823404728,-87.649827084
8792136,HV465667,09/07/2012 03:30:00 PM,019XX S TRUMBULL AVE,1152,DECEPTIVE PRACTICE,ILLEGAL USE CASH CARD,RESIDENCE,false,false,1024,010,24,29,11,1153726,1890374,02/10/2018 03:50:01 PM,41.855021942,-87.711242
8792137,HV465930,09/07/2012 07:55:00 PM,035XX W LAKE ST,1811,NARCOTICS,POSS: CANNABIS 30GMS OR LESS,SIDEWALK,true,false,1123,011,28,27,18,1152842,1901224,02/10/2018 03:50:01 PM,41.884813067,-87.714199454
8792140,HV465921,09/07/2012 08:05:00 PM,020XX N LAMON AVE,1811,NARCOTICS,POSS: CANNABIS 30GMS OR LESS,SIDEWALK,true,false,2522,025,31,19,18,1143370,1913072,02/10/2018 03:50:01 PM,41.917507571,-87.748685931
8792143,HV465902,09/07/2012 07:19:00 PM,086XX S EXCHANGE AVE,1811,NARCOTICS,POSS: CANNABIS 30GMS OR LESS,STREET,true,false,0423,004,10,46,18,1197308,1848351,02/10/2018 03:50:01 PM,41.738730879,-87.552680229
8792144,HV465791,09/07/2012 04:00:00 PM,082XX S COLES AVE,0820,THEFT,$500 AND UNDER,APARTMENT,false,false,0424,004,7,46,06,1198249,1850987,02/10/2018 03:50:01 PM,41.745940784,-87.549144669
8792145,HV465850,09/07/2012 04:00:00 PM,005XX W DEMING PL,0486,BATTERY,DOMESTIC BATTERY SIMPLE,APARTMENT,true,true,1935,019,43,7,08B,1172114,1917226,02/10/2018 03:50:01 PM,41.928320067,-87.642957119
8792148,HV465757,09/07/2012 05:40:00 PM,046XX S MC DOWELL AVE,0810,THEFT,OVER $500,POOL ROOM,false,false,0924,009,3,61,06,1166769,1873876,02/10/2018 03:50:01 PM,41.809480479,-87.663840366
8792149,HV465775,09/07/2012 12:00:00 PM,049XX W THOMAS ST,0620,BURGLARY,UNLAWFUL ENTRY,APARTMENT,false,false,1531,015,37,25,05,1143152,1906865,02/10/2018 03:50:01 PM,41.900478961,-87.749642063
8792150,HV465873,09/07/2012 06:30:00 PM,071XX S WESTERN AVE,0860,THEFT,RETAIL THEFT,DRUG STORE,true,false,0832,008,18,66,06,1161608,1857318,02/10/2018 03:50:01 PM,41.764151886,-87.683229302
8792151,HV465706,09/07/2012 04:55:00 PM,046XX S WENTWORTH AVE,0820,THEFT,$500 AND UNDER,STREET,false,false,0925,009,3,37,06,1175413,1874160,02/10/2018 03:50:01 PM,41.810070644,-87.632127284
8792153,HV465787,09/07/2012 05:20:00 PM,002XX E HURON ST,0860,THEFT,RETAIL THEFT,SMALL RETAIL STORE,false,false,1834,018,42,8,06,1177877,1905128,02/10/2018 03:50:01 PM,41.894993403,-87.622148996
8792156,HV465955,09/07/2012 07:50:00 PM,026XX E 79TH ST,1811,NARCOTICS,POSS: CANNABIS 30GMS OR LESS,SIDEWALK,true,false,0421,004,7,43,18,1195427,1853105,02/10/2018 03:50:01 PM,41.751822849,-87.559415028
8792157,HV465970,09/07/2012 07:00:00 PM,009XX W FULLERTON AVE,0860,THEFT,RETAIL THEFT,GROCERY FOOD STORE,true,false,1812,018,43,7,06,1169523,1916139,02/10/2018 03:50:01 PM,41.925394137,-87.652509775
8792158,HV465561,09/07/2012 04:00:00 PM,015XX N HUDSON AVE,1780,OFFENSE INVOLVING CHILDREN,OTHER OFFENSE,SIDEWALK,false,false,1821,018,43,8,26,1173028,1910780,02/10/2018 03:50:01 PM,41.910611706,-87.639790083
8792159,HV465954,09/07/2012 07:48:00 PM,003XX W 71ST ST,1812,NARCOTICS,POSS: CANNABIS MORE THAN 30GMS,STREET,true,false,0731,007,6,69,18,1175439,1857879,02/10/2018 03:50:01 PM,41.765393301,-87.632518676
8792161,HV465870,09/07/2012 06:50:00 PM,019XX S CHRISTIANA AVE,0496,BATTERY,AGGRAVATED DOMESTIC BATTERY: KNIFE/CUTTING INST,RESIDENCE,true,true,1024,010,24,29,04B,1154340,1890246,02/10/2018 03:50:01 PM,41.854658466,-87.70899175
8792162,HV465961,09/07/2012 04:00:00 PM,015XX W 45TH ST,0430,BATTERY,AGGRAVATED: OTHER DANG WEAPON,SIDEWALK,false,false,0924,009,3,61,04B,1166917,1874878,02/10/2018 03:50:01 PM,41.812226914,-87.663268872
8792163,HV465936,09/07/2012 07:45:00 PM,006XX S MICHIGAN AVE,0460,BATTERY,SIMPLE,STREET,false,false,0123,001,2,32,08B,1177375,1897517,02/10/2018 03:50:01 PM,41.874119819,-87.624223667
8792165,HV465889,09/07/2012 07:00:00 PM,034XX W 13TH PL,0486,BATTERY,DOMESTIC BATTERY SIMPLE,ALLEY,true,true,1021,010,24,29,08B,1153744,1893693,02/10/2018 03:50:01 PM,41.864129297,-87.711087642
8792166,HV465909,09/07/2012 07:53:00 PM,080XX S RACINE AVE,1330,CRIMINAL TRESPASS,TO LAND,GROCERY FOOD STORE,true,false,0612,006,21,71,26,1169722,1851379,02/10/2018 03:50:01 PM,41.747682356,-87.65366146
8792168,HV465927,09/07/2012 07:55:00 PM,001XX N WABASH AVE,4255,KIDNAPPING,UNLAWFUL INTERFERE/VISITATION,RESTAURANT,false,true,0111,001,42,32,26,1176798,1901032,02/10/2018 03:50:01 PM,41.883778241,-87.626235794
8792175,HV465966,09/07/2012 11:00:00 AM,018XX N HOYNE AVE,0610,BURGLARY,FORCIBLE ENTRY,APARTMENT,false,false,1434,014,32,22,05,1162058,1912573,02/10/2018 03:50:01 PM,41.915768159,-87.680039508
8792176,HV465971,09/07/2012 04:00:00 PM,026XX E 76TH ST,1310,CRIMINAL DAMAGE,TO PROPERTY,RESIDENCE,false,false,0421,004,7,43,14,1194943,1855075,02/10/2018 03:50:01 PM,41.757240612,-87.561123832
8792177,HV465937,09/07/2012 07:55:00 PM,020XX N KEDZIE AVE,0486,BATTERY,DOMESTIC BATTERY SIMPLE,APARTMENT,false,true,1414,014,35,22,08B,1154707,1913616,02/10/2018 03:50:01 PM,41.918780718,-87.707018632
8792179,HV465770,09/07/2012 04:00:00 PM,014XX W DIVISION ST,0560,ASSAULT,SIMPLE,SIDEWALK,false,false,1323,012,27,24,08A,1166393,1908092,02/10/2018 03:50:01 PM,41.903380291,-87.664241511
8792180,HV465956,09/07/2012 07:48:00 PM,040XX S ELLIS AVE,2024,NARCOTICS,POSS: HEROIN(WHITE),ALLEY,true,false,0214,002,4,36,18,1183163,1878409,02/10/2018 03:50:01 PM,41.821553176,-87.603569294
8792181,HV465932,09/07/2012 06:59:00 PM,056XX S SPAULDING AVE,2820,OTHER OFFENSE,TELEPHONE THREAT,RESIDENCE,false,false,0822,008,14,63,26,1155341,1867111,02/10/2018 03:50:01 PM,41.791153028,-87.705937706
8792182,HV465788,09/07/2012 05:55:00 PM,018XX N KIMBALL AVE,0486,BATTERY,DOMESTIC BATTERY SIMPLE,RESIDENCE,false,true,1422,014,26,22,08B,1153411,1912026,02/10/2018 03:50:01 PM,41.914443495,-87.711822623
8792183,HV465525,09/07/2012 03:25:00 PM,002XX W GARFIELD BLVD,0820,THEFT,$500 AND UNDER,CTA BUS STOP,false,false,0935,009,3,37,06,1175647,1868500,02/10/2018 03:50:01 PM,41.794533814,-87.631438536
8792184,HV465933,09/07/2012 07:53:00 PM,075XX S LANGLEY AVE,2025,NARCOTICS,POSS: HALLUCINOGENS,STREET,true,false,0624,006,6,69,18,1182202,1855125,02/10/2018 03:50:01 PM,41.757682162,-87.607815516
8792185,HV465989,09/07/2012 07:00:00 PM,059XX S ARCHER AVE,0820,THEFT,$500 AND UNDER,VEHICLE NON-COMMERCIAL,false,false,0811,008,23,56,06,1139053,1868478,02/10/2018 03:50:01 PM,41.795214968,-87.765630195
8792186,HV465771,09/07/2012 05:20:00 PM,006XX E 45TH ST,031A,ROBBERY,ARMED: HANDGUN,SIDEWALK,false,false,0221,002,3,38,03,1181302,1875318,02/10/2018 03:50:01 PM,41.813114405,-87.610491718
8792188,HV465922,09/07/2012 07:40:00 PM,010XX W 103RD ST,502R,OTHER OFFENSE,VEHICLE TITLE/REG OFFENSE,STREET,true,false,2232,022,34,73,26,1170999,1836512,02/10/2018 03:50:01 PM,41.706857405,-87.64941498
8792190,HV465886,09/07/2012 07:00:00 PM,015XX E 55TH ST,0860,THEFT,RETAIL THEFT,GROCERY FOOD STORE,true,false,0234,002,4,41,06,1187447,1868839,02/10/2018 03:50:01 PM,41.795191528,-87.588157998
8792191,HV465945,09/07/2012 07:35:00 PM,036XX W DOUGLAS BLVD,2024,NARCOTICS,POSS: HEROIN(WHITE),OTHER,true,false,1011,010,24,29,18,1152405,1893216,02/10/2018 03:50:01 PM,41.862846881,-87.716015688
8792193,HV465841,09/07/2012 02:30:00 PM,057XX S LA SALLE ST,1310,CRIMINAL DAMAGE,TO PROPERTY,RESIDENCE,false,false,0232,002,20,68,14,1176288,1866661,02/10/2018 03:50:01 PM,41.789473028,-87.629143257
8792194,HV465662,09/07/2012 04:25:00 PM,045XX S WABASH AVE,1310,CRIMINAL DAMAGE,TO PROPERTY,APARTMENT,false,true,0215,002,3,38,14,1177472,1875091,02/10/2018 03:50:01 PM,41.812579042,-87.624547045
8792195,HV465834,09/07/2012 06:11:00 PM,048XX N WINTHROP AVE,051A,ASSAULT,AGGRAVATED: HANDGUN,SIDEWALK,false,false,2033,020,46,3,04A,1167994,1932485,02/10/2018 03:50:01 PM,41.970281428,-87.657654526
8792197,HV465967,09/07/2012 05:15:00 PM,025XX N NEVA AVE,0320,ROBBERY,STRONGARM - NO WEAPON,STREET,false,false,2512,025,36,18,03,1127994,1916124,02/10/2018 03:50:01 PM,41.926156395,-87.805109757
8792198,HV465912,09/07/2012 07:45:00 PM,055XX W HOMER ST,0460,BATTERY,SIMPLE,PARKING LOT/GARAGE(NON.RESID.),false,false,2515,025,29,25,08B,1139159,1912150,02/10/2018 03:50:01 PM,41.915055232,-87.76417995
8792199,HV465867,09/07/2012 07:07:00 PM,003XX N LOTUS AVE,0496,BATTERY,AGGRAVATED DOMESTIC BATTERY: KNIFE/CUTTING INST,RESIDENTIAL YARD (FRONT/BACK),true,true,1523,015,28,25,04B,1139890,1901675,02/10/2018 03:50:01 PM,41.886297242,-87.761750709
8792200,HV465979,09/07/2012 07:39:00 PM,066XX S WHIPPLE ST,2027,NARCOTICS,POSS: CRACK,APARTMENT,true,false,0831,008,15,66,18,1157196,1860410,02/10/2018 03:50:01 PM,41.772727167,-87.699316939
8792201,HV465957,09/07/2012 08:34:00 PM,008XX E 103RD ST,1811,NARCOTICS,POSS: CANNABIS 30GMS OR LESS,PARK PROPERTY,true,false,0511,005,8,50,18,1183954,1836859,02/10/2018 03:50:01 PM,41.707517481,-87.601963561
8792202,HV466023,09/07/2012 08:30:00 PM,005XX N HOMAN AVE,0560,ASSAULT,SIMPLE,APARTMENT,false,false,1121,011,27,23,08A,1153615,1903476,02/10/2018 03:50:01 PM,41.890977441,-87.711300919
8792203,HV465994,09/07/2012 08:45:00 PM,010XX N KEYSTONE AVE,0486,BATTERY,DOMESTIC BATTERY SIMPLE,SIDEWALK,false,true,1111,011,37,23,08B,1149198,1906609,02/10/2018 03:50:01 PM,41.899661443,-87.72744124
8792205,HV465903,09/07/2012 07:25:00 PM,033XX W MONROE ST,4387,OTHER OFFENSE,VIOLATE ORDER OF PROTECTION,APARTMENT,false,true,1124,011,28,27,26,1154157,1899338,02/10/2018 03:50:01 PM,41.879611555,-87.7094209
8792206,HV465878,09/07/2012 07:05:00 PM,039XX W MONROE ST,031A,ROBBERY,ARMED: HANDGUN,SIDEWALK,false,false,1122,011,28,26,03,1150076,1899369,02/10/2018 03:50:01 PM,41.879777056,-87.724405032
8792207,HV465887,09/07/2012 07:00:00 PM,071XX S JEFFERY BLVD,0560,ASSAULT,SIMPLE,CURRENCY EXCHANGE,false,false,0333,003,5,43,08A,1190776,1858184,02/10/2018 03:50:01 PM,41.76587359,-87.576294705
8792208,HV465948,09/07/2012 07:00:00 PM,002XX W GARFIELD BLVD,1210,DECEPTIVE PRACTICE,THEFT OF LABOR/SERVICES,CTA PLATFORM,false,false,0935,009,3,37,11,1175647,1868500,02/10/2018 03:50:01 PM,41.794533814,-87.631438536
8792210,HV465918,09/07/2012 07:20:00 PM,007XX N CHRISTIANA AVE,0486,BATTERY,DOMESTIC BATTERY SIMPLE,SIDEWALK,false,true,1121,011,27,23,08B,1153911,1904708,02/10/2018 03:50:01 PM,41.894352276,-87.710180992
8792211,HV464774,09/07/2012 01:20:00 AM,050XX N WESTERN AVE,0330,ROBBERY,AGGRAVATED,TAVERN/LIQUOR STORE,true,false,2031,020,47,4,03,1159444,1933525,02/10/2018 03:50:01 PM,41.973315968,-87.689064575
8792212,HV465917,09/07/2012 03:00:00 PM,032XX W FULTON BLVD,2820,OTHER OFFENSE,TELEPHONE THREAT,RESIDENCE,false,true,1123,011,28,27,26,1154636,1901815,02/10/2018 03:50:01 PM,41.886399123,-87.707595757
8792213,HV465986,09/07/2012 08:45:00 PM,037XX W 26TH ST,0820,THEFT,$500 AND UNDER,SMALL RETAIL STORE,false,false,1031,010,22,30,06,1152000,1886470,02/10/2018 03:50:01 PM,41.844343031,-87.717679962
8792214,HV465995,09/07/2012 08:40:00 PM,028XX W OGDEN AVE,0312,ROBBERY,ARMED:KNIFE/CUTTING INSTRUMENT,PARK PROPERTY,false,false,1022,010,24,29,03,1157666,1892573,02/10/2018 03:50:01 PM,41.860976991,-87.696720546
8792215,HV465875,09/07/2012 06:26:00 PM,062XX S MICHIGAN AVE,0560,ASSAULT,SIMPLE,APARTMENT,false,true,0311,003,20,40,08A,1178263,1863570,02/10/2018 03:50:01 PM,41.780946398,-87.621995369
8792217,HV466030,09/07/2012 07:30:00 AM,022XX S PULASKI RD,0820,THEFT,$500 AND UNDER,SIDEWALK,false,false,1013,010,22,29,06,1150054,1889039,02/10/2018 03:50:01 PM,41.851430749,-87.724754706
8792218,HV465925,09/07/2012 07:32:00 PM,070XX S CORNELL AVE,2027,NARCOTICS,POSS: CRACK,SIDEWALK,true,false,0332,003,5,43,18,1188567,1858689,02/10/2018 03:50:01 PM,41.76731242,-87.584375195
8792220,HV465422,09/07/2012 12:40:00 PM,008XX E 103RD ST,1563,SEX OFFENSE,CRIMINAL SEXUAL ABUSE,"SCHOOL, PUBLIC, BUILDING",true,false,0512,005,9,50,17,1183988,1836860,02/10/2018 03:50:01 PM,41.707519433,-87.601839023
8792222,HV465849,09/07/2012 06:45:00 AM,025XX N MARSHFIELD AVE,0610,BURGLARY,FORCIBLE ENTRY,RESIDENCE,false,false,1931,019,32,7,05,1164905,1916948,02/10/2018 03:50:01 PM,41.927713442,-87.669455432
8792223,HV465737,09/07/2012 05:30:00 PM,039XX S INDIANA AVE,0486,BATTERY,DOMESTIC BATTERY SIMPLE,APARTMENT,false,false,0213,002,3,38,08B,1178247,1878965,02/10/2018 03:50:01 PM,41.823192046,-87.621586662
8792224,HV465793,09/07/2012 06:02:00 PM,012XX W MONTANA ST,0910,MOTOR VEHICLE THEFT,AUTOMOBILE,STREET,false,false,1932,019,32,7,07,1167725,1916436,02/10/2018 03:50:01 PM,41.926248105,-87.659107869
8792225,HV465996,09/07/2012 08:15:00 PM,011XX W 105TH ST,5000,OTHER OFFENSE,OTHER CRIME AGAINST PERSON,RESIDENCE,false,true,2232,022,34,73,26,1170459,1835172,02/10/2018 03:50:01 PM,41.703191989,-87.651431307
8792226,HV465939,09/07/2012 08:00:00 PM,103XX S UNION AVE,031A,ROBBERY,ARMED: HANDGUN,OTHER,false,false,2232,022,34,49,03,1173463,1836399,02/10/2018 03:50:01 PM,41.706493261,-87.640395199
8792228,HV466037,09/07/2012 09:37:00 PM,025XX E 108TH ST,1811,NARCOTICS,POSS: CANNABIS 30GMS OR LESS,SIDEWALK,true,false,0434,004,10,51,18,1195028,1833905,02/10/2018 03:50:01 PM,41.699146156,-87.561507995
8792229,HV465977,09/07/2012 05:45:00 PM,051XX N CENTRAL PARK AVE,0610,BURGLARY,FORCIBLE ENTRY,RESIDENCE-GARAGE,false,false,1712,017,39,13,05,1151459,1933855,02/10/2018 03:50:01 PM,41.974382538,-87.718418702
8792232,HV465953,09/07/2012 07:33:00 PM,064XX S RACINE AVE,1811,NARCOTICS,POSS: CANNABIS 30GMS OR LESS,PARK PROPERTY,true,false,0724,007,16,68,18,1169425,1862183,02/10/2018 03:50:01 PM,41.777336361,-87.654437309
8792238,HV465975,09/07/2012 08:13:00 PM,051XX W ROSCOE ST,0486,BATTERY,DOMESTIC BATTERY SIMPLE,RESIDENTIAL YARD (FRONT/BACK),false,true,1634,016,38,15,08B,1141572,1922121,02/10/2018 03:50:01 PM,41.942372395,-87.755067687
8792239,HV465892,09/07/2012 09:00:00 AM,053XX N CENTRAL AVE,0630,BURGLARY,ATTEMPT FORCIBLE ENTRY,APARTMENT,false,false,1622,016,45,11,05,1137851,1935325,02/10/2018 03:50:01 PM,41.978673475,-87.768424308
8792240,HV465736,09/07/2012 01:00:00 AM,036XX W 62ND PL,0486,BATTERY,DOMESTIC BATTERY SIMPLE,RESIDENCE,false,true,0823,008,13,65,08B,1153158,1862925,02/10/2018 03:50:01 PM,41.779709451,-87.714052928
8792241,HV465890,09/07/2012 09:00:00 AM,017XX N KEDZIE AVE,0820,THEFT,$500 AND UNDER,SIDEWALK,false,false,1421,014,26,23,06,1154774,1911509,02/10/2018 03:50:01 PM,41.91299759,-87.706829017
8792243,HV466041,09/07/2012 09:30:00 PM,077XX S KINGSTON AVE,1811,NARCOTICS,POSS: CANNABIS 30GMS OR LESS,SIDEWALK,true,false,0421,004,7,43,18,1194533,1854211,02/10/2018 03:50:01 PM,41.754879819,-87.562654754
8792244,HV465973,09/07/2012 08:00:00 PM,033XX N MENARD AVE,0486,BATTERY,DOMESTIC BATTERY SIMPLE,RESIDENCE,false,true,1633,016,38,15,08B,1137123,1921460,02/10/2018 03:50:01 PM,41.940639736,-87.771435951
8792245,HV465985,09/07/2012 08:30:00 PM,053XX W WASHINGTON BLVD,051A,ASSAULT,AGGRAVATED: HANDGUN,APARTMENT,false,true,1523,015,28,25,04A,1140856,1900236,02/10/2018 03:50:01 PM,41.882330734,-87.758238691
8792246,HV465964,09/07/2012 01:30:00 AM,008XX W BUENA AVE,0320,ROBBERY,STRONGARM - NO WEAPON,SIDEWALK,false,false,1915,019,46,3,03,1169946,1928199,02/10/2018 03:50:01 PM,41.958478046,-87.650602535
8792248,HV466059,09/07/2012 09:50:00 PM,055XX W THOMAS ST,2027,NARCOTICS,POSS: CRACK,ALLEY,true,false,1524,015,37,25,18,1139184,1906786,02/10/2018 03:50:01 PM,41.900335334,-87.764218853
8792249,HV466053,09/07/2012 03:50:00 PM,001XX N KEDZIE AVE,0460,BATTERY,SIMPLE,SMALL RETAIL STORE,false,false,1331,012,27,27,08B,1155029,1900649,02/10/2018 03:50:01 PM,41.883191631,-87.706183852
8792250,HV466055,09/07/2012 09:35:00 PM,103XX S COTTAGE GROVE AVE,0470,PUBLIC PEACE VIOLATION,RECKLESS CONDUCT,SIDEWALK,false,false,0512,005,9,50,24,1182698,1836734,02/10/2018 03:50:01 PM,41.707203646,-87.606566877
8792251,HV466015,09/07/2012 09:10:00 PM,075XX N SHERIDAN RD,0486,BATTERY,DOMESTIC BATTERY SIMPLE,SIDEWALK,false,true,2422,024,49,1,08B,1165632,1950070,02/10/2018 03:50:01 PM,42.018585888,-87.665835672
8792252,HV465820,09/07/2012 06:10:00 PM,008XX S PULASKI RD,0460,BATTERY,SIMPLE,SMALL RETAIL STORE,false,false,1132,011,24,26,08B,1149844,1896087,02/10/2018 03:50:01 PM,41.87077539,-87.725342276
8792256,HV465843,09/07/2012 06:30:00 PM,015XX W FARWELL AVE,0820,THEFT,$500 AND UNDER,APARTMENT,false,false,2431,024,49,1,06,1164919,1945711,02/10/2018 03:50:01 PM,42.006639944,-87.66858395
8792260,HV466003,09/07/2012 08:30:00 PM,003XX S DEARBORN ST,0870,THEFT,POCKET-PICKING,CTA TRAIN,false,false,0113,001,2,32,06,1175984,1898865,02/10/2018 03:50:01 PM,41.877850233,-87.629290122
8792262,HV465992,09/07/2012 08:09:00 PM,0000X E 71ST ST,1812,NARCOTICS,POSS: CANNABIS MORE THAN 30GMS,STREET,true,false,0322,003,6,69,18,1178132,1857962,02/10/2018 03:50:01 PM,41.765560428,-87.622645538
8792263,HV466074,09/07/2012 09:36:00 PM,052XX N SPAULDING AVE,1822,NARCOTICS,MANU/DEL:CANNABIS OVER 10 GMS,STREET,true,false,1712,017,39,13,18,1153437,1934558,02/10/2018 03:50:01 PM,41.97627242,-87.711126201
8792264,HV466022,09/07/2012 09:09:00 PM,073XX S JEFFERY BLVD,0460,BATTERY,SIMPLE,STREET,true,false,0333,003,5,43,08B,1190808,1856919,02/10/2018 03:50:01 PM,41.762401555,-87.576218227
8792265,HV466028,09/07/2012 07:15:00 PM,072XX S BENNETT AVE,1310,CRIMINAL DAMAGE,TO PROPERTY,APARTMENT,false,false,0324,003,5,43,14,1189963,1857242,02/10/2018 03:50:01 PM,41.763308261,-87.579304843
8792267,HV466052,09/07/2012 05:30:00 PM,068XX S CALUMET AVE,0610,BURGLARY,FORCIBLE ENTRY,RESIDENCE,false,false,0322,003,20,69,05,1179657,1859817,02/10/2018 03:50:01 PM,41.77061603,-87.616999338
8792268,HV466116,09/07/2012 09:50:00 PM,003XX S LAVERGNE AVE,1320,CRIMINAL DAMAGE,TO VEHICLE,STREET,false,false,1533,015,24,25,14,1143313,1898095,02/10/2018 03:50:01 PM,41.87641003,-87.749269952
8792269,HV466101,09/07/2012 01:00:00 PM,012XX N WOOD ST,0620,BURGLARY,UNLAWFUL ENTRY,RESIDENCE,false,false,1424,014,1,24,05,1164173,1908255,02/10/2018 03:50:01 PM,41.903874799,-87.672391413
8792270,HV466098,09/07/2012 10:00:00 AM,046XX S HERMITAGE AVE,1320,CRIMINAL DAMAGE,TO VEHICLE,STREET,false,false,0924,009,20,61,14,1165459,1873909,02/10/2018 03:50:01 PM,41.809598939,-87.668644292
8792272,HV466083,09/07/2012 09:00:00 PM,043XX N LINCOLN AVE,1150,DECEPTIVE PRACTICE,CREDIT CARD FRAUD,RESTAURANT,false,false,1911,019,47,5,11,1161207,1928613,02/10/2018 03:50:01 PM,41.959800643,-87.682718777
8792273,HV465678,09/07/2012 03:00:00 PM,010XX N RUSH ST,0890,THEFT,FROM BUILDING,BAR OR TAVERN,false,false,1824,018,42,8,06,1176264,1907593,02/10/2018 03:50:01 PM,41.901794019,-87.627998616
8792274,HV466094,09/07/2012 10:10:00 PM,049XX N MILWAUKEE AVE,1330,CRIMINAL TRESPASS,TO LAND,OTHER,true,false,1623,016,45,11,26,1139431,1932207,02/10/2018 03:50:01 PM,41.97008868,-87.762690091
8792276,HV466058,09/07/2012 08:00:00 PM,042XX W MONTROSE AVE,0820,THEFT,$500 AND UNDER,RESIDENCE PORCH/HALLWAY,false,false,1722,017,45,16,06,1147493,1928909,02/10/2018 03:50:01 PM,41.960887545,-87.733130382
8792278,HV466046,09/07/2012 08:00:00 PM,022XX N MONTICELLO AVE,0630,BURGLARY,ATTEMPT FORCIBLE ENTRY,RESIDENCE,false,false,2525,025,26,22,05,1151676,1914639,02/10/2018 03:50:01 PM,41.921648123,-87.718127927
8792279,HV466064,09/07/2012 09:20:00 PM,043XX S FEDERAL ST,0460,BATTERY,SIMPLE,SIDEWALK,true,false,0215,002,3,38,08B,1176512,1876306,02/10/2018 03:50:01 PM,41.815934784,-87.628031728
8792280,HV466068,09/07/2012 09:45:00 PM,066XX S UNION AVE,1811,NARCOTICS,POSS: CANNABIS 30GMS OR LESS,STREET,true,false,0723,007,6,68,18,1172657,1860697,02/10/2018 03:50:01 PM,41.773187976,-87.642632596
8792281,HV466034,09/07/2012 09:00:00 PM,028XX S PULASKI RD,0610,BURGLARY,FORCIBLE ENTRY,APARTMENT,false,false,1031,010,22,30,05,1150172,1884829,02/10/2018 03:50:01 PM,41.839875679,-87.724431168
8792282,HV466018,09/07/2012 07:00:00 PM,026XX W WINNEMAC AVE,2825,OTHER OFFENSE,HARASSMENT BY TELEPHONE,APARTMENT,false,false,2031,020,40,4,26,1157799,1933440,02/10/2018 03:50:01 PM,41.973116512,-87.69511596
8792284,HV465999,09/07/2012 08:30:00 PM,100XX S HALSTED ST,1811,NARCOTICS,POSS: CANNABIS 30GMS OR LESS,PARKING LOT/GARAGE(NON.RESID.),true,false,2232,022,34,73,18,1172749,1838296,02/10/2018 03:50:01 PM,41.711714647,-87.642954141
8792286,HV466039,09/07/2012 09:10:00 PM,041XX W 21ST ST,1811,NARCOTICS,POSS: CANNABIS 30GMS OR LESS,VEHICLE NON-COMMERCIAL,true,false,1012,010,24,29,18,1149144,1889770,02/10/2018 03:50:01 PM,41.853454354,-87.728075742
8792287,HV466093,09/07/2012 10:30:00 PM,054XX N LINCOLN AVE,0460,BATTERY,SIMPLE,SIDEWALK,true,false,2011,020,40,4,08B,1158435,1935858,02/10/2018 03:50:01 PM,41.979738594,-87.692710749
8792288,HV466024,09/07/2012 07:00:00 PM,027XX W 63RD ST,0910,MOTOR VEHICLE THEFT,AUTOMOBILE,STREET,false,false,0825,008,15,66,07,1159273,1862763,02/10/2018 03:50:01 PM,41.779141866,-87.691638797
8792290,HV466095,09/07/2012 09:30:00 PM,068XX S GREEN ST,0470,PUBLIC PEACE VIOLATION,RECKLESS CONDUCT,RESIDENCE PORCH/HALLWAY,true,false,0723,007,6,68,24,1171817,1859480,02/10/2018 03:50:01 PM,41.769866853,-87.645747491
8792291,HV466120,09/07/2012 10:30:00 PM,021XX N LINCOLN AVE,1360,CRIMINAL TRESPASS,TO VEHICLE,RESIDENCE-GARAGE,false,false,1812,018,43,7,26,1172202,1914602,02/10/2018 03:50:01 PM,41.921117749,-87.642711412
8792294,HV465969,09/07/2012 04:30:00 PM,032XX W CARMEN AVE,0460,BATTERY,SIMPLE,OTHER,false,false,1713,017,39,14,08B,1153968,1933702,02/10/2018 03:50:01 PM,41.973912907,-87.709196426
8792296,HV466011,09/07/2012 06:00:00 PM,009XX W WASHINGTON BLVD,0917,MOTOR VEHICLE THEFT,"CYCLE, SCOOTER, BIKE W-VIN",STREET,false,false,1212,012,27,28,07,1170321,1900732,02/10/2018 03:50:01 PM,41.883099003,-87.65002851
8792297,HV466079,09/07/2012 10:00:00 PM,052XX W FULLERTON AVE,1811,NARCOTICS,POSS: CANNABIS 30GMS OR LESS,STREET,true,false,2515,025,31,19,18,1141240,1915461,02/10/2018 03:50:01 PM,41.924102822,-87.756452662
8792298,HV465926,09/07/2012 07:45:00 PM,021XX W MAYPOLE AVE,1320,CRIMINAL DAMAGE,TO VEHICLE,ALLEY,false,true,1332,012,2,28,14,1162160,1900972,02/10/2018 03:50:01 PM,41.883931984,-87.679989354
8792299,HV466105,09/07/2012 10:49:00 PM,007XX W 54TH PL,1811,NARCOTICS,POSS: CANNABIS 30GMS OR LESS,SIDEWALK,true,false,0935,009,3,61,18,1172204,1868729,02/10/2018 03:50:01 PM,41.795238662,-87.644057151
8792301,HV465894,09/07/2012 10:00:00 AM,050XX N MENARD AVE,0820,THEFT,$500 AND UNDER,RESIDENCE,false,true,1622,016,45,11,06,1136516,1933269,02/10/2018 03:50:01 PM,41.973055683,-87.773383326
8792303,HV466044,09/07/2012 09:30:00 PM,054XX W MADISON ST,1811,NARCOTICS,POSS: CANNABIS 30GMS OR LESS,PARKING LOT/GARAGE(NON.RESID.),true,false,1522,015,28,25,18,1139904,1899485,02/10/2018 03:50:01 PM,41.880287347,-87.761752861
8792305,HV466035,09/07/2012 09:30:00 PM,097XX S NORMAL AVE,2820,OTHER OFFENSE,TELEPHONE THREAT,RESIDENCE,false,false,2223,022,21,73,26,1174677,1840374,02/10/2018 03:50:01 PM,41.717374336,-87.635831676
8792308,HV466136,09/07/2012 10:52:00 PM,004XX S KILDARE AVE,1811,NARCOTICS,POSS: CANNABIS 30GMS OR LESS,SIDEWALK,true,false,1132,011,24,26,18,1147795,1897593,02/10/2018 03:50:01 PM,41.87494761,-87.732826253
8792309,HV466084,09/07/2012 10:15:00 PM,056XX S EMERALD AVE,0820,THEFT,$500 AND UNDER,STREET,false,false,0711,007,20,68,06,1172261,1867544,02/10/2018 03:50:01 PM,41.79198564,-87.643882981
8792310,HV465987,09/07/2012 08:40:00 PM,105XX S EWING AVE,0910,MOTOR VEHICLE THEFT,AUTOMOBILE,PARKING LOT/GARAGE(NON.RESID.),false,false,0432,004,10,52,07,1202173,1835717,02/10/2018 03:50:01 PM,41.703939752,-87.535285411
8792311,HV466147,09/07/2012 10:30:00 AM,051XX W BYRON ST,1310,CRIMINAL DAMAGE,TO PROPERTY,RESIDENCE,false,false,1634,016,45,15,14,1141363,1925434,02/10/2018 03:50:01 PM,41.951467445,-87.755753811
8792312,HV466089,09/07/2012 10:20:00 PM,038XX N KEDZIE AVE,0860,THEFT,RETAIL THEFT,CONVENIENCE STORE,false,false,1733,017,33,16,06,1154374,1925259,02/10/2018 03:50:01 PM,41.950736661,-87.707930056
8792314,HV466138,09/07/2012 10:00:00 PM,005XX N STATE ST,0820,THEFT,$500 AND UNDER,VEHICLE NON-COMMERCIAL,false,false,1831,018,42,8,06,1176281,1903733,02/10/2018 03:50:01 PM,41.891201604,-87.628052725
8792315,HV466071,09/07/2012 09:15:00 PM,097XX S CHAPPEL AVE,051A,ASSAULT,AGGRAVATED: HANDGUN,STREET,false,false,0431,004,7,51,04A,1191545,1840921,02/10/2018 03:50:01 PM,41.718483752,-87.57403441
8792316,HV465962,09/07/2012 08:05:00 PM,043XX N ALBANY AVE,0486,BATTERY,DOMESTIC BATTERY SIMPLE,RESIDENCE,false,true,1724,017,33,16,08B,1154938,1928640,02/10/2018 03:50:01 PM,41.960003032,-87.705765807
8792317,HV466004,09/07/2012 08:28:00 PM,085XX S MACKINAW AVE,143A,WEAPONS VIOLATION,UNLAWFUL POSS OF HANDGUN,ALLEY,true,false,0424,004,10,46,15,1199954,1848926,02/10/2018 03:50:01 PM,41.740242447,-87.542966714
8792318,HV466061,09/07/2012 07:00:00 PM,063XX S LECLAIRE AVE,0486,BATTERY,DOMESTIC BATTERY SIMPLE,RESIDENCE,false,true,0813,008,13,64,08B,1143639,1861802,02/10/2018 03:50:01 PM,41.776810565,-87.748979346
8792319,HV466076,09/07/2012 01:00:00 PM,079XX S MARQUETTE AVE,0610,BURGLARY,FORCIBLE ENTRY,APARTMENT,false,false,0422,004,7,46,05,1195557,1852848,02/10/2018 03:50:01 PM,41.751114411,-87.558947124
8792321,HV466150,09/07/2012 10:00:00 PM,002XX E ERIE ST,1310,CRIMINAL DAMAGE,TO PROPERTY,RESIDENCE,false,false,1834,018,42,8,14,1177995,1904828,02/10/2018 03:50:01 PM,41.894167504,-87.621724757
8792323,HV466100,09/07/2012 10:14:00 PM,067XX S PEORIA ST,0470,PUBLIC PEACE VIOLATION,RECKLESS CONDUCT,RESIDENCE PORCH/HALLWAY,true,false,0723,007,17,68,24,1171470,1860086,02/10/2018 03:50:01 PM,41.771537396,-87.647001715
8792324,HV466110,09/07/2012 10:15:00 AM,048XX W WABANSIA AVE,1811,NARCOTICS,POSS: CANNABIS 30GMS OR LESS,STREET,true,false,2533,025,37,25,18,1143601,1910860,02/10/2018 03:50:01 PM,41.911433285,-87.747892696
8792325,HV466122,09/07/2012 08:40:00 PM,008XX E 103RD ST,051A,ASSAULT,AGGRAVATED: HANDGUN,PARK PROPERTY,true,false,0511,005,8,50,04A,1183954,1836859,02/10/2018 03:50:01 PM,41.707517481,-87.601963561
8792326,HV466114,09/07/2012 10:30:00 PM,107XX S HALSTED ST,0460,BATTERY,SIMPLE,CTA BUS,true,false,2233,022,34,49,08B,1172885,1833684,02/10/2018 03:50:01 PM,41.699055635,-87.642591553
8792330,HV466134,09/07/2012 08:45:00 PM,005XX W 125TH PL,0420,BATTERY,AGGRAVATED:KNIFE/CUTTING INSTR,RESIDENCE PORCH/HALLWAY,false,false,0523,005,9,53,04B,1174719,1821672,02/10/2018 03:50:01 PM,41.666052263,-87.63623218
8792331,HV466165,09/07/2012 08:00:00 PM,060XX S MICHIGAN AVE,0460,BATTERY,SIMPLE,SIDEWALK,false,false,0311,003,20,40,08B,1178189,1865094,02/10/2018 03:50:01 PM,41.785130087,-87.622220458
8792334,HV466141,09/07/2012 10:15:00 PM,070XX S EAST END AVE,143A,WEAPONS VIOLATION,UNLAWFUL POSS OF HANDGUN,SIDEWALK,true,false,0332,003,5,43,15,1188992,1858728,02/10/2018 03:50:01 PM,41.767409273,-87.582816167
8792335,HV466009,09/07/2012 09:00:00 PM,023XX W JACKSON BLVD,0486,BATTERY,DOMESTIC BATTERY SIMPLE,CHA APARTMENT,false,true,1211,012,2,28,08B,1160842,1898642,02/10/2018 03:50:01 PM,41.877565688,-87.684893829
8792337,HV466132,09/07/2012 10:50:00 PM,011XX W GLENLAKE AVE,1811,NARCOTICS,POSS: CANNABIS 30GMS OR LESS,SIDEWALK,true,false,2433,024,48,77,18,1167523,1940508,02/10/2018 03:50:01 PM,41.992306936,-87.659154211
8792339,HV466139,09/07/2012 10:55:00 PM,067XX N NEWGARD AVE,2028,NARCOTICS,POSS: SYNTHETIC DRUGS,SIDEWALK,true,false,2432,024,40,1,18,1165372,1944959,02/10/2018 03:50:01 PM,42.004566778,-87.666938836
8792340,HV466051,09/07/2012 09:34:00 PM,021XX S WOOD ST,0470,PUBLIC PEACE VIOLATION,RECKLESS CONDUCT,SIDEWALK,true,false,1223,012,25,31,24,1164699,1889909,02/10/2018 03:50:01 PM,41.853520722,-87.670979365
8792341,HV466007,09/07/2012 08:56:00 PM,071XX N CLARK ST,0560,ASSAULT,SIMPLE,STREET,false,false,2424,024,49,1,08A,1163300,1947549,02/10/2018 03:50:01 PM,42.011717798,-87.674488437
8792342,HV466060,09/07/2012 10:00:00 PM,019XX N MILWAUKEE AVE,1330,CRIMINAL TRESPASS,TO LAND,GROCERY FOOD STORE,true,false,1434,014,1,22,26,1159960,1913015,02/10/2018 03:50:01 PM,41.917024635,-87.687735182
8792343,HV466099,09/07/2012 10:30:00 PM,054XX W MADISON ST,1811,NARCOTICS,POSS: CANNABIS 30GMS OR LESS,STREET,true,false,1522,015,28,25,18,1139904,1899485,02/10/2018 03:50:01 PM,41.880287347,-87.761752861
8792346,HV466166,09/07/2012 09:36:00 PM,021XX W ADAMS ST,0486,BATTERY,DOMESTIC BATTERY SIMPLE,RESIDENCE,true,false,1211,012,2,28,08B,1162269,1899063,02/10/2018 03:50:01 PM,41.878691245,-87.67964249
8792348,HV466157,09/07/2012 11:00:00 PM,036XX W FULLERTON AVE,0820,THEFT,$500 AND UNDER,SIDEWALK,false,false,2525,025,35,22,06,1151858,1915715,02/10/2018 03:50:01 PM,41.924597175,-87.717430811
8792349,HV466151,09/07/2012 10:30:00 PM,063XX N KEYSTONE AVE,1320,CRIMINAL DAMAGE,TO VEHICLE,STREET,false,false,1711,017,39,12,14,1148222,1941694,02/10/2018 03:50:01 PM,41.995956391,-87.730119172
8792350,HV466069,09/07/2012 10:13:00 PM,056XX W CHICAGO AVE,0460,BATTERY,SIMPLE,APARTMENT,false,false,1511,015,29,25,08B,1138732,1904782,02/10/2018 03:50:01 PM,41.894844328,-87.765927774
8792351,HV466184,09/07/2012 11:00:00 PM,075XX S KINGSTON AVE,0820,THEFT,$500 AND UNDER,RESIDENCE PORCH/HALLWAY,false,true,0421,004,7,43,06,1194503,1855465,02/10/2018 03:50:01 PM,41.758321628,-87.562723529
8792353,HV466181,09/07/2012 11:41:00 PM,069XX S PRAIRIE AVE,0460,BATTERY,SIMPLE,APARTMENT,false,false,0322,003,6,69,08B,1179234,1859244,02/10/2018 03:50:01 PM,41.769053315,-87.618567334
8792356,HV466188,09/07/2012 11:54:00 PM,069XX S PERRY AVE,2024,NARCOTICS,POSS: HEROIN(WHITE),SIDEWALK,true,false,0731,007,6,69,18,1176597,1858945,02/10/2018 03:50:01 PM,41.768292555,-87.628242237
8792357,HV466168,09/07/2012 10:20:00 PM,027XX S TRUMBULL AVE,2220,LIQUOR LAW VIOLATION,ILLEGAL POSSESSION BY MINOR,ALLEY,true,false,1032,010,22,30,22,1153810,1885575,02/10/2018 03:50:01 PM,41.841851245,-87.711061318
8792359,HV466187,09/07/2012 11:25:00 PM,061XX S CALIFORNIA AVE,1811,NARCOTICS,POSS: CANNABIS 30GMS OR LESS,STREET,true,false,0825,008,15,66,18,1158767,1863716,02/10/2018 03:50:01 PM,41.78176738,-87.693467857
8792360,HV466172,09/07/2012 11:05:00 PM,036XX N CLARK ST,0820,THEFT,$500 AND UNDER,PARKING LOT/GARAGE(NON.RESID.),true,false,1923,019,44,6,06,1168183,1924385,02/10/2018 03:50:01 PM,41.948050641,-87.657194575
8792361,HV466182,09/07/2012 11:17:00 PM,008XX W ROSCOE ST,1811,NARCOTICS,POSS: CANNABIS 30GMS OR LESS,SIDEWALK,true,false,1924,019,44,6,18,1170078,1922780,02/10/2018 03:50:01 PM,41.943605226,-87.650276034
8792362,HV466088,09/07/2012 09:40:00 PM,034XX W 59TH ST,4387,OTHER OFFENSE,VIOLATE ORDER OF PROTECTION,RESIDENCE,true,false,0822,008,16,66,26,1154300,1865279,02/10/2018 03:50:01 PM,41.786146534,-87.709803582
8792363,HV466211,09/07/2012 11:50:00 PM,035XX N SHEFFIELD AVE,0460,BATTERY,SIMPLE,SIDEWALK,false,false,1924,019,44,6,08B,1168978,1923682,02/10/2018 03:50:01 PM,41.946104334,-87.65429282
8792364,HV466174,09/07/2012 11:31:00 PM,051XX W MADISON ST,1811,NARCOTICS,POSS: CANNABIS 30GMS OR LESS,PARKING LOT/GARAGE(NON.RESID.),true,false,1533,015,28,25,18,1142285,1899542,02/10/2018 03:50:01 PM,41.880399914,-87.753008553
8792365,HV466200,09/07/2012 11:50:00 PM,031XX N CENTRAL AVE,0560,ASSAULT,SIMPLE,SIDEWALK,true,false,2514,025,30,19,08A,1138486,1920279,02/10/2018 03:50:01 PM,41.937374325,-87.76645507
8792367,HV466117,09/07/2012 10:29:00 PM,056XX N SPAULDING AVE,1320,CRIMINAL DAMAGE,TO VEHICLE,STREET,true,false,1711,017,40,13,14,1153362,1937271,02/10/2018 03:50:01 PM,41.983718538,-87.71132956
8792369,HV466082,09/07/2012 09:30:00 PM,023XX N RUTHERFORD AVE,0486,BATTERY,DOMESTIC BATTERY SIMPLE,RESIDENCE,false,true,2512,025,36,18,08B,1131096,1914488,02/10/2018 03:50:01 PM,41.921614007,-87.793748987
8792371,HV466103,09/07/2012 10:05:00 PM,013XX N KARLOV AVE,031A,ROBBERY,ARMED: HANDGUN,SIDEWALK,false,false,2534,025,27,23,03,1148799,1908795,02/10/2018 03:50:01 PM,41.905667773,-87.728850203
8792372,HV466214,09/07/2012 10:20:00 PM,055XX W HOMER ST,0820,THEFT,$500 AND UNDER,PARKING LOT/GARAGE(NON.RESID.),false,false,2515,025,29,25,06,1139159,1912150,02/10/2018 03:50:01 PM,41.915055232,-87.76417995
8792374,HV466175,09/07/2012 10:20:00 PM,010XX W ADDISON ST,0460,BATTERY,SIMPLE,SPORTS ARENA/STADIUM,false,false,1923,019,44,6,08B,1168634,1924088,02/10/2018 03:50:01 PM,41.947225886,-87.655545441
8792378,HV466178,09/07/2012 11:39:00 PM,004XX N DEARBORN ST,2012,NARCOTICS,MANU/DELIVER:COCAINE,SIDEWALK,true,false,1831,018,42,8,18,1175859,1903386,02/10/2018 03:50:01 PM,41.890258925,-87.629612961
8792379,HV466091,09/07/2012 08:30:00 PM,004XX E 87TH ST,143A,WEAPONS VIOLATION,UNLAWFUL POSS OF HANDGUN,SIDEWALK,true,false,0632,006,6,44,15,1174731,1847281,02/10/2018 03:50:01 PM,41.736326878,-87.635428795
8792380,HV466176,09/07/2012 11:15:00 PM,067XX S JEFFERY BLVD,0454,BATTERY,AGG PO HANDS NO/MIN INJURY,STREET,true,false,0331,003,5,43,08B,1190703,1860780,02/10/2018 03:50:01 PM,41.772998982,-87.576478539
8792381,HV466154,09/07/2012 11:20:00 PM,0000X N HALSTED ST,0860,THEFT,RETAIL THEFT,GROCERY FOOD STORE,true,false,1212,012,27,28,06,1171049,1900319,02/10/2018 03:50:01 PM,41.881949766,-87.647367397
8792383,HV466000,09/07/2012 03:45:00 PM,020XX E 95TH ST,0820,THEFT,$500 AND UNDER,PARKING LOT/GARAGE(NON.RESID.),false,false,0431,004,7,51,06,1191399,1842376,02/10/2018 03:50:01 PM,41.722479952,-87.574522176
8792384,HV466090,09/07/2012 10:00:00 PM,032XX S LEAVITT ST,4387,OTHER OFFENSE,VIOLATE ORDER OF PROTECTION,ALLEY,true,true,0912,009,12,59,26,1162210,1883120,02/10/2018 03:50:01 PM,41.834943319,-87.680304352
8792385,HV466156,09/07/2012 11:20:00 PM,044XX S FRANCISCO AVE,0486,BATTERY,DOMESTIC BATTERY SIMPLE,APARTMENT,false,true,0922,009,14,58,08B,1157774,1875082,02/10/2018 03:50:01 PM,41.812977448,-87.696799902
8792386,HV466198,09/07/2012 11:35:00 PM,0000X E CERMAK RD,0312,ROBBERY,ARMED:KNIFE/CUTTING INSTRUMENT,ALLEY,false,false,0131,001,2,33,03,1176805,1889757,02/10/2018 03:50:01 PM,41.852838781,-87.626550976
8792387,HV466153,09/07/2012 11:20:00 PM,022XX W 50TH PL,0560,ASSAULT,SIMPLE,STREET,false,true,0931,009,16,63,08A,1162212,1871142,02/10/2018 03:50:01 PM,41.802074246,-87.680630868
8792388,HV466131,09/07/2012 10:30:00 PM,017XX W 79TH ST,0460,BATTERY,SIMPLE,SIDEWALK,false,false,0611,006,17,71,08B,1166302,1852315,02/10/2018 03:50:01 PM,41.750324322,-87.666166809
8792389,HV465908,09/07/2012 07:10:00 PM,013XX W BIRCHWOOD AVE,0320,ROBBERY,STRONGARM - NO WEAPON,STREET,false,false,2422,024,49,1,03,1166202,1949948,02/10/2018 03:50:01 PM,42.018238901,-87.663741685
8792391,HV466118,09/07/2012 10:40:00 PM,079XX S WABASH AVE,0486,BATTERY,DOMESTIC BATTERY SIMPLE,APARTMENT,false,true,0623,006,6,44,08B,1178087,1852414,02/10/2018 03:50:01 PM,41.750337109,-87.622978389
8792393,HV465923,09/07/2012 04:30:00 PM,091XX S PERRY AVE,0320,ROBBERY,STRONGARM - NO WEAPON,SIDEWALK,false,false,0634,006,21,49,03,1177208,1844590,02/10/2018 03:50:01 PM,41.728886954,-87.626434932
8792395,HV466135,09/07/2012 10:20:00 PM,084XX S MAY ST,051A,ASSAULT,AGGRAVATED: HANDGUN,STREET,true,false,0613,006,21,71,04A,1170122,1848931,02/10/2018 03:50:01 PM,41.74095603,-87.652266736
8792398,HV466140,09/07/2012 10:50:00 PM,008XX N PARKSIDE AVE,031A,ROBBERY,ARMED: HANDGUN,SIDEWALK,false,false,1511,015,29,25,03,1138536,1905079,02/10/2018 03:50:01 PM,41.895662888,-87.766640434
8792402,HV466230,09/07/2012 10:15:00 AM,009XX W NEWPORT AVE,0620,BURGLARY,UNLAWFUL ENTRY,APARTMENT,false,false,1924,019,44,6,05,1169433,1923093,02/10/2018 03:50:01 PM,41.94447819,-87.652637595
8792404,HV466186,09/07/2012 11:53:00 PM,082XX S MARYLAND AVE,041A,BATTERY,AGGRAVATED: HANDGUN,SIDEWALK,false,false,0631,006,8,44,04B,1183336,1850642,02/10/2018 03:50:01 PM,41.745354023,-87.603798903
8792405,HV466196,09/07/2012 11:40:00 PM,080XX S JUSTINE ST,143A,WEAPONS VIOLATION,UNLAWFUL POSS OF HANDGUN,STREET,true,false,0612,006,21,71,15,1167402,1851444,02/10/2018 03:50:01 PM,41.747910699,-87.662160798
8792406,HV466158,09/07/2012 10:20:00 PM,010XX W 56TH ST,0460,BATTERY,SIMPLE,STREET,false,false,0712,007,16,68,08B,1170491,1867685,02/10/2018 03:50:01 PM,41.792411328,-87.650369149
8792410,HV466113,09/07/2012 08:32:00 PM,010XX E 80TH ST,143B,WEAPONS VIOLATION,UNLAWFUL POSS OTHER FIREARM,STREET,true,false,0631,006,8,44,15,1184725,1852175,02/10/2018 03:50:01 PM,41.749528306,-87.598661467
8792415,HV466232,09/07/2012 03:30:00 PM,052XX N CICERO AVE,0610,BURGLARY,FORCIBLE ENTRY,RESIDENCE,false,false,1621,016,45,12,05,1143398,1934651,02/10/2018 03:50:01 PM,41.976721773,-87.748041668
8792416,HV466201,09/07/2012 11:22:00 PM,050XX W DAKIN ST,0460,BATTERY,SIMPLE,ALLEY,false,false,1634,016,45,15,08B,1141995,1925777,02/10/2018 03:50:01 PM,41.952396957,-87.753422033
8792420,HV466246,09/07/2012 11:40:00 PM,049XX W SCHOOL ST,1330,CRIMINAL TRESPASS,TO LAND,RESIDENTIAL YARD (FRONT/BACK),true,false,1634,016,30,15,26,1142790,1921485,02/10/2018 03:50:01 PM,41.940604517,-87.75060682
8792431,HV466227,09/07/2012 03:37:00 PM,009XX W PERSHING RD,2825,OTHER OFFENSE,HARASSMENT BY TELEPHONE,PARKING LOT/GARAGE(NON.RESID.),false,false,0915,009,11,60,26,1170549,1878980,02/10/2018 03:50:01 PM,41.823404728,-87.649827084
8792444,HV466265,09/07/2012 05:30:00 PM,075XX S DREXEL AVE,0620,BURGLARY,UNLAWFUL ENTRY,APARTMENT,false,false,0624,006,8,69,05,1183536,1855261,02/10/2018 03:50:01 PM,41.758024384,-87.602922396
8792447,HV466092,09/07/2012 02:00:00 AM,043XX W WEST END AVE,0486,BATTERY,DOMESTIC BATTERY SIMPLE,APARTMENT,false,true,1114,011,28,26,08B,1147549,1900623,02/10/2018 03:50:01 PM,41.883267,-87.733651739
8792450,HV466292,09/07/2012 08:00:00 PM,003XX N LONG AVE,0496,BATTERY,AGGRAVATED DOMESTIC BATTERY: KNIFE/CUTTING INST,ALLEY,true,false,1523,015,28,25,04B,1140281,1901772,02/10/2018 03:50:01 PM,41.886556266,-87.760312465
8792452,HV466190,09/07/2012 11:30:00 PM,009XX S CLARK ST,0495,BATTERY,AGGRAVATED OF A SENIOR CITIZEN,OTHER,false,false,0123,001,2,32,04B,1175663,1896131,02/10/2018 03:50:01 PM,41.870355187,-87.630550934
8792463,HV466125,09/07/2012 10:05:00 PM,028XX W MARQUETTE RD,031A,ROBBERY,ARMED: HANDGUN,STREET,false,false,0831,008,15,66,03,1158782,1860091,02/10/2018 03:50:01 PM,41.771819552,-87.693511744
8792465,HV466253,09/07/2012 10:00:00 PM,022XX S WHIPPLE ST,0920,MOTOR VEHICLE THEFT,ATT: AUTOMOBILE,STREET,false,false,1033,010,24,30,07,1156375,1888986,02/10/2018 03:50:01 PM,41.851160039,-87.701556431
8792466,HV466209,09/07/2012 11:45:00 PM,055XX N CHRISTIANA AVE,0460,BATTERY,SIMPLE,APARTMENT,false,false,1712,017,40,13,08B,1153054,1936607,02/10/2018 03:50:01 PM,41.981902618,-87.712480039
8792467,HV466195,09/07/2012 10:20:00 PM,055XX W HOMER ST,0820,THEFT,$500 AND UNDER,STREET,false,false,2515,025,29,25,06,1139159,1912150,02/10/2018 03:50:01 PM,41.915055232,-87.76417995
8792469,HV466189,09/07/2012 09:00:00 AM,020XX W 70TH ST,2820,OTHER OFFENSE,TELEPHONE THREAT,RESIDENCE,false,true,0735,007,17,67,26,1164040,1858234,02/10/2018 03:50:01 PM,41.766614732,-87.674289671
8792471,HV466159,09/07/2012 11:00:00 PM,045XX S CALUMET AVE,0486,BATTERY,DOMESTIC BATTERY SIMPLE,APARTMENT,true,true,0215,002,3,38,08B,1179195,1874960,02/10/2018 03:50:01 PM,41.812180397,-87.618231125
8792472,HV464854,09/07/2012 02:30:00 AM,041XX W POTOMAC AVE,0460,BATTERY,SIMPLE,SIDEWALK,false,false,2534,025,37,23,08B,1148644,1908342,02/10/2018 03:50:01 PM,41.904427691,-87.729431291
8792476,HV466087,09/07/2012 09:40:00 PM,009XX N WESTERN AVE,0486,BATTERY,DOMESTIC BATTERY SIMPLE,APARTMENT,false,true,1312,012,1,24,08B,1160241,1906045,02/10/2018 03:50:01 PM,41.897892605,-87.686895774
8792477,HV465167,09/07/2012 08:00:00 AM,009XX N SACRAMENTO BLVD,0610,BURGLARY,FORCIBLE ENTRY,RESIDENCE,false,false,1311,012,26,23,05,1156003,1906324,02/10/2018 03:50:01 PM,41.898744777,-87.702454035
8792480,HV466263,09/07/2012 11:00:00 PM,032XX S PULASKI RD,0910,MOTOR VEHICLE THEFT,AUTOMOBILE,STREET,false,false,1031,010,22,30,07,1150221,1882874,02/10/2018 03:50:01 PM,41.834509949,-87.724302224
8792481,HV466102,09/07/2012 09:30:00 PM,128XX S EMERALD AVE,051A,ASSAULT,AGGRAVATED: HANDGUN,RESIDENTIAL YARD (FRONT/BACK),true,false,0523,005,34,53,04A,1173666,1819753,02/10/2018 03:50:01 PM,41.660809512,-87.640142287
8792485,HV466234,09/07/2012 12:50:00 AM,067XX S BISHOP ST,041A,BATTERY,AGGRAVATED: HANDGUN,STREET,false,false,0725,007,17,67,04B,1167826,1860088,02/10/2018 03:50:01 PM,41.771621906,-87.660359335
8792486,HV466321,09/07/2012 11:00:00 AM,079XX S FAIRFIELD AVE,2820,OTHER OFFENSE,TELEPHONE THREAT,RESIDENCE,false,false,0835,008,18,70,26,1159423,1851889,02/10/2018 03:50:01 PM,41.74929892,-87.691386394
8792489,HV466042,09/07/2012 08:22:00 PM,042XX N KEDZIE AVE,0810,THEFT,OVER $500,GROCERY FOOD STORE,false,false,1724,017,33,16,06,1154293,1928022,02/10/2018 03:50:01 PM,41.958320138,-87.708153714
8792493,HV466112,09/07/2012 10:20:00 PM,038XX W OGDEN AVE,1320,CRIMINAL DAMAGE,TO VEHICLE,STREET,false,false,1014,010,24,29,14,1150940,1889316,02/10/2018 03:50:01 PM,41.852173594,-87.721495604
8792507,HV466360,09/07/2012 11:00:00 PM,073XX S VERNON AVE,0910,MOTOR VEHICLE THEFT,AUTOMOBILE,STREET,false,false,0323,003,6,69,07,1180518,1856391,02/10/2018 03:50:01 PM,41.761195008,-87.613948308
8792508,HV466365,09/07/2012 10:30:00 PM,037XX N ASHLAND AVE,0910,MOTOR VEHICLE THEFT,AUTOMOBILE,STREET,false,false,1922,019,47,6,07,1164987,1924920,02/10/2018 03:50:01 PM,41.949587289,-87.668927075
8792511,HV466254,09/07/2012 01:30:00 PM,018XX N HOYNE AVE,0820,THEFT,$500 AND UNDER,STREET,false,false,1434,014,32,24,06,1162070,1912077,02/10/2018 03:50:01 PM,41.91440685,-87.680009303
8792525,HV466354,09/07/2012 07:20:00 PM,067XX W IRVING PARK RD,0610,BURGLARY,FORCIBLE ENTRY,APARTMENT,false,false,1632,016,38,17,05,1130726,1925839,02/10/2018 03:50:01 PM,41.95276886,-87.794846516
8792538,HV466372,09/07/2012 11:30:00 PM,015XX N WELLS ST,0486,BATTERY,DOMESTIC BATTERY SIMPLE,TAVERN/LIQUOR STORE,false,true,1821,018,27,8,08B,1174425,1910481,02/10/2018 03:50:01 PM,41.909760125,-87.63466702
8792540,HV466389,09/07/2012 08:45:00 PM,124XX S STATE ST,0460,BATTERY,SIMPLE,RESIDENCE,false,false,0523,005,9,53,08B,1178513,1822520,02/10/2018 03:50:01 PM,41.668294255,-87.622321862
8792547,HV466171,09/07/2012 11:05:00 PM,010XX W 103RD ST,0860,THEFT,RETAIL THEFT,GAS STATION,false,false,2232,022,34,73,06,1170999,1836512,02/10/2018 03:50:01 PM,41.706857405,-87.64941498
8792552,HV466126,09/07/2012 10:40:00 PM,050XX W CHICAGO AVE,031A,ROBBERY,ARMED: HANDGUN,ALLEY,false,false,1531,015,37,25,03,1142793,1904852,02/10/2018 03:50:01 PM,41.894961752,-87.751010889
8792565,HV466038,09/07/2012 04:05:00 PM,058XX W FULLERTON AVE,0281,CRIM SEXUAL ASSAULT,NON-AGGRAVATED,VEHICLE NON-COMMERCIAL,false,false,2515,025,37,19,02,1137239,1915361,02/10/2018 03:50:01 PM,41.923901331,-87.771156586
8792566,HV466237,09/07/2012 10:00:00 AM,079XX S EBERHART AVE,0610,BURGLARY,FORCIBLE ENTRY,APARTMENT,false,false,0624,006,6,44,05,1180950,1852469,02/10/2018 03:50:01 PM,41.750422693,-87.612485452
8792569,HV466429,09/07/2012 10:30:00 PM,031XX W HOOD AVE,0910,MOTOR VEHICLE THEFT,AUTOMOBILE,STREET,false,false,2413,024,50,2,07,1154436,1940663,02/10/2018 03:50:01 PM,41.993004885,-87.707288359
8792570,HV466426,09/07/2012 08:00:00 PM,053XX W BERENICE AVE,0910,MOTOR VEHICLE THEFT,AUTOMOBILE,STREET,false,false,1634,016,38,15,07,1140021,1925079,02/10/2018 03:50:01 PM,41.950518003,-87.760695758
8792572,HV466417,09/07/2012 09:40:00 PM,113XX S SAWYER AVE,1320,CRIMINAL DAMAGE,TO VEHICLE,STREET,false,false,2211,022,19,74,14,1156723,1829276,02/10/2018 03:50:01 PM,41.687299716,-87.7018881
8792581,HV466476,09/07/2012 05:00:00 PM,051XX S WENTWORTH AVE,1345,CRIMINAL DAMAGE,TO CITY OF CHICAGO PROPERTY,GOVERNMENT BUILDING/PROPERTY,true,false,0225,002,3,37,14,1175826,1871120,02/10/2018 03:50:01 PM,41.80171934,-87.630703621
8792585,HV466466,09/07/2012 05:00:00 PM,036XX W 55TH PL,1320,CRIMINAL DAMAGE,TO VEHICLE,STREET,false,false,0822,008,23,62,14,1153090,1867556,02/10/2018 03:50:01 PM,41.792418955,-87.714179968
8792587,HV466469,09/07/2012 09:00:00 PM,031XX N RAVENSWOOD AVE,1320,CRIMINAL DAMAGE,TO VEHICLE,STREET,false,false,1931,019,32,6,14,1163798,1920808,02/10/2018 03:50:01 PM,41.938328953,-87.673414039
8792590,HV466457,09/07/2012 11:30:00 PM,009XX E 104TH ST,0910,MOTOR VEHICLE THEFT,AUTOMOBILE,STREET,false,false,0512,005,9,50,07,1184238,1836191,02/10/2018 03:50:01 PM,41.705677782,-87.600944364
8792591,HV466451,09/07/2012 09:00:00 PM,005XX N DESPLAINES ST,1310,CRIMINAL DAMAGE,TO PROPERTY,WAREHOUSE,false,false,1323,012,27,24,14,1171836,1903814,02/10/2018 03:50:01 PM,41.891522971,-87.644374529
8792592,HV466449,09/07/2012 06:00:00 PM,015XX N NORTH PARK AVE,1320,CRIMINAL DAMAGE,TO VEHICLE,STREET,false,false,1821,018,27,8,14,1173892,1910508,02/10/2018 03:50:01 PM,41.909846111,-87.636624214
8792594,HV466479,09/07/2012 11:30:00 PM,028XX W 39TH PL,1320,CRIMINAL DAMAGE,TO VEHICLE,STREET,false,false,0921,009,14,58,14,1158064,1878329,02/10/2018 03:50:01 PM,41.821881724,-87.695647779
8792595,HV466486,09/07/2012 08:00:00 PM,053XX W BLOOMINGDALE AVE,0810,THEFT,OVER $500,RESIDENTIAL YARD (FRONT/BACK),false,false,2532,025,37,25,06,1140569,1911453,02/10/2018 03:50:01 PM,41.913116793,-87.759016847
8792613,HV466507,09/07/2012 07:30:00 PM,063XX S LAMON AVE,0820,THEFT,$500 AND UNDER,RESIDENCE,false,false,0813,008,13,64,06,1144806,1862095,02/10/2018 03:50:01 PM,41.777592766,-87.74469374
8792614,HV465264,09/07/2012 12:00:00 PM,029XX W PALMER ST,1310,CRIMINAL DAMAGE,TO PROPERTY,RESIDENCE-GARAGE,false,false,1414,014,35,22,14,1156233,1914672,02/10/2018 03:50:01 PM,41.921647747,-87.701383346
8792617,HV466473,09/07/2012 09:00:00 PM,003XX W HUBBARD ST,0610,BURGLARY,FORCIBLE ENTRY,CONSTRUCTION SITE,false,false,1831,018,42,8,05,1173695,1903251,02/10/2018 03:50:01 PM,41.889936903,-87.637564113
8792619,HV466499,09/07/2012 06:00:00 PM,030XX W FLOURNOY ST,1320,CRIMINAL DAMAGE,TO VEHICLE,STREET,false,false,1134,011,28,27,14,1156135,1896876,02/10/2018 03:50:01 PM,41.872815891,-87.702224417
8792622,HV466444,09/07/2012 03:30:00 PM,066XX S KIMBARK AVE,0820,THEFT,$500 AND UNDER,VEHICLE NON-COMMERCIAL,false,false,0321,003,5,42,06,1185776,1861325,02/10/2018 03:50:01 PM,41.774612074,-87.594522247
8792623,HV466494,09/07/2012 11:00:00 PM,045XX N CLARK ST,1310,CRIMINAL DAMAGE,TO PROPERTY,SMALL RETAIL STORE,false,false,1912,019,47,3,14,1165621,1930143,02/10/2018 03:50:01 PM,41.963905915,-87.666447175
8792626,HV466522,09/07/2012 10:30:00 PM,014XX W BYRON ST,0810,THEFT,OVER $500,STREET,false,false,1922,019,44,6,06,1166010,1925997,02/10/2018 03:50:01 PM,41.952520802,-87.665135811
8792627,HV466498,09/07/2012 10:30:00 PM,001XX E DELAWARE PL,0890,THEFT,FROM BUILDING,HOTEL/MOTEL,false,false,1833,018,42,8,06,1176911,1906649,02/10/2018 03:50:01 PM,41.899189017,-87.625650736
8792630,HV466518,09/07/2012 06:00:00 PM,012XX N LA SALLE DR,0820,THEFT,$500 AND UNDER,STREET,false,false,1821,018,43,8,06,1174912,1908513,02/10/2018 03:50:01 PM,41.90434894,-87.632937036
8792631,HV466481,09/07/2012 06:00:00 PM,033XX N DAMEN AVE,0890,THEFT,FROM BUILDING,RESIDENCE PORCH/HALLWAY,false,false,1921,019,32,5,06,1162427,1922092,02/10/2018 03:50:01 PM,41.941881173,-87.678416706
8792636,HV466540,09/07/2012 03:00:00 PM,049XX S KOLIN AVE,1310,CRIMINAL DAMAGE,TO PROPERTY,RESIDENCE-GARAGE,false,false,0815,008,23,57,14,1148194,1871574,02/10/2018 03:50:01 PM,41.803540323,-87.732030066
8792637,HV466510,09/07/2012 07:30:00 PM,004XX N CLARK ST,0890,THEFT,FROM BUILDING,BAR OR TAVERN,false,false,1831,018,42,8,06,1175456,1903406,02/10/2018 03:50:01 PM,41.890322866,-87.631092347
8792638,HV466521,09/07/2012 11:15:00 PM,024XX S ARCHER AVE,1320,CRIMINAL DAMAGE,TO VEHICLE,STREET,false,false,0914,009,11,60,14,1171836,1887958,02/10/2018 03:50:01 PM,41.848012963,-87.644841581
8792640,HV466501,09/07/2012 08:50:00 PM,056XX S EVERETT DR,0820,THEFT,$500 AND UNDER,STREET,false,false,0331,003,5,41,06,1189114,1868146,02/10/2018 03:50:01 PM,41.793250072,-87.582067395
8792654,HV465373,09/07/2012 03:00:00 AM,056XX W WASHINGTON BLVD,0910,MOTOR VEHICLE THEFT,AUTOMOBILE,STREET,false,false,1513,015,29,25,07,1138781,1900185,02/10/2018 03:50:01 PM,41.882228688,-87.765859462
8792656,HV466562,09/07/2012 03:00:00 PM,072XX W TOUHY AVE,1305,CRIMINAL DAMAGE,CRIMINAL DEFACEMENT,STREET,false,false,1611,016,41,9,14,1126901,1947281,02/10/2018 03:50:01 PM,42.011672974,-87.808424662
8792659,HV466587,09/07/2012 09:30:00 PM,021XX N HUMBOLDT BLVD,0910,MOTOR VEHICLE THEFT,AUTOMOBILE,STREET,false,false,1414,014,35,22,07,1156023,1914095,02/10/2018 03:50:01 PM,41.920068657,-87.702170548
8792674,HV466180,09/07/2012 11:25:00 PM,028XX S MICHIGAN AVE,0460,BATTERY,SIMPLE,CTA BUS,false,false,0133,001,2,35,08B,1177645,1886256,02/10/2018 03:50:01 PM,41.843212778,-87.623574145
8792682,HV466653,09/07/2012 10:00:00 PM,017XX N HUMBOLDT BLVD,1320,CRIMINAL DAMAGE,TO VEHICLE,STREET,false,false,1421,014,35,23,14,1156106,1911362,02/10/2018 03:50:01 PM,41.912567406,-87.701939517
8792695,HV466565,09/07/2012 09:30:00 PM,003XX W CONCORD PL,0610,BURGLARY,FORCIBLE ENTRY,RESIDENCE-GARAGE,false,false,1814,018,43,7,05,1173724,1911330,02/10/2018 03:50:01 PM,41.912105461,-87.637216863
8792697,HV466620,09/07/2012 11:14:00 PM,012XX N GREENVIEW AVE,1320,CRIMINAL DAMAGE,TO VEHICLE,STREET,false,false,1433,014,1,24,14,1166167,1908338,02/10/2018 03:50:01 PM,41.904060165,-87.665064615
8792699,HV466676,09/07/2012 09:20:00 PM,036XX N NEW ENGLAND AVE,0820,THEFT,$500 AND UNDER,SIDEWALK,false,false,1632,016,36,17,06,1129760,1923507,02/10/2018 03:50:01 PM,41.94638619,-87.798451152
8792700,HV466663,09/07/2012 11:00:00 PM,022XX N CLARK ST,1310,CRIMINAL DAMAGE,TO PROPERTY,RESTAURANT,false,false,1812,018,43,7,14,1173144,1915489,02/10/2018 03:50:01 PM,41.923530846,-87.639223937
8792701,HV466616,09/07/2012 06:00:00 PM,044XX N FRANCISCO AVE,1305,CRIMINAL DAMAGE,CRIMINAL DEFACEMENT,RESIDENCE-GARAGE,false,false,1724,017,33,14,14,1156250,1929271,02/10/2018 03:50:01 PM,41.961708065,-87.700925146
8792703,HV466633,09/07/2012 01:30:00 PM,064XX N NEWARK AVE,1320,CRIMINAL DAMAGE,TO VEHICLE,STREET,false,false,1611,016,41,10,14,1129474,1942319,02/10/2018 03:50:01 PM,41.998013133,-87.799071195
8792708,HV466527,09/07/2012 06:30:00 PM,130XX S INDIANA AVE,0880,THEFT,PURSE-SNATCHING,OTHER,false,false,0533,005,9,54,06,1179918,1818810,02/10/2018 03:50:01 PM,41.658081515,-87.617292687
8792719,HV466551,09/07/2012 03:00:00 PM,009XX S INDEPENDENCE BLVD,0620,BURGLARY,UNLAWFUL ENTRY,RESIDENCE,false,false,1133,011,24,29,05,1151401,1895681,02/10/2018 03:50:01 PM,41.869630875,-87.719636603
8792721,HV466684,09/07/2012 10:00:00 PM,017XX W ARTHUR AVE,0486,BATTERY,DOMESTIC BATTERY SIMPLE,RESIDENCE,false,true,2432,024,40,1,08B,1163764,1943487,02/10/2018 03:50:01 PM,42.000561765,-87.672896475
8792724,HV466446,09/07/2012 06:00:00 PM,064XX N WESTERN AVE,0620,BURGLARY,UNLAWFUL ENTRY,COMMERCIAL / BUSINESS OFFICE,false,false,2412,024,50,2,05,1159147,1942646,02/10/2018 03:50:01 PM,41.998350497,-87.689904742
8792727,HV466547,09/07/2012 09:00:00 PM,109XX S AVENUE C,1320,CRIMINAL DAMAGE,TO VEHICLE,STREET,false,false,0432,004,10,52,14,1204459,1832966,02/10/2018 03:50:01 PM,41.696332352,-87.527009039
8792729,HV466621,09/07/2012 06:30:00 PM,002XX E GRAND AVE,0890,THEFT,FROM BUILDING,RESTAURANT,false,false,1834,018,42,8,06,1177830,1903951,02/10/2018 03:50:01 PM,41.891764728,-87.622357433
8792732,HV466697,09/07/2012 10:20:00 PM,040XX N FRANCISCO AVE,0910,MOTOR VEHICLE THEFT,AUTOMOBILE,STREET,false,false,1724,017,33,16,07,1156327,1926769,02/10/2018 03:50:01 PM,41.954840866,-87.70070996
8792733,HV466708,09/07/2012 08:00:00 PM,048XX S HERMITAGE AVE,0820,THEFT,$500 AND UNDER,STREET,false,false,0931,009,20,61,06,1165493,1872704,02/10/2018 03:50:01 PM,41.806291558,-87.668553772
8792736,HV466582,09/07/2012 08:30:00 PM,074XX S MORGAN ST,0620,BURGLARY,UNLAWFUL ENTRY,"SCHOOL, PUBLIC, BUILDING",false,false,0733,007,17,68,05,1170932,1855496,02/10/2018 03:50:01 PM,41.758953628,-87.649107679
8792753,HV466606,09/07/2012 08:00:00 PM,071XX N OZARK AVE,1320,CRIMINAL DAMAGE,TO VEHICLE,STREET,false,false,1611,016,41,9,14,1123758,1946769,02/10/2018 03:50:01 PM,42.0103203,-87.820000709
8792762,HV466768,09/07/2012 08:00:00 PM,007XX W BARRY AVE,0820,THEFT,$500 AND UNDER,STREET,false,false,1934,019,44,6,06,1170866,1920693,02/10/2018 03:50:01 PM,41.937861148,-87.64744112
8792765,HV466740,09/07/2012 08:00:00 PM,001XX E DELAWARE PL,0810,THEFT,OVER $500,HOTEL/MOTEL,false,false,1833,018,42,8,06,1176911,1906649,02/10/2018 03:50:01 PM,41.899189017,-87.625650736
8792770,HV466719,09/07/2012 10:00:00 PM,009XX W FLETCHER ST,0820,THEFT,$500 AND UNDER,STREET,false,false,1933,019,44,6,06,1169459,1921086,02/10/2018 03:50:01 PM,41.938970331,-87.652600613
8792779,HV466682,09/07/2012 11:30:00 PM,072XX S UNION AVE,0810,THEFT,OVER $500,APARTMENT,false,false,0732,007,17,68,06,1173003,1856835,02/10/2018 03:50:01 PM,41.762582555,-87.641478126
8792787,HV466696,09/07/2012 10:30:00 PM,017XX E 79TH ST,0610,BURGLARY,FORCIBLE ENTRY,ALLEY,false,false,0414,004,8,43,05,1189432,1852948,02/10/2018 03:50:01 PM,41.751537905,-87.581388592
8792800,HV466802,09/07/2012 11:00:00 PM,042XX S KEATING AVE,0810,THEFT,OVER $500,OTHER,false,false,0815,008,14,56,06,1145395,1876011,02/10/2018 03:50:01 PM,41.815769406,-87.742183594
8792817,HV466075,09/07/2012 08:30:00 PM,048XX N FRANCISCO AVE,0460,BATTERY,SIMPLE,OTHER,false,false,2031,020,40,4,08B,1156348,1932071,02/10/2018 03:50:01 PM,41.96938944,-87.700488807
8792820,HV466754,09/07/2012 08:00:00 PM,040XX W FULLERTON AVE,1320,CRIMINAL DAMAGE,TO VEHICLE,STREET,false,false,2525,025,31,20,14,1149216,1915653,02/10/2018 03:50:01 PM,41.924478704,-87.727140346
8792821,HV466601,09/07/2012 10:00:00 PM,128XX S EMERALD AVE,0560,ASSAULT,SIMPLE,STREET,false,false,0523,005,34,53,08A,1173663,1819825,02/10/2018 03:50:01 PM,41.661007159,-87.640151146
8792826,HV466798,09/07/2012 09:30:00 PM,003XX S HAMLIN BLVD,0915,MOTOR VEHICLE THEFT,"TRUCK, BUS, MOTOR HOME",STREET,false,false,1133,011,28,26,07,1151093,1898340,02/10/2018 03:50:01 PM,41.876933506,-87.72069769
8792828,HV466809,09/07/2012 02:00:00 PM,072XX S JEFFERY BLVD,1320,CRIMINAL DAMAGE,TO VEHICLE,STREET,false,false,0333,003,5,43,14,1190801,1857187,02/10/2018 03:50:01 PM,41.763137138,-87.576235238
8792829,HV466552,09/07/2012 10:30:00 PM,018XX W BELMONT AVE,0620,BURGLARY,UNLAWFUL ENTRY,RESIDENCE-GARAGE,false,false,1922,019,32,5,05,1163410,1921273,02/10/2018 03:50:01 PM,41.939613126,-87.674826894
8792830,HV466807,09/07/2012 12:30:00 AM,065XX S WOODLAWN AVE,1320,CRIMINAL DAMAGE,TO VEHICLE,STREET,false,false,0321,003,20,42,14,1185342,1861819,02/10/2018 03:50:01 PM,41.775977874,-87.596097676
8792833,HV466700,09/07/2012 11:30:00 PM,0000X E 14TH ST,0486,BATTERY,DOMESTIC BATTERY SIMPLE,APARTMENT,false,true,0131,001,2,33,08B,1177221,1893856,02/10/2018 03:50:01 PM,41.864077302,-87.624900006
8792839,HV466491,09/07/2012 09:00:00 PM,020XX W BELMONT AVE,0820,THEFT,$500 AND UNDER,STREET,false,false,1931,019,32,5,06,1162252,1921246,02/10/2018 03:50:01 PM,41.939563368,-87.679083636
8792842,HV466746,09/07/2012 07:30:00 PM,021XX W WALNUT ST,0810,THEFT,OVER $500,WAREHOUSE,false,false,1332,012,27,28,06,1162079,1901654,02/10/2018 03:50:01 PM,41.885805142,-87.680267736
8792848,HV466765,09/07/2012 08:30:00 PM,060XX N ARTESIAN AVE,0910,MOTOR VEHICLE THEFT,AUTOMOBILE,STREET,false,false,2413,024,40,2,07,1158895,1940034,02/10/2018 03:50:01 PM,41.991188263,-87.690903855
8792850,HV466761,09/07/2012 08:00:00 PM,024XX S LEAVITT ST,0915,MOTOR VEHICLE THEFT,"TRUCK, BUS, MOTOR HOME",STREET,false,false,1034,010,25,31,07,1162082,1887970,02/10/2018 03:50:01 PM,41.848254902,-87.680638782
8792856,HV466764,09/07/2012 07:30:00 PM,024XX N HALSTED ST,0620,BURGLARY,UNLAWFUL ENTRY,APARTMENT,false,false,1935,019,43,7,05,1170530,1916545,02/10/2018 03:50:01 PM,41.926486221,-87.648797692
8792863,HV466871,09/07/2012 07:45:00 AM,060XX S CARPENTER ST,0610,BURGLARY,FORCIBLE ENTRY,RESIDENCE,false,false,0712,007,16,68,05,1170347,1864813,02/10/2018 03:50:01 PM,41.784533369,-87.650980756
8792864,HV466831,09/07/2012 09:00:00 PM,085XX S COTTAGE GROVE AVE,0841,THEFT,FINANCIAL ID THEFT:$300 &UNDER,PARKING LOT/GARAGE(NON.RESID.),false,false,0632,006,6,44,06,1183056,1848421,02/10/2018 03:50:01 PM,41.739265865,-87.604893749
8792866,HV466860,09/07/2012 11:00:00 AM,016XX W 69TH ST,0860,THEFT,RETAIL THEFT,GROCERY FOOD STORE,false,false,0735,007,17,67,06,1166382,1858950,02/10/2018 03:50:01 PM,41.768529968,-87.665684951
8792872,HV466726,09/07/2012 10:30:00 PM,037XX S WESTERN AVE,0486,BATTERY,DOMESTIC BATTERY SIMPLE,SIDEWALK,false,true,0911,009,12,59,08B,1160991,1879511,02/10/2018 03:50:01 PM,41.825065156,-87.684877187
8792874,HV466785,09/07/2012 10:40:00 PM,006XX N LATROBE AVE,0460,BATTERY,SIMPLE,RESIDENCE,false,false,1524,015,28,25,08B,1141248,1903737,02/10/2018 03:50:01 PM,41.891930692,-87.756712858
8792878,HV466725,09/07/2012 07:30:00 AM,019XX S TROY ST,1130,DECEPTIVE PRACTICE,FRAUD OR CONFIDENCE GAME,RESIDENCE,false,false,1022,010,24,29,11,1155664,1890335,02/10/2018 03:50:01 PM,41.854876172,-87.704129692
8792880,HV466898,09/07/2012 10:00:00 PM,0000X N OAKLEY BLVD,0910,MOTOR VEHICLE THEFT,AUTOMOBILE,STREET,false,false,1332,012,2,28,07,1161074,1900423,02/10/2018 03:50:01 PM,41.882448098,-87.683992509
8792883,HV466558,09/07/2012 10:00:00 PM,029XX W MC LEAN AVE,0820,THEFT,$500 AND UNDER,STREET,false,false,1414,014,35,22,06,1156495,1913531,02/10/2018 03:50:01 PM,41.918511451,-87.700451626
8792887,HV466627,09/07/2012 11:00:00 PM,018XX S MORGAN ST,0820,THEFT,$500 AND UNDER,STREET,false,false,1233,012,25,31,06,1169976,1891529,02/10/2018 03:50:01 PM,41.857852805,-87.651563764
8792891,HV466873,09/07/2012 07:32:00 PM,020XX S ASHLAND AVE,0820,THEFT,$500 AND UNDER,GROCERY FOOD STORE,false,false,1222,012,25,31,06,1166034,1890380,02/10/2018 03:50:01 PM,41.854784827,-87.666066016
8792894,HV466841,09/07/2012 11:00:00 PM,036XX W LEXINGTON ST,0910,MOTOR VEHICLE THEFT,AUTOMOBILE,STREET,false,false,1133,011,24,27,07,1152250,1896453,02/10/2018 03:50:01 PM,41.871732631,-87.716499297
8792906,HV466767,09/07/2012 10:00:00 PM,059XX S CALUMET AVE,0930,MOTOR VEHICLE THEFT,THEFT/RECOVERY: AUTOMOBILE,VACANT LOT/LAND,false,false,0232,002,20,40,07,1179499,1865666,02/10/2018 03:50:01 PM,41.786669879,-87.6174
8792907,HV466467,09/07/2012 09:00:00 PM,047XX S MAPLEWOOD AVE,1305,CRIMINAL DAMAGE,CRIMINAL DEFACEMENT,RESIDENTIAL YARD (FRONT/BACK),false,false,0922,009,12,58,14,1160168,1873090,02/10/2018 03:50:01 PM,41.807462155,-87.688073451
8792915,HV466745,09/07/2012 05:45:00 PM,060XX S CHAMPLAIN AVE,0320,ROBBERY,STRONGARM - NO WEAPON,ALLEY,false,false,0313,003,20,42,03,1181604,1865076,02/10/2018 03:50:01 PM,41.785002507,-87.609700245
8792916,HV466887,09/07/2012 11:30:00 PM,076XX S STATE ST,0910,MOTOR VEHICLE THEFT,AUTOMOBILE,STREET,false,false,0623,006,6,69,07,1177594,1854568,02/10/2018 03:50:01 PM,41.756259091,-87.624719943
8792921,HV466861,09/07/2012 12:00:00 PM,019XX N SPAULDING AVE,2825,OTHER OFFENSE,HARASSMENT BY TELEPHONE,RESIDENCE,false,false,1422,014,35,22,26,1153824,1912958,02/10/2018 03:50:01 PM,41.91699276,-87.710280441
8792927,HV466894,09/07/2012 04:00:00 PM,024XX W GRENSHAW ST,0820,THEFT,$500 AND UNDER,RESIDENTIAL YARD (FRONT/BACK),false,false,1135,011,28,28,06,1160190,1894973,02/10/2018 03:50:01 PM,41.867511097,-87.687389181
8792928,HV466885,09/07/2012 10:30:00 PM,059XX S CALUMET AVE,1320,CRIMINAL DAMAGE,TO VEHICLE,STREET,false,false,0232,002,20,40,14,1179498,1865707,02/10/2018 03:50:01 PM,41.78678241,-87.617402415
8792937,HV466836,09/07/2012 12:00:00 PM,010XX E 53RD ST,1152,DECEPTIVE PRACTICE,ILLEGAL USE CASH CARD,BANK,false,false,0233,002,4,41,11,1183905,1870344,02/10/2018 03:50:01 PM,41.799404889,-87.601099375
8792950,HV466915,09/07/2012 09:20:00 PM,040XX W 57TH ST,0910,MOTOR VEHICLE THEFT,AUTOMOBILE,STREET,false,false,0813,008,13,62,07,1150433,1866498,02/10/2018 03:50:01 PM,41.789567739,-87.723950419
8792951,HV466063,09/07/2012 10:01:00 PM,062XX S RACINE AVE,0330,ROBBERY,AGGRAVATED,SIDEWALK,false,false,0713,007,16,67,03,1169387,1863508,02/10/2018 03:50:01 PM,41.780973145,-87.654538273
8792958,HV466506,09/07/2012 11:00:00 PM,069XX S THROOP ST,0610,BURGLARY,FORCIBLE ENTRY,RESIDENCE,true,false,0734,007,17,67,05,1168857,1858735,02/10/2018 03:50:01 PM,41.767886902,-87.656619053
8792959,HV465723,09/07/2012 05:15:00 PM,009XX W GARFIELD BLVD,5001,OTHER OFFENSE,OTHER CRIME INVOLVING PROPERTY,RESIDENCE-GARAGE,false,false,0712,007,16,68,26,1171075,1868229,02/10/2018 03:50:01 PM,41.793891373,-87.648211814
8792965,HV466879,09/07/2012 08:00:00 PM,056XX S HOYNE AVE,0910,MOTOR VEHICLE THEFT,AUTOMOBILE,VEHICLE NON-COMMERCIAL,false,false,0715,007,15,67,07,1163322,1867297,02/10/2018 03:50:01 PM,41.791499883,-87.676667751
8792983,HV466824,09/07/2012 06:00:00 PM,037XX N KENMORE AVE,0820,THEFT,$500 AND UNDER,VEHICLE NON-COMMERCIAL,false,false,1923,019,44,6,06,1168608,1925002,02/10/2018 03:50:01 PM,41.949734503,-87.655614444
8792992,HV466851,09/07/2012 04:00:00 PM,012XX N HOYNE AVE,1310,CRIMINAL DAMAGE,TO PROPERTY,RESIDENCE-GARAGE,false,false,1424,014,1,24,14,1162180,1908164,02/10/2018 03:50:01 PM,41.903666992,-87.679714725
8793006,HV466144,09/07/2012 06:20:00 PM,041XX N PULASKI RD,0820,THEFT,$500 AND UNDER,PARKING LOT/GARAGE(NON.RESID.),false,false,1722,017,39,16,06,1148988,1927121,02/10/2018 03:50:01 PM,41.955952273,-87.727680404
8793007,HV466124,09/07/2012 10:30:00 PM,028XX W LAWRENCE AVE,0860,THEFT,RETAIL THEFT,SMALL RETAIL STORE,false,false,2031,020,40,4,06,1156793,1931761,02/10/2018 03:50:01 PM,41.968529752,-87.698860976
8793009,HV465826,09/07/2012 06:23:00 PM,069XX S JEFFERY BLVD,0486,BATTERY,DOMESTIC BATTERY SIMPLE,OTHER,true,true,0331,003,5,43,08B,1190744,1859307,02/10/2018 03:50:01 PM,41.768955965,-87.576375769
8793025,HV466978,09/07/2012 04:45:00 PM,106XX S AVENUE B,0820,THEFT,$500 AND UNDER,RESIDENTIAL YARD (FRONT/BACK),false,false,0432,004,10,52,06,1204784,1834971,02/10/2018 03:50:01 PM,41.701825876,-87.525750288
8793028,HV466526,09/07/2012 10:00:00 PM,028XX E 77TH PL,0560,ASSAULT,SIMPLE,APARTMENT,false,true,0421,004,7,43,08A,1196713,1854174,02/10/2018 03:50:01 PM,41.754724423,-87.554667078
8793043,HV467001,09/07/2012 04:30:00 PM,022XX W 81ST ST,0560,ASSAULT,SIMPLE,RESIDENTIAL YARD (FRONT/BACK),false,false,0835,008,18,70,08A,1162634,1850900,02/10/2018 03:50:01 PM,41.746518612,-87.679647481
8793057,HV467088,09/07/2012 06:00:00 PM,086XX S DREXEL AVE,1320,CRIMINAL DAMAGE,TO VEHICLE,STREET,false,false,0632,006,8,44,14,1183733,1847908,02/10/2018 03:50:01 PM,41.737842385,-87.602429329
8793065,HV467026,09/07/2012 02:00:00 PM,012XX N KOSTNER AVE,0610,BURGLARY,FORCIBLE ENTRY,APARTMENT,false,false,2534,025,37,23,05,1146810,1908078,02/10/2018 03:50:01 PM,41.90373848,-87.736174893
8793074,HV467059,09/07/2012 10:54:00 AM,029XX W GREGORY ST,2820,OTHER OFFENSE,TELEPHONE THREAT,RESIDENCE,false,false,2011,020,40,4,26,1155535,1936728,02/10/2018 03:50:01 PM,41.982184938,-87.703352292
8793077,HV467005,09/07/2012 10:30:00 PM,065XX N NEWCASTLE AVE,1320,CRIMINAL DAMAGE,TO VEHICLE,STREET,false,false,1611,016,41,10,14,1129998,1943136,02/10/2018 03:50:01 PM,42.000246066,-87.797124721
8793090,HV467021,09/07/2012 05:00:00 PM,090XX S MARSHFIELD AVE,0460,BATTERY,SIMPLE,ALLEY,false,false,2221,022,21,73,08B,1166929,1844646,02/10/2018 03:50:01 PM,41.729266106,-87.664087736
8793098,HV467238,09/07/2012 04:00:00 PM,012XX W 111TH PL,0810,THEFT,OVER $500,RESIDENCE,false,false,2234,022,34,75,06,1170008,1830841,02/10/2018 03:50:01 PM,41.691316821,-87.653208
8793100,HV467111,09/07/2012 07:00:00 PM,055XX W GLADYS AVE,1152,DECEPTIVE PRACTICE,ILLEGAL USE CASH CARD,RESIDENCE,false,false,1522,015,29,25,11,1139726,1897798,02/10/2018 03:50:01 PM,41.87566125,-87.762447671
8793120,HV467263,09/07/2012 06:00:00 PM,004XX W BELMONT AVE,0820,THEFT,$500 AND UNDER,STREET,false,false,1925,019,44,6,06,1172787,1921526,02/10/2018 03:50:01 PM,41.940104538,-87.640356386
8793137,HV467184,09/07/2012 09:00:00 PM,040XX S RICHMOND ST,0610,BURGLARY,FORCIBLE ENTRY,APARTMENT,false,false,0921,009,14,58,05,1157347,1877447,02/10/2018 03:50:01 PM,41.819475978,-87.698302053
8793154,HV467046,09/07/2012 10:00:00 PM,083XX S KINGSTON AVE,1365,CRIMINAL TRESPASS,TO RESIDENCE,APARTMENT,false,false,0423,004,7,46,26,1194621,1850172,02/10/2018 03:50:01 PM,41.743794318,-87.562464878
8793155,HV465637,09/07/2012 04:35:00 PM,015XX N LA SALLE DR,0460,BATTERY,SIMPLE,OTHER,false,false,1821,018,43,8,08B,1174845,1910658,02/10/2018 03:50:01 PM,41.910236423,-87.633118824
8793159,HV466155,09/07/2012 10:00:00 PM,088XX S HOUSTON AVE,1310,CRIMINAL DAMAGE,TO PROPERTY,APARTMENT,false,true,0424,004,10,46,14,1198058,1846905,02/10/2018 03:50:01 PM,41.734744241,-87.549980667
8793176,HV465416,09/07/2012 11:55:00 AM,108XX S MICHIGAN AVE,0810,THEFT,OVER $500,STREET,false,false,0513,005,9,49,06,1178824,1833211,02/10/2018 03:50:01 PM,41.697624892,-87.620860102
8793185,HV467338,09/07/2012 06:00:00 PM,050XX N LAWNDALE AVE,1320,CRIMINAL DAMAGE,TO VEHICLE,STREET,false,false,1712,017,39,14,14,1150813,1933210,02/10/2018 03:50:01 PM,41.972625317,-87.720811208
8793189,HV466012,09/07/2012 08:30:00 PM,019XX N DRAKE AVE,0620,BURGLARY,UNLAWFUL ENTRY,RESIDENCE-GARAGE,false,false,1422,014,26,22,05,1152507,1912719,02/10/2018 03:50:01 PM,41.916363076,-87.71512545
8793204,HV467087,09/07/2012 08:45:00 PM,026XX W CRYSTAL ST,0890,THEFT,FROM BUILDING,APARTMENT,false,false,1423,014,26,24,06,1158482,1908221,02/10/2018 03:50:01 PM,41.90389992,-87.693296789
8793206,HV467217,09/07/2012 10:15:00 AM,034XX N WESTERN AVE,0810,THEFT,OVER $500,CAR WASH,false,false,1921,019,32,5,06,1159766,1922830,02/10/2018 03:50:01 PM,41.943961662,-87.688176597
8793285,HV465353,09/07/2012 01:00:00 AM,033XX W DIVISION ST,1320,CRIMINAL DAMAGE,TO VEHICLE,STREET,false,false,1422,014,26,23,14,1153881,1907785,02/10/2018 03:50:01 PM,41.902796452,-87.710209093
8793287,HV466917,09/07/2012 01:00:00 PM,035XX W OGDEN AVE,1305,CRIMINAL DAMAGE,CRIMINAL DEFACEMENT,OTHER,false,false,1021,010,24,29,14,1153231,1890462,02/10/2018 03:50:01 PM,41.855273251,-87.713056548
8793319,HV467131,09/07/2012 09:00:00 PM,052XX S HERMITAGE AVE,0820,THEFT,$500 AND UNDER,RESIDENCE PORCH/HALLWAY,false,false,0932,009,16,61,06,1165569,1869874,02/10/2018 03:50:01 PM,41.798524091,-87.668355332
8793326,HV467501,09/07/2012 10:00:00 PM,046XX N WESTERN AVE,0820,THEFT,$500 AND UNDER,SIDEWALK,false,false,1911,019,47,4,06,1159538,1930538,02/10/2018 03:50:01 PM,41.965117553,-87.688801547
8793333,HV467418,09/07/2012 01:00:00 PM,013XX E 74TH ST,0610,BURGLARY,FORCIBLE ENTRY,APARTMENT,false,false,0324,003,5,43,05,1186622,1856204,02/10/2018 03:50:01 PM,41.760539607,-87.591582884
8793348,HV465898,09/07/2012 09:00:00 AM,029XX E 78TH ST,0610,BURGLARY,FORCIBLE ENTRY,RESIDENCE,false,false,0421,004,7,43,05,1197014,1853942,02/10/2018 03:50:01 PM,41.754080317,-87.553571733
8793392,HV467274,09/07/2012 07:30:00 AM,066XX S LOWE AVE,0610,BURGLARY,FORCIBLE ENTRY,APARTMENT,false,false,0723,007,6,68,05,1173183,1860811,02/10/2018 03:50:01 PM,41.773489197,-87.640701048
8793397,HV467481,09/07/2012 03:50:00 PM,060XX S ROCKWELL ST,0810,THEFT,OVER $500,"SCHOOL, PUBLIC, BUILDING",false,false,0825,008,15,66,06,1160074,1864580,02/10/2018 03:50:01 PM,41.784111527,-87.688652292
8793418,HV467586,09/07/2012 07:30:00 PM,030XX N NEWCASTLE AVE,0910,MOTOR VEHICLE THEFT,AUTOMOBILE,STREET,false,false,2511,025,36,18,07,1130228,1919375,02/10/2018 03:50:01 PM,41.935039475,-87.796825955
8793419,HV466107,09/07/2012 08:00:00 PM,002XX E 37TH ST,1310,CRIMINAL DAMAGE,TO PROPERTY,RESIDENCE,false,false,0212,002,2,35,14,1178670,1880515,02/10/2018 03:50:01 PM,41.827435742,-87.619987639
8793424,HV466308,09/07/2012 08:21:00 PM,084XX S STONY ISLAND AVE,0320,ROBBERY,STRONGARM - NO WEAPON,ATM (AUTOMATIC TELLER MACHINE),false,false,0412,004,8,45,03,1188267,1849517,02/10/2018 03:50:01 PM,41.742150773,-87.585766931
8793471,HV467590,09/07/2012 07:15:00 PM,004XX N PEORIA ST,0820,THEFT,$500 AND UNDER,SIDEWALK,false,false,1323,012,27,24,06,1170334,1903026,02/10/2018 03:50:01 PM,41.889393609,-87.649913687
8793516,HV467719,09/07/2012 05:30:00 PM,071XX N OAKLEY AVE,0320,ROBBERY,STRONGARM - NO WEAPON,STREET,false,false,2411,024,50,2,03,1159587,1947471,02/10/2018 03:50:01 PM,42.011581366,-87.688152368
8793525,HV467517,09/07/2012 11:00:00 PM,069XX S PRAIRIE AVE,0460,BATTERY,SIMPLE,APARTMENT,false,false,0322,003,6,69,08B,1179234,1859244,02/10/2018 03:50:01 PM,41.769053315,-87.618567334
8793563,HV467751,09/07/2012 04:30:00 PM,052XX S BLACKSTONE AVE,0890,THEFT,FROM BUILDING,APARTMENT,false,true,0234,002,4,41,06,1186800,1870814,02/10/2018 03:50:01 PM,41.80062644,-87.590467932
8793567,HV467798,09/07/2012 01:30:00 AM,064XX S SEELEY AVE,0620,BURGLARY,UNLAWFUL ENTRY,RESIDENCE,false,false,0726,007,15,67,05,1163802,1861961,02/10/2018 03:50:01 PM,41.776847129,-87.675057475
8793602,HV466054,09/07/2012 09:00:00 AM,034XX W SUNNYSIDE AVE,0620,BURGLARY,UNLAWFUL ENTRY,APARTMENT,false,false,1723,017,33,14,05,1152451,1929690,02/10/2018 03:50:01 PM,41.962933918,-87.714881365
8793673,HV466811,09/07/2012 07:00:00 AM,082XX S DOBSON AVE,0820,THEFT,$500 AND UNDER,PARKING LOT/GARAGE(NON.RESID.),false,false,0631,006,8,44,06,1184672,1850742,02/10/2018 03:50:01 PM,41.745597247,-87.598900499
8793756,HV468041,09/07/2012 07:30:00 AM,082XX S YATES BLVD,0820,THEFT,$500 AND UNDER,RESIDENTIAL YARD (FRONT/BACK),false,false,0414,004,7,46,06,1193614,1850707,02/10/2018 03:50:01 PM,41.745287099,-87.56613706
8793798,HV468031,09/07/2012 02:00:00 PM,043XX S KILPATRICK AVE,1310,CRIMINAL DAMAGE,TO PROPERTY,RESIDENCE,false,false,0815,008,23,56,14,1145747,1875512,02/10/2018 03:50:01 PM,41.814393423,-87.740904991
8793827,HV468027,09/07/2012 08:00:00 AM,091XX S COMMERCIAL AVE,0910,MOTOR VEHICLE THEFT,AUTOMOBILE,RESIDENTIAL YARD (FRONT/BACK),false,false,0424,004,10,46,07,1197731,1844980,02/10/2018 03:50:01 PM,41.729470047,-87.551242708
8793848,HV468047,09/07/2012 11:50:00 AM,039XX W GRENSHAW ST,0620,BURGLARY,UNLAWFUL ENTRY,RESIDENCE,false,false,1132,011,24,29,05,1150225,1894749,02/10/2018 03:50:01 PM,41.867096349,-87.723978351
8793943,HV468165,09/07/2012 10:15:00 PM,078XX S YATES BLVD,1152,DECEPTIVE PRACTICE,ILLEGAL USE CASH CARD,GAS STATION,false,false,0414,004,7,43,11,1193561,1853355,02/10/2018 03:50:01 PM,41.752554725,-87.566244756
8793944,HV468246,09/07/2012 12:00:00 PM,065XX S RACINE AVE,0610,BURGLARY,FORCIBLE ENTRY,APARTMENT,false,false,0724,007,17,68,05,1169443,1861521,02/10/2018 03:50:01 PM,41.775519362,-87.654390481
8793989,HV466085,09/07/2012 04:30:00 PM,062XX N CLAREMONT AVE,2820,OTHER OFFENSE,TELEPHONE THREAT,APARTMENT,false,false,2413,024,50,2,26,1159517,1941419,02/10/2018 03:50:01 PM,41.994975928,-87.688577619
8794009,HV468224,09/07/2012 07:00:00 PM,083XX S BALTIMORE AVE,0610,BURGLARY,FORCIBLE ENTRY,OTHER,false,false,0423,004,10,46,05,1197035,1850053,02/10/2018 03:50:01 PM,41.743408091,-87.553623924
8794020,HV468356,09/07/2012 12:00:00 PM,018XX N HONORE ST,0820,THEFT,$500 AND UNDER,STREET,false,false,1434,014,32,22,06,1163731,1912213,02/10/2018 03:50:01 PM,41.914745161,-87.673903211
8794028,HV467569,09/07/2012 04:00:00 PM,005XX W MONROE ST,0460,BATTERY,SIMPLE,OTHER,false,false,0121,001,2,28,08B,1172588,1899825,02/10/2018 03:50:01 PM,41.880560303,-87.641730873
8794032,HV468382,09/07/2012 08:00:00 AM,030XX N SEMINARY AVE,0910,MOTOR VEHICLE THEFT,AUTOMOBILE,STREET,false,false,1933,019,44,6,07,1168421,1920341,02/10/2018 03:50:01 PM,41.936948571,-87.656437127
8794067,HV468400,09/07/2012 10:00:00 PM,020XX W JACKSON BLVD,0820,THEFT,$500 AND UNDER,STREET,false,false,1211,012,2,28,06,1162969,1898628,02/10/2018 03:50:01 PM,41.877482909,-87.677084446
8794081,HV468444,09/07/2012 03:00:00 PM,002XX W 71ST ST,0880,THEFT,PURSE-SNATCHING,SIDEWALK,false,false,0731,007,6,69,06,1175985,1857894,02/10/2018 03:50:01 PM,41.765422238,-87.630516976
8794168,HV467162,09/07/2012 04:30:00 PM,054XX N EAST RIVER RD,0890,THEFT,FROM BUILDING,APARTMENT,false,false,1614,016,41,76,06,1116632,1934851,02/10/2018 03:50:01 PM,41.977730236,-87.846469859
8794171,HV468572,09/07/2012 07:30:00 PM,006XX E 131ST ST,0890,THEFT,FROM BUILDING,CHA APARTMENT,false,false,0533,005,9,54,06,1183051,1818560,02/10/2018 03:50:01 PM,41.657323485,-87.605836179
8794252,HV468658,09/07/2012 11:00:00 PM,063XX N OAKLEY AVE,0820,THEFT,$500 AND UNDER,STREET,false,false,2413,024,50,2,06,1159830,1942065,02/10/2018 03:50:01 PM,41.996742102,-87.68740833
8794264,HV468668,09/07/2012 05:00:00 PM,010XX N CLARK ST,1152,DECEPTIVE PRACTICE,ILLEGAL USE CASH CARD,RESTAURANT,false,false,1824,018,42,8,11,1175350,1907323,02/10/2018 03:50:01 PM,41.901073698,-87.63136393
8794266,HV468752,09/07/2012 05:00:00 PM,030XX W 37TH PL,0560,ASSAULT,SIMPLE,STREET,false,false,0911,009,12,58,08A,1156750,1879602,02/10/2018 03:50:01 PM,41.825401656,-87.700433872
8794290,HV468736,09/07/2012 03:20:00 PM,005XX S PULASKI RD,0870,THEFT,POCKET-PICKING,CTA BUS STOP,false,false,1132,011,24,26,06,1149817,1897084,02/10/2018 03:50:01 PM,41.873511797,-87.725415479
8794375,HV468737,09/07/2012 08:00:00 PM,012XX W PRATT BLVD,0890,THEFT,FROM BUILDING,APARTMENT,false,false,2431,024,49,1,06,1166646,1945317,02/10/2018 03:50:01 PM,42.00552183,-87.662241448
8794398,HV468850,09/07/2012 05:00:00 PM,021XX W WEBSTER AVE,0610,BURGLARY,FORCIBLE ENTRY,RESIDENCE,false,false,1432,014,32,22,05,1161563,1914595,02/10/2018 03:50:01 PM,41.921327001,-87.681801663
8794464,HV468801,09/07/2012 01:30:00 AM,023XX W HARRISON ST,0910,MOTOR VEHICLE THEFT,AUTOMOBILE,RESIDENCE,false,false,1224,012,2,28,07,1160995,1897314,02/10/2018 03:50:01 PM,41.873918361,-87.684368921
8794490,HV468973,09/07/2012 03:00:00 PM,040XX W MADISON ST,0320,ROBBERY,STRONGARM - NO WEAPON,SIDEWALK,false,false,1115,011,28,26,03,1149562,1899708,02/10/2018 03:50:01 PM,41.880717301,-87.72628358
8794502,HV468654,09/07/2012 12:00:00 PM,010XX W NORTH AVE,1150,DECEPTIVE PRACTICE,CREDIT CARD FRAUD,SMALL RETAIL STORE,false,false,1811,018,32,7,11,1169336,1910832,02/10/2018 03:50:01 PM,41.910835515,-87.653351515
8794654,HV465430,09/07/2012 02:30:00 PM,051XX S PULASKI RD,0545,ASSAULT,PRO EMP HANDS NO/MIN INJURY,CTA BUS STOP,false,false,0815,008,23,62,08A,1150570,1870231,02/10/2018 03:50:01 PM,41.799808989,-87.723350952
8794716,HV469137,09/07/2012 11:00:00 PM,129XX S STONY ISLAND AVE,0810,THEFT,OVER $500,COMMERCIAL / BUSINESS OFFICE,false,false,0434,004,10,51,06,1190461,1819832,02/10/2018 03:50:01 PM,41.660639205,-87.57868132
8794776,HV469191,09/07/2012 07:00:00 AM,0000X W 87TH ST,0870,THEFT,POCKET-PICKING,CTA TRAIN,false,false,0634,006,21,44,06,1177549,1847286,02/10/2018 03:50:01 PM,41.736277427,-87.62510451
8794827,HV469165,09/07/2012 03:45:00 PM,005XX S WELLS ST,0810,THEFT,OVER $500,OTHER,false,false,0123,001,2,32,06,1174805,1897898,02/10/2018 03:50:01 PM,41.875223182,-87.633648017
8794852,HV469167,09/07/2012 05:00:00 PM,057XX N AVONDALE AVE,1320,CRIMINAL DAMAGE,TO VEHICLE,STREET,false,false,1612,016,41,10,14,1131948,1938073,02/10/2018 03:50:01 PM,41.986319015,-87.790069119
8794865,HV469243,09/07/2012 05:00:00 PM,029XX E 89TH ST,1305,CRIMINAL DAMAGE,CRIMINAL DEFACEMENT,MEDICAL/DENTAL OFFICE,false,false,0423,004,10,46,14,1197451,1846526,02/10/2018 03:50:01 PM,41.733719373,-87.552217004
8794871,HV469152,09/07/2012 02:30:00 PM,047XX S LOOMIS BLVD,0610,BURGLARY,FORCIBLE ENTRY,COMMERCIAL / BUSINESS OFFICE,false,false,0933,009,20,61,05,1167798,1873273,02/10/2018 03:50:01 PM,41.807803722,-87.660083495
8794889,HV466505,09/07/2012 09:30:00 PM,027XX S KEDZIE AVE,1320,CRIMINAL DAMAGE,TO VEHICLE,PARKING LOT/GARAGE(NON.RESID.),false,false,1033,010,12,30,14,1155474,1885533,02/10/2018 03:50:01 PM,41.841702747,-87.704956048
8794893,HV469258,09/07/2012 06:00:00 PM,056XX S AUSTIN AVE,0820,THEFT,$500 AND UNDER,STREET,false,false,0811,008,23,56,06,1137334,1866658,02/10/2018 03:50:01 PM,41.790251546,-87.771977504
8794897,HV469246,09/07/2012 11:00:00 AM,011XX W WILSON AVE,0820,THEFT,$500 AND UNDER,"SCHOOL, PUBLIC, BUILDING",false,false,1913,019,46,3,06,1167612,1930696,02/10/2018 03:50:01 PM,41.96538061,-87.659110921
8794985,HV469318,09/07/2012 03:30:00 PM,003XX W ERIE ST,0890,THEFT,FROM BUILDING,COMMERCIAL / BUSINESS OFFICE,false,false,1831,018,42,8,06,1173693,1904712,02/10/2018 03:50:01 PM,41.893946016,-87.637527948
8794999,HV469288,09/07/2012 04:00:00 PM,006XX W 65TH ST,0820,THEFT,$500 AND UNDER,CHA APARTMENT,false,false,0723,007,20,68,06,1172916,1861779,02/10/2018 03:50:01 PM,41.776151397,-87.641651267
8795055,HV469370,09/07/2012 08:00:00 AM,095XX S PERRY AVE,0820,THEFT,$500 AND UNDER,STREET,false,false,0511,005,21,49,06,1177287,1841803,02/10/2018 03:50:01 PM,41.721237281,-87.6262294
8795134,HV469311,09/07/2012 07:15:00 PM,065XX S CHAMPLAIN AVE,1345,CRIMINAL DAMAGE,TO CITY OF CHICAGO PROPERTY,"SCHOOL, PUBLIC, BUILDING",false,false,0321,003,20,42,14,1181693,1861749,02/10/2018 03:50:01 PM,41.77587085,-87.609476619
8795137,HV469324,09/07/2012 07:00:00 AM,013XX N HUDSON AVE,0620,BURGLARY,UNLAWFUL ENTRY,RESIDENCE,false,false,1821,018,27,8,05,1173068,1909520,02/10/2018 03:50:01 PM,41.907153315,-87.639680572
8795187,HV469169,09/07/2012 03:30:00 PM,056XX S PERRY AVE,0460,BATTERY,SIMPLE,STREET,false,false,0225,002,3,40,08B,1176660,1867682,02/10/2018 03:50:01 PM,41.792266385,-87.627748533
8795209,HV469463,09/07/2012 06:25:00 PM,005XX N KINGSBURY ST,0890,THEFT,FROM BUILDING,ATHLETIC CLUB,true,false,1831,018,42,8,06,1173193,1903598,02/10/2018 03:50:01 PM,41.890900247,-87.639397357
8795253,HV465801,09/07/2012 06:00:00 AM,109XX S WESTERN AVE,0610,BURGLARY,FORCIBLE ENTRY,APARTMENT,false,false,2212,022,19,75,05,1162340,1831999,02/10/2018 03:50:01 PM,41.694657291,-87.68124936
8795259,HV469476,09/07/2012 02:00:00 PM,086XX S LOOMIS BLVD,0820,THEFT,$500 AND UNDER,GAS STATION,false,false,0613,006,21,71,06,1168508,1847377,02/10/2018 03:50:01 PM,41.736726532,-87.658224974
8795260,HV469499,09/07/2012 01:00:00 PM,015XX N LOREL AVE,0460,BATTERY,SIMPLE,APARTMENT,false,false,2532,025,37,25,08B,1140406,1909769,02/10/2018 03:50:01 PM,41.9084987,-87.759657059
8795263,HV469256,09/07/2012 03:30:00 AM,075XX S RHODES AVE,0810,THEFT,OVER $500,STREET,false,false,0624,006,6,69,06,1181207,1855239,02/10/2018 03:50:01 PM,41.75801796,-87.611458525
8795278,HV469348,09/07/2012 12:00:00 PM,101XX S LUELLA AVE,0610,BURGLARY,FORCIBLE ENTRY,RESIDENCE,false,false,0431,004,7,51,05,1193169,1838168,02/10/2018 03:50:01 PM,41.710889788,-87.568175992
8795465,HV469245,09/07/2012 07:00:00 PM,044XX N GREENVIEW AVE,0890,THEFT,FROM BUILDING,APARTMENT,false,false,1912,019,47,3,06,1165275,1929599,02/10/2018 03:50:01 PM,41.962420539,-87.667734842
8795468,HV468345,09/07/2012 02:30:00 PM,043XX N MARINE DR,0820,THEFT,$500 AND UNDER,STREET,false,false,1915,019,46,3,06,1170963,1929211,02/10/2018 03:50:01 PM,41.961232709,-87.64683388
8795573,HV469523,09/07/2012 11:00:00 AM,016XX N LOREL AVE,0890,THEFT,FROM BUILDING,APARTMENT,false,false,2532,025,37,25,06,1140484,1910401,02/10/2018 03:50:01 PM,41.910231548,-87.759354985
8795592,HV469621,09/07/2012 03:45:00 PM,008XX W NORTH AVE,0460,BATTERY,SIMPLE,CTA BUS STOP,false,false,1813,018,43,7,08B,1170635,1910871,02/10/2018 03:50:01 PM,41.910914175,-87.648578343
8795604,HV465261,09/07/2012 10:15:00 AM,042XX W ARMITAGE AVE,1200,DECEPTIVE PRACTICE,STOLEN PROP: BUY/RECEIVE/POS.,SMALL RETAIL STORE,false,false,2522,025,30,20,13,1147980,1912955,02/10/2018 03:50:01 PM,41.917099024,-87.731751521
8795639,HV469716,09/07/2012 08:00:00 PM,082XX S DANTE AVE,1320,CRIMINAL DAMAGE,TO VEHICLE,STREET,false,false,0411,004,8,45,14,1187283,1850656,02/10/2018 03:50:01 PM,41.745299703,-87.589336163
8795642,HV469689,09/07/2012 02:00:00 PM,030XX N CLYBOURN AVE,2820,OTHER OFFENSE,TELEPHONE THREAT,APARTMENT,false,false,1931,019,1,5,26,1160862,1920189,02/10/2018 03:50:01 PM,41.936691891,-87.684221705
8795652,HV469583,09/07/2012 10:00:00 AM,072XX S ALBANY AVE,0486,BATTERY,DOMESTIC BATTERY SIMPLE,RESIDENCE,false,true,0831,008,18,66,08B,1156956,1856510,02/10/2018 03:50:01 PM,41.762029825,-87.700301941
8795658,HV465194,09/07/2012 11:40:00 AM,065XX S KEATING AVE,0630,BURGLARY,ATTEMPT FORCIBLE ENTRY,RESIDENCE-GARAGE,false,false,0833,008,13,64,05,1145839,1860812,02/10/2018 03:50:01 PM,41.774052531,-87.740939091
8795676,HV465215,09/07/2012 11:52:00 AM,098XX S PRAIRIE AVE,2825,OTHER OFFENSE,HARASSMENT BY TELEPHONE,RESIDENCE,false,false,0511,005,6,49,26,1179654,1839786,02/10/2018 03:50:01 PM,41.715648695,-87.617621028
8795682,HV465228,09/07/2012 12:00:00 PM,055XX S WOOD ST,1310,CRIMINAL DAMAGE,TO PROPERTY,RESIDENCE,false,false,0715,007,15,67,14,1165295,1867893,02/10/2018 03:50:01 PM,41.793093798,-87.669416254
8795736,HV465274,09/07/2012 12:30:00 PM,016XX E 74TH ST,1150,DECEPTIVE PRACTICE,CREDIT CARD FRAUD,RESIDENCE,false,false,0324,003,8,43,11,1188509,1856244,02/10/2018 03:50:01 PM,41.760604513,-87.584665787
8795739,HV469828,09/07/2012 04:00:00 PM,058XX S KEDZIE AVE,1130,DECEPTIVE PRACTICE,FRAUD OR CONFIDENCE GAME,OTHER,false,false,0822,008,14,63,11,1156051,1865663,02/10/2018 03:50:01 PM,41.787165261,-87.703373171
8795741,HV465364,09/07/2012 01:40:00 PM,085XX S COTTAGE GROVE AVE,1150,DECEPTIVE PRACTICE,CREDIT CARD FRAUD,RESIDENCE,false,false,0632,006,6,44,11,1183056,1848421,02/10/2018 03:50:01 PM,41.739265865,-87.604893749
8795756,HV469722,09/07/2012 10:00:00 AM,076XX S CICERO AVE,0820,THEFT,$500 AND UNDER,POLICE FACILITY/VEH PARKING LOT,false,false,0833,008,13,65,06,1145727,1853720,02/10/2018 03:50:01 PM,41.754592961,-87.741528537
8795784,HV465328,09/07/2012 01:20:00 PM,009XX W ROSCOE ST,0820,THEFT,$500 AND UNDER,RESIDENTIAL YARD (FRONT/BACK),false,false,1924,019,44,6,06,1169501,1922763,02/10/2018 03:50:01 PM,41.943571175,-87.652397293
8795791,HV465638,09/07/2012 04:30:00 PM,061XX N CLAREMONT AVE,0820,THEFT,$500 AND UNDER,RESIDENCE,false,false,2413,024,50,2,06,1159540,1940668,02/10/2018 03:50:01 PM,41.992914681,-87.688513816
8795792,HV465649,09/07/2012 05:00:00 PM,020XX N ORCHARD ST,0820,THEFT,$500 AND UNDER,STREET,false,false,1812,018,43,7,06,1171278,1913694,02/10/2018 03:50:01 PM,41.918646522,-87.64613311
8795846,HV469879,09/07/2012 11:15:00 AM,106XX S EGGLESTON AVE,1150,DECEPTIVE PRACTICE,CREDIT CARD FRAUD,RESIDENCE,false,false,2233,022,34,49,11,1175170,1834382,02/10/2018 03:50:01 PM,41.700920456,-87.634204212
8795863,HV469958,09/07/2012 09:00:00 AM,061XX S THROOP ST,0910,MOTOR VEHICLE THEFT,AUTOMOBILE,STREET,false,false,0713,007,16,67,07,1168681,1863932,02/10/2018 03:50:01 PM,41.782151916,-87.657114386
8795890,HV469971,09/07/2012 09:45:00 PM,046XX N FRANCISCO AVE,0810,THEFT,OVER $500,CTA PLATFORM,false,false,1713,017,33,14,06,1156204,1930784,02/10/2018 03:50:01 PM,41.965860757,-87.701053221
8795904,HV645527,09/07/2012 03:15:00 PM,009XX W KINZIE ST,0820,THEFT,$500 AND UNDER,STREET,false,false,1323,012,27,24,06,1169805,1902878,02/10/2018 03:50:01 PM,41.888999032,-87.651860697
8795913,HV470122,09/07/2012 10:00:00 PM,047XX S VINCENNES AVE,0560,ASSAULT,SIMPLE,APARTMENT,false,false,0223,002,3,38,08A,1180398,1873719,02/10/2018 03:50:01 PM,41.808747436,-87.613856692
8795923,HV470126,09/07/2012 12:00:00 PM,006XX N TALMAN AVE,0560,ASSAULT,SIMPLE,RESIDENCE,false,false,1313,012,26,24,08A,1158706,1904321,02/10/2018 03:50:01 PM,41.893193399,-87.692580974
8796101,HV465765,09/07/2012 05:09:00 PM,075XX S WENTWORTH AVE,0620,BURGLARY,UNLAWFUL ENTRY,APARTMENT,false,false,0623,006,6,69,05,1176255,1854980,02/10/2018 03:50:01 PM,41.757419827,-87.629614722
8796106,HV469724,09/07/2012 06:00:00 PM,023XX S SAWYER AVE,0486,BATTERY,DOMESTIC BATTERY SIMPLE,RESIDENCE,false,true,1024,010,24,30,08B,1155063,1888251,02/10/2018 03:50:01 PM,41.849169501,-87.706391482
8796173,HV470365,09/07/2012 07:00:00 PM,003XX N LATROBE AVE,0281,CRIM SEXUAL ASSAULT,NON-AGGRAVATED,OTHER,false,false,1523,015,28,25,02,1141315,1901765,02/10/2018 03:50:01 PM,41.886518048,-87.756515478
8796274,HV466224,09/07/2012 05:00:00 PM,115XX S VINCENNES AVE,2826,OTHER OFFENSE,HARASSMENT BY ELECTRONIC MEANS,RESIDENCE,false,false,2234,022,34,75,26,1165985,1828214,02/10/2018 03:50:01 PM,41.684194102,-87.66801093
8796304,HV470368,09/07/2012 09:00:00 AM,069XX N RIDGE BLVD,5000,OTHER OFFENSE,OTHER CRIME AGAINST PERSON,APARTMENT,false,false,2424,024,49,1,26,1161571,1945738,02/10/2018 03:50:01 PM,42.006784706,-87.680900968
8796371,HV464754,09/07/2012 12:00:00 AM,132XX S ST LAWRENCE AVE,0486,BATTERY,DOMESTIC BATTERY SIMPLE,CHA APARTMENT,false,false,0533,005,9,54,08B,1182588,1817691,02/10/2018 03:50:01 PM,41.654949527,-87.607557135
8796379,HV466149,09/07/2012 10:20:00 PM,087XX S VINCENNES AVE,0420,BATTERY,AGGRAVATED:KNIFE/CUTTING INSTR,SIDEWALK,false,false,2222,022,21,71,04B,1172035,1847022,02/10/2018 03:50:01 PM,41.735675715,-87.645313581
8796714,HV470813,09/07/2012 09:30:00 PM,062XX N ARTESIAN AVE,1320,CRIMINAL DAMAGE,TO VEHICLE,CHURCH/SYNAGOGUE/PLACE OF WORSHIP,false,false,2413,024,50,2,14,1158858,1941252,02/10/2018 03:50:01 PM,41.994531264,-87.691006347
8796835,HV470797,09/07/2012 07:00:00 AM,055XX S JUSTINE ST,0820,THEFT,$500 AND UNDER,STREET,false,false,0713,007,16,67,06,1166953,1867986,02/10/2018 03:50:01 PM,41.793313704,-87.66333388
8796873,HV465280,09/07/2012 12:15:00 PM,019XX W GARFIELD BLVD,1320,CRIMINAL DAMAGE,TO VEHICLE,STREET,false,false,0715,007,15,67,14,1164546,1868062,02/10/2018 03:50:01 PM,41.793573395,-87.672157998
8797298,HV471100,09/07/2012 08:00:00 AM,093XX S GREEN ST,1122,DECEPTIVE PRACTICE,COUNTERFEIT CHECK,RESIDENCE,false,false,2223,022,21,73,10,1172288,1842899,02/10/2018 03:50:01 PM,41.724356076,-87.644507567
8797429,HV471091,09/07/2012 09:00:00 AM,016XX W 63RD ST,0840,THEFT,FINANCIAL ID THEFT: OVER $300,APARTMENT,false,false,0725,007,15,67,06,1166279,1862921,02/10/2018 03:50:01 PM,41.779429103,-87.665949542
8797534,HV471455,09/07/2012 12:00:00 AM,091XX S COMMERCIAL AVE,0890,THEFT,FROM BUILDING,OTHER,false,false,0424,004,10,46,06,1197731,1844980,02/10/2018 03:50:01 PM,41.729470047,-87.551242708
8797568,HV465734,09/07/2012 03:30:00 PM,002XX W MONROE ST,0860,THEFT,RETAIL THEFT,SMALL RETAIL STORE,false,false,0122,001,2,32,06,1174639,1899876,02/10/2018 03:50:01 PM,41.880654649,-87.634198338
8797629,HV471637,09/07/2012 11:15:00 PM,054XX N KEDZIE AVE,0910,MOTOR VEHICLE THEFT,AUTOMOBILE,STREET,false,false,1712,017,40,13,07,1154064,1935892,02/10/2018 03:50:01 PM,41.97992047,-87.708784692
8797671,HV471712,09/07/2012 07:00:00 PM,074XX N GREENVIEW AVE,0917,MOTOR VEHICLE THEFT,"CYCLE, SCOOTER, BIKE W-VIN",STREET,false,false,2422,024,49,1,07,1164996,1949675,02/10/2018 03:50:01 PM,42.017515588,-87.668187337
8797713,HV466045,09/07/2012 08:20:00 PM,012XX N STATE PKWY,0810,THEFT,OVER $500,SMALL RETAIL STORE,false,false,1824,018,43,8,06,1176070,1908457,02/10/2018 03:50:01 PM,41.90416925,-87.628685126
8798033,HV472072,09/07/2012 12:01:00 AM,028XX W MONTROSE AVE,1110,DECEPTIVE PRACTICE,BOGUS CHECK,OTHER,false,false,1724,017,33,16,11,1156433,1929101,02/10/2018 03:50:01 PM,41.961237867,-87.700256951
8798393,HV466645,09/07/2012 06:00:00 PM,053XX N AUSTIN AVE,0610,BURGLARY,FORCIBLE ENTRY,RESIDENCE-GARAGE,false,false,1622,016,45,11,05,1135212,1935005,02/10/2018 03:50:01 PM,41.977842713,-87.778137124
8798514,HV470161,09/07/2012 08:00:00 AM,0000X S T POINT ST,0890,THEFT,FROM BUILDING,AIRPORT TERMINAL LOWER LEVEL - SECURE AREA,false,false,0813,008,23,56,06,1145987,1866035,02/10/2018 03:50:01 PM,41.788382511,-87.740264487
8798880,HV472409,09/07/2012 12:38:00 PM,003XX W MONROE ST,1122,DECEPTIVE PRACTICE,COUNTERFEIT CHECK,BANK,false,false,0122,001,2,32,10,1174204,1899865,02/10/2018 03:50:01 PM,41.880634177,-87.635795932
8799237,HV473007,09/07/2012 12:00:00 PM,015XX E 85TH PL,0841,THEFT,FINANCIAL ID THEFT:$300 &UNDER,RESIDENCE,false,false,0412,004,8,45,06,1187974,1848595,02/10/2018 03:50:01 PM,41.739627693,-87.586869767
8799323,HV473205,09/07/2012 12:00:00 PM,057XX S STONY ISLAND AVE,0890,THEFT,FROM BUILDING,"SCHOOL, PUBLIC, BUILDING",false,false,0235,002,5,41,06,1187859,1867200,02/10/2018 03:50:01 PM,41.79068418,-87.58669941
8799397,HV473031,09/07/2012 12:00:00 AM,087XX S STONY ISLAND AVE,1242,DECEPTIVE PRACTICE,COMPUTER FRAUD,BANK,false,false,0412,004,8,48,11,1188320,1847443,02/10/2018 03:50:01 PM,41.736458248,-87.585638764
8799739,HV472546,09/07/2012 05:00:00 PM,078XX S SOUTH SHORE DR,2820,OTHER OFFENSE,TELEPHONE THREAT,RESIDENCE,false,true,0421,004,7,43,26,1197688,1854219,02/10/2018 03:50:01 PM,41.754823635,-87.551092573
8799891,HV464739,09/07/2012 12:48:35 AM,055XX N KEDZIE AVE,5011,OTHER OFFENSE,LICENSE VIOLATION,OTHER,false,false,1712,017,40,13,26,1154044,1936693,02/10/2018 03:50:01 PM,41.982118858,-87.708836767
8800243,HV473797,09/07/2012 03:00:00 PM,088XX S WABASH AVE,0890,THEFT,FROM BUILDING,VACANT LOT/LAND,false,false,0632,006,6,44,06,1178255,1846475,02/10/2018 03:50:01 PM,41.734035971,-87.622542525
8800337,HV473901,09/07/2012 10:00:00 AM,047XX S WASHTENAW AVE,0820,THEFT,$500 AND UNDER,OTHER,false,false,0922,009,14,58,06,1159167,1873141,02/10/2018 03:50:01 PM,41.80762267,-87.691743458
8800576,HV465143,09/07/2012 09:43:22 AM,066XX S OAKLEY AVE,2028,NARCOTICS,POSS: SYNTHETIC DRUGS,RESIDENCE,true,false,0832,008,15,66,18,1162215,1860606,02/10/2018 03:50:01 PM,41.773162011,-87.680913074
8800629,HV474018,09/07/2012 09:00:00 AM,035XX S DR MARTIN LUTHER KING JR DR,0820,THEFT,$500 AND UNDER,PARKING LOT/GARAGE(NON.RESID.),false,false,0212,002,4,35,06,1179445,1881329,02/10/2018 03:50:01 PM,41.829651726,-87.617119406
8800716,HV473820,09/07/2012 08:00:00 AM,013XX W EDDY ST,0810,THEFT,OVER $500,RESIDENCE-GARAGE,false,false,1924,019,44,6,06,1166746,1923688,02/10/2018 03:50:01 PM,41.946169026,-87.662496696
8800829,HV474107,09/07/2012 09:00:00 AM,011XX N MASSASOIT AVE,1152,DECEPTIVE PRACTICE,ILLEGAL USE CASH CARD,RESIDENCE,false,false,1511,015,29,25,11,1137809,1907081,02/10/2018 03:50:01 PM,41.901169769,-87.769262238
8800856,HV474172,09/07/2012 04:00:00 PM,067XX S STONY ISLAND AVE,1110,DECEPTIVE PRACTICE,BOGUS CHECK,BANK,false,false,0332,003,5,43,11,1188025,1860797,02/10/2018 03:50:01 PM,41.773109884,-87.586294711
8800880,HV474337,09/07/2012 03:00:00 PM,020XX W 71ST ST,0841,THEFT,FINANCIAL ID THEFT:$300 &UNDER,RESIDENCE,false,false,0735,007,17,67,06,1163804,1857569,02/10/2018 03:50:01 PM,41.764794839,-87.675173355
8800914,HV474137,09/07/2012 10:00:00 AM,046XX N KENMORE AVE,0820,THEFT,$500 AND UNDER,RESIDENCE-GARAGE,false,false,1914,019,46,3,06,1168402,1931017,02/10/2018 03:50:01 PM,41.96624435,-87.656196958
8801444,HV475019,09/07/2012 08:00:00 AM,019XX W WILSON AVE,0890,THEFT,FROM BUILDING,MEDICAL/DENTAL OFFICE,false,false,1912,019,47,4,06,1162458,1930557,02/10/2018 03:50:01 PM,41.965108914,-87.678064882
8801450,HV466194,09/07/2012 08:38:00 PM,064XX S PARNELL AVE,143A,WEAPONS VIOLATION,UNLAWFUL POSS OF HANDGUN,RESIDENCE,true,false,0722,007,20,68,15,1173723,1862286,02/10/2018 03:50:01 PM,41.777524813,-87.638677862
8801810,HV475177,09/07/2012 03:30:00 PM,068XX S PERRY AVE,0890,THEFT,FROM BUILDING,RESIDENCE,false,false,0722,007,6,69,06,1176578,1859650,02/10/2018 03:50:01 PM,41.770227581,-87.628290698
8801811,HV475139,09/07/2012 11:00:00 PM,060XX S VERNON AVE,0460,BATTERY,SIMPLE,COMMERCIAL / BUSINESS OFFICE,false,false,0313,003,20,42,08B,1180307,1865162,02/10/2018 03:50:01 PM,41.785268355,-87.614452924
8801868,HV465478,09/07/2012 02:08:18 PM,015XX S KOSTNER AVE,2024,NARCOTICS,POSS: HEROIN(WHITE),APARTMENT,true,false,1012,010,24,29,18,1147304,1892104,02/10/2018 03:50:01 PM,41.859894538,-87.734769543
8802103,HV475305,09/07/2012 02:00:00 AM,050XX N SHERIDAN RD,4230,KIDNAPPING,UNLAWFUL RESTRAINT,VEHICLE-COMMERCIAL,true,false,2024,020,46,3,26,1168720,1933829,02/10/2018 03:50:01 PM,41.97395366,-87.654945865
8802298,HV474249,09/07/2012 12:00:00 PM,008XX W LAKESIDE PL,0820,THEFT,$500 AND UNDER,PARKING LOT/GARAGE(NON.RESID.),false,false,1914,019,46,3,06,1169791,1931757,02/10/2018 03:50:01 PM,41.968244695,-87.651068215
8802472,HV474438,09/07/2012 03:00:00 PM,110XX S MILLARD AVE,0840,THEFT,FINANCIAL ID THEFT: OVER $300,RESIDENCE,false,false,2211,022,19,74,06,1153978,1831125,02/10/2018 03:50:01 PM,41.692428508,-87.711888482
8802996,HV476447,09/07/2012 05:30:00 AM,018XX S MILLARD AVE,0820,THEFT,$500 AND UNDER,RESIDENCE,false,false,1014,010,24,29,06,1152333,1890732,02/10/2018 03:50:01 PM,41.856031917,-87.716345521
8803246,HV476668,09/07/2012 11:30:00 PM,019XX W CHICAGO AVE,0820,THEFT,$500 AND UNDER,STREET,false,false,1324,012,1,24,06,1163166,1905351,02/10/2018 03:50:01 PM,41.895927235,-87.676172074
8803384,HV476744,09/07/2012 10:00:00 AM,039XX S WESTERN BLVD,2825,OTHER OFFENSE,HARASSMENT BY TELEPHONE,OTHER,false,true,0921,009,12,61,26,1161177,1878328,02/10/2018 03:50:01 PM,41.821815012,-87.684227591
8803668,HV477115,09/07/2012 08:00:00 AM,008XX W DIVISION ST,0810,THEFT,OVER $500,VEHICLE NON-COMMERCIAL,false,false,1822,018,32,8,06,1170694,1908217,02/10/2018 03:50:01 PM,41.903630157,-87.648439447
8804684,HV478602,09/07/2012 04:30:00 PM,122XX S BISHOP ST,1310,CRIMINAL DAMAGE,TO PROPERTY,RESIDENCE,false,false,0524,005,34,53,14,1168884,1823561,02/10/2018 03:50:01 PM,41.671363545,-87.657532144
8805204,HV464847,09/07/2012 04:40:00 AM,0000X W CHECKPOINT 7A ST,5007,OTHER OFFENSE,OTHER WEAPONS VIOLATION,AIRPORT TERMINAL UPPER LEVEL - SECURE AREA,false,false,1653,016,41,76,26,1101667,1934359,02/10/2018 03:50:01 PM,41.976600326,-87.901514402
8805220,HV464863,09/07/2012 05:35:00 AM,0000X W TERMINAL ST,2093,NARCOTICS,FOUND SUSPECT NARCOTICS,AIRPORT TERMINAL UPPER LEVEL - NON-SECURE AREA,true,false,1652,016,41,76,26,1100726,1934289,02/10/2018 03:50:01 PM,41.9764212,-87.904976266
8805279,HV464767,09/07/2012 12:31:56 AM,024XX S CALIFORNIA AVE,1812,NARCOTICS,POSS: CANNABIS MORE THAN 30GMS,RESIDENCE,false,false,1033,010,12,30,18,1158087,1887574,02/10/2018 03:50:01 PM,41.84725062,-87.695311491
8805306,HV465058,09/07/2012 10:00:00 AM,0000X W TERMINAL ST,5007,OTHER OFFENSE,OTHER WEAPONS VIOLATION,AIRPORT TERMINAL UPPER LEVEL - SECURE AREA,false,false,1651,016,41,76,26,1100317,1935229,02/10/2018 03:50:01 PM,41.979006297,-87.906463155
8805406,HV469864,09/07/2012 10:00:00 AM,100XX W OHARE ST,2091,NARCOTICS,FORFEIT PROPERTY,AIRPORT/AIRCRAFT,true,false,1651,016,41,76,26,1100658,1934241,02/10/2018 03:50:01 PM,41.976290414,-87.905227221
8805530,HV479420,09/07/2012 08:00:00 AM,041XX W 28TH ST,1310,CRIMINAL DAMAGE,TO PROPERTY,"SCHOOL, PRIVATE, BUILDING",false,false,1031,010,22,30,14,1149381,1885062,02/10/2018 03:50:01 PM,41.840530413,-87.727327798
8805539,HV466017,09/07/2012 07:49:54 PM,070XX S PEORIA ST,2024,NARCOTICS,POSS: HEROIN(WHITE),RESIDENCE,true,false,0733,007,17,68,18,1171518,1858234,02/10/2018 03:50:01 PM,41.766454231,-87.646879946
8805891,HV465175,09/07/2012 11:15:00 AM,070XX S PARNELL AVE,0820,THEFT,$500 AND UNDER,STREET,false,false,0732,007,6,68,06,1173835,1858293,02/10/2018 03:50:01 PM,41.766565077,-87.638385555
8806140,HV479707,09/07/2012 12:01:00 AM,065XX S RICHMOND ST,2825,OTHER OFFENSE,HARASSMENT BY TELEPHONE,APARTMENT,false,true,0831,008,15,66,26,1157839,1861133,02/10/2018 03:50:01 PM,41.774698153,-87.696940243
8806421,HV480190,09/07/2012 03:00:00 PM,014XX W TOUHY AVE,0820,THEFT,$500 AND UNDER,SIDEWALK,false,false,2423,024,49,1,06,1165400,1947950,02/10/2018 03:50:01 PM,42.012773538,-87.666750143
8806447,HV480051,09/07/2012 10:00:00 PM,067XX S PAXTON AVE,0486,BATTERY,DOMESTIC BATTERY SIMPLE,APARTMENT,false,true,0331,003,5,43,08B,1192040,1860612,02/10/2018 03:50:01 PM,41.772505586,-87.57158298
8807375,HV480797,09/07/2012 08:00:00 AM,012XX S TROY ST,0820,THEFT,$500 AND UNDER,APARTMENT,false,false,1022,010,24,29,06,1155557,1894190,02/10/2018 03:50:01 PM,41.865456866,-87.704418782
8808533,HV476084,09/07/2012 09:00:00 AM,018XX N MARSHFIELD AVE,0910,MOTOR VEHICLE THEFT,AUTOMOBILE,STREET,false,false,1433,014,32,22,07,1165056,1912335,02/10/2018 03:50:01 PM,41.915051878,-87.669031879
8809116,HV466713,09/07/2012 06:30:00 PM,009XX W BARRY AVE,0810,THEFT,OVER $500,VEHICLE NON-COMMERCIAL,false,false,1933,019,44,6,06,1169267,1920768,02/10/2018 03:50:01 PM,41.938101906,-87.653315529
8809649,HV467474,09/07/2012 03:00:00 PM,074XX N WOLCOTT AVE,0460,BATTERY,SIMPLE,"SCHOOL, PUBLIC, BUILDING",false,false,2424,024,49,1,08B,1162425,1949482,02/10/2018 03:50:01 PM,42.017040425,-87.677653464
8810596,HV465595,09/07/2012 03:30:00 PM,0000X W M21 ST,0820,THEFT,$500 AND UNDER,AIRPORT TERMINAL UPPER LEVEL - SECURE AREA,true,false,1655,016,41,76,06,1106176,1933434,02/10/2018 03:50:01 PM,41.973998431,-87.884950153
8810783,HV466597,09/07/2012 07:30:00 PM,026XX N HALSTED ST,1320,CRIMINAL DAMAGE,TO VEHICLE,STREET,false,false,1935,019,43,7,14,1170484,1917890,02/10/2018 03:50:01 PM,41.930177971,-87.64892727
8810789,HV466503,09/07/2012 03:00:00 PM,054XX S PAULINA ST,0820,THEFT,$500 AND UNDER,STREET,false,false,0932,009,16,61,06,1165934,1868706,02/10/2018 03:50:01 PM,41.795311203,-87.66705
8810861,HV465397,09/07/2012 02:00:00 PM,041XX W 59TH ST,0486,BATTERY,DOMESTIC BATTERY SIMPLE,RESIDENCE,false,false,0813,008,13,62,08B,1149608,1865154,02/10/2018 03:50:01 PM,41.7858956,-87.727010234
8810907,HV465518,09/07/2012 03:15:00 PM,053XX W DIVISION ST,5011,OTHER OFFENSE,LICENSE VIOLATION,GROCERY FOOD STORE,false,false,2532,025,37,25,26,1140275,1907473,02/10/2018 03:50:01 PM,41.902200612,-87.760194649
8811217,HV484219,09/07/2012 09:00:00 AM,030XX N OCONTO AVE,2826,OTHER OFFENSE,HARASSMENT BY ELECTRONIC MEANS,RESIDENCE,false,false,2511,025,36,17,26,1127223,1919392,02/10/2018 03:50:01 PM,41.935137197,-87.80786928
8811680,HV466033,09/07/2012 05:00:00 PM,101XX S EMERALD AVE,0486,BATTERY,DOMESTIC BATTERY SIMPLE,RESIDENCE,false,false,2232,022,34,73,08B,1173095,1837719,02/10/2018 03:50:01 PM,41.710123655,-87.641703975
8812414,HV485385,09/07/2012 09:00:00 AM,016XX S TRUMBULL AVE,0910,MOTOR VEHICLE THEFT,AUTOMOBILE,RESIDENTIAL YARD (FRONT/BACK),false,false,1021,010,24,29,07,1153637,1891625,02/10/2018 03:50:01 PM,41.858456599,-87.711535419
8812503,HV485362,09/07/2012 12:00:00 AM,014XX W 63RD ST,0820,THEFT,$500 AND UNDER,OTHER,false,false,0713,007,16,67,06,1167639,1862965,02/10/2018 03:50:01 PM,41.779520772,-87.660962362
8812950,HV486069,09/07/2012 09:00:00 AM,045XX S LEAMINGTON AVE,0610,BURGLARY,FORCIBLE ENTRY,RESIDENCE-GARAGE,false,false,0814,008,23,56,05,1142786,1874128,02/10/2018 03:50:01 PM,41.810651014,-87.7518008
8813036,HV485790,09/07/2012 10:30:00 AM,055XX W ADAMS ST,0910,MOTOR VEHICLE THEFT,AUTOMOBILE,RESIDENTIAL YARD (FRONT/BACK),false,false,1522,015,29,25,07,1139583,1898784,02/10/2018 03:50:01 PM,41.878369572,-87.762948663
8813770,HV486714,09/07/2012 10:30:00 PM,027XX N LINCOLN AVE,1365,CRIMINAL TRESPASS,TO RESIDENCE,RESIDENCE,false,false,1935,019,32,7,26,1168156,1918416,02/10/2018 03:50:01 PM,41.931672016,-87.657466806
8813989,HV487171,09/07/2012 04:00:00 PM,025XX S TROY ST,0610,BURGLARY,FORCIBLE ENTRY,RESIDENCE,false,false,1033,010,12,30,05,1155769,1886928,02/10/2018 03:50:01 PM,41.845524863,-87.703835964
8814429,HV466543,09/07/2012 10:00:00 PM,025XX W 110TH PL,1310,CRIMINAL DAMAGE,TO PROPERTY,RESIDENCE-GARAGE,false,false,2212,022,19,75,14,1161369,1831268,02/10/2018 03:50:01 PM,41.692671414,-87.684824648
8814471,HV466539,09/07/2012 10:00:00 PM,025XX W 110TH PL,0610,BURGLARY,FORCIBLE ENTRY,RESIDENCE-GARAGE,false,false,2212,022,19,75,05,1161357,1831268,02/10/2018 03:50:01 PM,41.692671662,-87.684868582
8816571,HV490041,09/07/2012 09:45:00 AM,011XX S SACRAMENTO BLVD,0610,BURGLARY,FORCIBLE ENTRY,APARTMENT,false,false,1135,011,28,29,05,1156531,1895026,02/10/2018 03:50:01 PM,41.867731301,-87.700820561
8817917,HV465625,09/07/2012 04:20:00 PM,052XX W GIDDINGS ST,2825,OTHER OFFENSE,HARASSMENT BY TELEPHONE,RESIDENCE,false,false,1623,016,45,15,26,1140602,1931031,02/10/2018 03:50:01 PM,41.966840153,-87.758413228
8819592,HV492562,09/07/2012 02:00:00 PM,003XX W KINZIE ST,0860,THEFT,RETAIL THEFT,SMALL RETAIL STORE,false,false,1831,018,42,8,06,1173957,1902914,02/10/2018 03:50:01 PM,41.889006322,-87.63661199
8819692,HV493022,09/07/2012 08:00:00 PM,063XX S STONY ISLAND AVE,0890,THEFT,FROM BUILDING,OTHER,false,false,0314,003,20,42,06,1187960,1863364,02/10/2018 03:50:01 PM,41.780155491,-87.586451255
8820405,HV465769,09/07/2012 05:26:00 PM,073XX S GREENWOOD AVE,0560,ASSAULT,SIMPLE,APARTMENT,false,false,0324,003,5,69,08A,1184821,1856639,02/10/2018 03:50:01 PM,41.761775714,-87.598169906
8825405,HV498687,09/07/2012 12:00:00 PM,004XX E 78TH ST,1130,DECEPTIVE PRACTICE,FRAUD OR CONFIDENCE GAME,RESIDENCE,false,false,0624,006,6,69,11,1180402,1853385,02/10/2018 03:50:01 PM,41.75294888,-87.614465513
8827121,HV499968,09/07/2012 04:00:00 AM,011XX N STATE ST,1150,DECEPTIVE PRACTICE,CREDIT CARD FRAUD,OTHER,false,false,1824,018,42,8,11,1176168,1907665,02/10/2018 03:50:01 PM,41.901993756,-87.628349059
8827318,HV499173,09/07/2012 09:00:00 PM,023XX N HALSTED ST,0820,THEFT,$500 AND UNDER,,false,false,1812,018,43,7,06,1170558,1915732,02/10/2018 03:50:01 PM,41.924254697,-87.648718657
8828003,HV465527,09/07/2012 03:51:00 PM,009XX W KINZIE ST,0810,THEFT,OVER $500,STREET,false,false,1323,012,27,24,06,1169805,1902878,02/10/2018 03:50:01 PM,41.888999032,-87.651860697
8828603,HV465179,09/07/2012 11:20:00 AM,0000X S KOSTNER AVE,5011,OTHER OFFENSE,LICENSE VIOLATION,GROCERY FOOD STORE,false,false,1113,011,28,26,26,1147063,1899527,02/10/2018 03:50:01 PM,41.880268755,-87.735464417
8830579,HV503071,09/07/2012 12:00:00 PM,023XX W 50TH ST,0840,THEFT,FINANCIAL ID THEFT: OVER $300,RESIDENCE,false,false,0931,009,16,63,06,1161712,1871466,02/10/2018 03:50:01 PM,41.802973747,-87.682455581
8832923,HV505285,09/07/2012 09:00:00 AM,023XX E 96TH ST,0810,THEFT,OVER $500,APARTMENT,false,false,0431,004,7,51,06,1193279,1841973,02/10/2018 03:50:01 PM,41.721328401,-87.567649233
8833618,HV505983,09/07/2012 03:00:00 PM,036XX W NORTH AVE,1562,SEX OFFENSE,AGG CRIMINAL SEXUAL ABUSE,ALLEY,false,false,2535,025,26,23,17,1151931,1910391,02/10/2018 03:50:01 PM,41.909986206,-87.717303097
8835830,HV508942,09/07/2012 06:58:00 PM,007XX W DIVERSEY PKWY,1242,DECEPTIVE PRACTICE,COMPUTER FRAUD,BANK,false,false,1934,019,44,6,11,1170691,1918825,02/10/2018 03:50:01 PM,41.932739116,-87.648139143
8835899,HV509042,09/07/2012 11:45:00 AM,114XX S UNION AVE,1120,DECEPTIVE PRACTICE,FORGERY,RESIDENCE,false,false,2233,022,34,49,10,1173693,1829060,02/10/2018 03:50:01 PM,41.686348845,-87.63976936
8837978,HV510106,09/07/2012 12:01:00 AM,001XX N PARKSIDE AVE,2825,OTHER OFFENSE,HARASSMENT BY TELEPHONE,APARTMENT,false,false,1512,015,29,25,26,1138579,1900398,02/10/2018 03:50:01 PM,41.88281685,-87.766596053
8839115,HV511917,09/07/2012 10:00:00 AM,036XX S MICHIGAN AVE,0890,THEFT,FROM BUILDING,APARTMENT,false,false,0212,002,3,35,06,1177794,1880857,02/10/2018 03:50:01 PM,41.828394132,-87.623191157
8839730,HV512581,09/07/2012 09:00:00 AM,098XX S INGLESIDE AVE,1110,DECEPTIVE PRACTICE,BOGUS CHECK,RESIDENCE,false,false,0511,005,8,50,11,1184289,1839969,02/10/2018 03:50:01 PM,41.716043886,-87.600639887
8846548,HV519966,09/07/2012 04:30:00 PM,020XX N BURLING ST,0320,ROBBERY,STRONGARM - NO WEAPON,PARK PROPERTY,true,false,1812,018,43,7,03,1170950,1913843,02/10/2018 03:50:01 PM,41.919062591,-87.647333823
8847631,HV465116,09/07/2012 10:05:00 AM,030XX W HARRISON ST,5011,OTHER OFFENSE,LICENSE VIOLATION,SMALL RETAIL STORE,false,false,1134,011,28,27,26,1156295,1897213,02/10/2018 03:50:01 PM,41.873737423,-87.701627875
8847743,HV520895,09/07/2012 12:00:00 PM,032XX W 87TH ST,1150,DECEPTIVE PRACTICE,CREDIT CARD FRAUD,GROCERY FOOD STORE,false,false,0834,008,18,70,11,1156206,1846716,02/10/2018 03:50:01 PM,41.73516861,-87.703313645
8850729,HV523608,09/07/2012 10:00:00 AM,058XX S WESTERN AVE,1121,DECEPTIVE PRACTICE,COUNTERFEITING DOCUMENT,SMALL RETAIL STORE,false,false,0824,008,16,63,10,1161370,1865896,02/10/2018 03:50:01 PM,41.787696044,-87.68386419
8857131,HV530360,09/07/2012 12:01:00 AM,042XX S PRAIRIE AVE,0842,THEFT,AGG: FINANCIAL ID THEFT,RESIDENCE,false,false,0213,002,3,38,06,1178742,1877048,02/10/2018 03:50:01 PM,41.817920375,-87.619829115
8857334,HV465322,09/07/2012 01:05:00 PM,053XX W MADISON ST,5011,OTHER OFFENSE,LICENSE VIOLATION,SMALL RETAIL STORE,false,false,1522,015,28,25,26,1140847,1899507,02/10/2018 03:50:01 PM,41.880330431,-87.758289677
8860493,HV534060,09/07/2012 12:00:00 PM,127XX S GREEN ST,4387,OTHER OFFENSE,VIOLATE ORDER OF PROTECTION,RESIDENCE,false,false,0523,005,34,53,26,1172980,1820446,02/10/2018 03:50:01 PM,41.662726335,-87.64263229
8871632,HV545076,09/07/2012 12:00:00 AM,006XX E 84TH ST,0810,THEFT,OVER $500,APARTMENT,false,false,0632,006,6,44,06,1181897,1849419,02/10/2018 03:50:01 PM,41.742031332,-87.609109309
8875608,HV549413,09/07/2012 03:46:00 PM,008XX N MARSHFIELD AVE,0890,THEFT,FROM BUILDING,RESIDENCE PORCH/HALLWAY,false,false,1322,012,1,24,06,1165243,1905654,02/10/2018 03:50:01 PM,41.896714781,-87.668535091
8884352,HV558775,09/07/2012 12:00:00 PM,078XX S CHAPPEL AVE,0610,BURGLARY,FORCIBLE ENTRY,APARTMENT,false,false,0414,004,8,43,05,1191230,1853349,02/10/2018 03:50:01 PM,41.752594973,-87.574786935
8890194,HV465431,09/07/2012 02:50:00 PM,003XX N LARAMIE AVE,5011,OTHER OFFENSE,LICENSE VIOLATION,SMALL RETAIL STORE,false,false,1523,015,28,25,26,1141648,1901787,02/10/2018 03:50:01 PM,41.886572269,-87.755292058
8902249,HV573700,09/07/2012 05:00:00 AM,047XX W PALMER ST,1365,CRIMINAL TRESPASS,TO RESIDENCE,RESIDENCE,false,false,2522,025,31,19,26,1144274,1914204,02/10/2018 03:50:01 PM,41.920596936,-87.745336057
8906006,HV578685,09/07/2012 02:30:00 PM,089XX S EMERALD AVE,0890,THEFT,FROM BUILDING,VACANT LOT/LAND,false,false,2223,022,21,71,06,1172871,1845732,02/10/2018 03:50:01 PM,41.7321174,-87.642288746
8940732,HV612121,09/07/2012 03:00:00 PM,092XX S ADA ST,4387,OTHER OFFENSE,VIOLATE ORDER OF PROTECTION,RESIDENCE,false,true,2222,022,21,73,26,1168951,1843511,02/10/2018 03:50:01 PM,41.726108119,-87.656713305
8941505,HV611945,09/07/2012 06:00:00 AM,017XX N MAYFIELD AVE,5004,SEX OFFENSE,ATT CRIM SEXUAL ABUSE,RESIDENCE,false,true,2531,025,29,25,17,1136822,1910918,02/10/2018 03:50:01 PM,41.911716715,-87.772795537
9006394,HW147968,09/07/2012 08:00:00 AM,033XX N WESTERN AVE,2090,NARCOTICS,ALTER/FORGE PRESCRIPTION,DRUG STORE,true,false,1921,019,47,5,18,1159784,1922215,02/10/2018 03:50:01 PM,41.942273693,-87.688127452
9031870,HW179753,09/07/2012 02:00:00 PM,035XX N HOYNE AVE,0890,THEFT,FROM BUILDING,"SCHOOL, PUBLIC, BUILDING",false,false,1921,019,47,5,06,1161730,1923393,02/10/2018 03:50:01 PM,41.945465776,-87.680942081
9109352,HW254037,09/07/2012 09:00:00 PM,046XX S DAMEN AVE,0810,THEFT,OVER $500,DEPARTMENT STORE,false,false,0924,009,12,61,06,1163776,1873927,02/10/2018 03:50:01 PM,41.809683886,-87.674816769
9263217,HW408113,09/07/2012 12:00:00 AM,019XX W MONTEREY AVE,4510,OTHER OFFENSE,PROBATION VIOLATION,POLICE FACILITY/VEH PARKING LOT,false,false,2212,022,19,75,26,1165742,1830843,02/10/2018 03:50:01 PM,41.691413679,-87.668826246
11131626,JA488593,09/07/2012 12:00:00 AM,052XX W VAN BUREN ST,1753,OFFENSE INVOLVING CHILDREN,SEX ASSLT OF CHILD BY FAM MBR,RESIDENCE,false,false,1522,015,29,25,02,,,10/31/2017 03:55:52 PM,,
8790803,HV464773,09/07/2012 12:10:00 AM,033XX W SCHUBERT AVE,1310,CRIMINAL DAMAGE,TO PROPERTY,APARTMENT,false,false,1412,014,35,22,14,1153464,1917756,02/09/2018 03:44:29 PM,41.93016604,-87.71147525
